003997, 0.218984, 0.311734,-3.079321
004031, 0.201990, 0.310485,-3.073486
004065, 0.184965, 0.309644,-3.113907,frame_000813.png
004099, 0.168199, 0.311907, 2.902086
004134, 0.150964, 0.315101, 2.991017
004169, 0.133610, 0.317158, 3.052489
004201, 0.117653, 0.317674,-2.991265
004235, 0.101063, 0.312097,-2.703015,frame_000847.png
004269, 0.086609, 0.304197,-2.568372
004304, 0.071651, 0.295214,-2.713836
004337, 0.056180, 0.289582,-2.836581
004371, 0.041156, 0.281713,-2.463472
004404, 0.029640, 0.269889,-2.253045
004439, 0.018401, 0.256538,-2.407732
004474, 0.008435, 0.242524,-1.851079
004508, 0.004547, 0.226010,-1.679755
004543, 0.004788, 0.208590,-1.521618
004578, 0.005651, 0.191272,-1.496860
004613, 0.006511, 0.173842,-1.502488
004646, 0.006909, 0.157475,-1.553264
004681, 0.006678, 0.140071,-1.693848
004715, 0.003377, 0.123332,-1.747860,frame_000943.png
004749, 0.001336, 0.106515,-1.539996
004783, 0.002820, 0.089602,-1.468295
004815, 0.003821, 0.073678,-1.566140,frame_000963.png
004850, 0.002916, 0.056229,-1.634342,frame_000970.png
004884, 0.003251, 0.039245,-1.493690
004918, 0.001934, 0.022404,-1.776673
004953,-0.000652, 0.005238,-1.673752
004986,-0.002304,-0.011039,-1.646807
005021,-0.001178,-0.028525,-1.399681
005056, 0.001144,-0.045891,-1.434565
005089, 0.002833,-0.062184,-1.497418
005124, 0.004134,-0.079568,-1.506032
005158, 0.005179,-0.096294,-1.483264
005193, 0.005924,-0.113639,-1.521865
005227, 0.006000,-0.130592,-1.668421
005260, 0.003143,-0.146766,-1.768723,frame_001052.png
005295, 0.002810,-0.164192,-1.449077,frame_001059.png
005330, 0.003842,-0.181478,-1.491050,frame_001066.png
005365, 0.006203,-0.198659,-1.441201,frame_001073.png
005400, 0.004214,-0.215950,-1.809463,frame_001080.png
005433, 0.001136,-0.231921,-1.702817
005468,-0.001050,-0.249153,-1.658110
005503, 0.000878,-0.266439,-1.288306
005536, 0.006824,-0.281787,-1.139148
005570, 0.014414,-0.296938,-1.071196,frame_001114.png
005605, 0.028858,-0.304868,-0.110354,frame_001121.png
005640, 0.046308,-0.305910,-0.058237,frame_001128.png
005674, 0.063313,-0.306951, 0.022353
005708, 0.080308,-0.306825, 0.055521
005741, 0.096751,-0.306285, 0.020449
005776, 0.114257,-0.306089,-0.011644
005811, 0.131752,-0.306074,-0.020516
005845, 0.148351,-0.308684,-0.278031,frame_001169.png
005879, 0.164854,-0.312517,-0.206120
005914, 0.182020,-0.315194,-0.122844
005949, 0.199320,-0.314840, 0.279703
005984, 0.215725,-0.308646, 0.416035
006018, 0.230773,-0.300731, 0.550041
006053, 0.244570,-0.289958, 0.810625
006087, 0.255616,-0.278323, 0.994199
006122, 0.265907,-0.270981, 0.989383
006156, 0.277974,-0.259393, 0.712777
006190, 0.291260,-0.248797, 0.770964,frame_001238.png
006225, 0.298920,-0.233330, 1.422626,frame_001245.png
006260, 0.300440,-0.215840, 1.494613,frame_001252.png
006294, 0.301691,-0.198714, 1.513065
006329, 0.304139,-0.181524, 1.186742
006360, 0.309149,-0.166754, 1.287542,frame_001272.png
006394, 0.313037,-0.150098, 1.409471
006429, 0.315670,-0.132592, 1.461292
006463, 0.315120,-0.115593, 1.720567
006495, 0.313088,-0.099761, 1.689458,frame_001299.png
006530, 0.312369,-0.082319, 1.452672,frame_001306.png
006562, 0.314917,-0.066564, 1.451990
006597, 0.316719,-0.049087, 1.568402
006632, 0.314759,-0.031538, 1.703901
006666, 0.313415,-0.014523, 1.473723
006701, 0.316051, 0.003046, 1.460587
006736, 0.317949, 0.020618, 1.483023
006771, 0.317164, 0.038085, 1.758094
006806, 0.314168, 0.055444, 1.712521
006841, 0.312125, 0.072823, 1.644425
006876, 0.310502, 0.090354, 1.646168
006909, 0.309088, 0.106912, 1.616372
006944, 0.308177, 0.124407, 1.582062
006976, 0.307813, 0.140556, 1.580772
007009, 0.311073, 0.156599, 1.343438
007043, 0.314320, 0.173612, 1.413457
007078, 0.316753, 0.191072, 1.441211
007111, 0.317880, 0.207681, 1.623068
007144, 0.314850, 0.223839, 1.863663
007178, 0.309885, 0.240100, 1.705716
007211, 0.311733, 0.256458, 1.350887
007245, 0.314795, 0.273212, 1.434134,frame_001449.png
007280, 0.316924, 0.290777, 1.493202,frame_001456.png
007313, 0.313553, 0.306559, 2.250992
007348, 0.297801, 0.312744, 3.043068
007380, 0.281895, 0.314709, 2.963248,frame_001476.png
007415, 0.264416, 0.317129, 3.040141,frame_001483.png
007450, 0.246961, 0.318808, 3.077159,frame_001490.png
007485, 0.229487, 0.319559,-3.055815,frame_001497.png
007520, 0.212334, 0.316415,-2.945874,frame_001504.png
007553, 0.196114, 0.314079,-3.038953
007587, 0.179252, 0.312238,-3.036177
007622, 0.161898, 0.311038, 3.083601
007657, 0.144599, 0.314345, 2.957200
007692, 0.127199, 0.316829, 3.039112
007726, 0.110254, 0.318465, 3.043839
007761, 0.092848, 0.318134,-2.887154
007796, 0.077508, 0.309910,-2.444506
007830, 0.065228, 0.298250,-2.347587,frame_001566.png
007865, 0.053857, 0.285181,-2.092726,frame_001573.png
007900, 0.046246, 0.269496,-2.018830,frame_001580.png
007935, 0.037572, 0.256879,-1.912650,frame_001587.png
007970, 0.031671, 0.243862,-1.877993,frame_001594.png
008005, 0.025311, 0.227652,-2.066795,frame_001601.png
008037, 0.016912, 0.214089,-2.141161
008071, 0.010092, 0.198576,-1.896761
008106, 0.005025, 0.181868,-1.810062
008138, 0.001801, 0.166299,-1.743515
008173,-0.000645, 0.149096,-1.700442
008206,-0.000139, 0.132775,-1.429561
008239, 0.001892, 0.116449,-1.467514
008274, 0.003451, 0.099113,-1.507657
008309, 0.004928, 0.081826,-1.477108
008344, 0.006237, 0.064349,-1.514085
008379, 0.006937, 0.046945,-1.511955
008413, 0.007322, 0.030051,-1.535211
008448, 0.006970, 0.012613,-1.747056
008482, 0.003232,-0.003811,-1.768435
008517, 0.000355,-0.020970,-1.723928
008552,-0.000652,-0.038354,-1.486162
008587, 0.001435,-0.055629,-1.462144
008622, 0.003264,-0.072903,-1.474220
008655, 0.004466,-0.089213,-1.513775,frame_001731.png
008690, 0.005404,-0.106607,-1.485083,frame_001738.png
008724, 0.006227,-0.123367,-1.521178
008758, 0.006739,-0.140071,-1.563467
008793, 0.004698,-0.157292,-1.817743
008828, 0.001219,-0.174231,-1.725782
008863,-0.001061,-0.191555,-1.695914
008897,-0.001211,-0.208438,-1.349772
008930, 0.004851,-0.224137,-1.084210,frame_001786.png
008965, 0.014363,-0.238125,-0.891346,frame_001793.png
009000, 0.024411,-0.252345,-1.151820,frame_001800.png
009034, 0.028537,-0.268791,-1.472030
009069, 0.029013,-0.286264,-1.589356
009104, 0.031506,-0.303455,-1.114904
009139, 0.045250,-0.312991,-0.166606
009172, 0.061573,-0.315460,-0.147785
009207, 0.078825,-0.316188, 0.195037
009240, 0.095270,-0.313623, 0.126519,frame_001848.png
009275, 0.112718,-0.311761, 0.082835,frame_001855.png
009306, 0.128204,-0.310522, 0.113250
009341, 0.145599,-0.309135, 0.055125
009373, 0.161682,-0.308275, 0.024977
009408, 0.179117,-0.307915, 0.042476
009443, 0.196494,-0.307022, 0.048619
009478, 0.213953,-0.306107,-0.077322
009510, 0.229521,-0.309490,-0.267100,frame_001902.png
009545, 0.246678,-0.312947,-0.170990,frame_001909.png
009580, 0.263309,-0.308673, 0.035805,frame_001916.png
009615, 0.280364,-0.304608, 0.443530,frame_001923.png
009650, 0.292396,-0.292265, 1.123134,frame_001930.png
009684, 0.296754,-0.275854, 1.390526
009719, 0.299710,-0.258410, 1.385701
009754, 0.302761,-0.241173, 1.277013
009788, 0.308381,-0.225095, 1.320467
009822, 0.312231,-0.208426, 1.378557
009857, 0.312160,-0.191059, 1.713369
009892, 0.310285,-0.173564, 1.644544
009926, 0.309172,-0.156421, 1.617509
009961, 0.308395,-0.138813, 1.602451
009996, 0.307597,-0.121163, 1.610886
010031, 0.307186,-0.103525, 1.601354
010065, 0.306634,-0.086367, 1.596281,frame_002013.png
010098, 0.306179,-0.069451, 1.587526
010132, 0.306131,-0.052500, 1.579058
010167, 0.306197,-0.035057, 1.539761
010201, 0.309761,-0.018353, 1.311268
010233, 0.313095,-0.002495, 1.396611
010268, 0.314355, 0.014950, 1.739453
010303, 0.312066, 0.032536, 1.669871
010336, 0.310655, 0.049302, 1.660711
010371, 0.309545, 0.066970, 1.642911
010405, 0.308608, 0.083996, 1.588976,frame_002081.png
010440, 0.308041, 0.101582, 1.623348,frame_002088.png
010475, 0.307461, 0.119406, 1.605489,frame_002095.png
010509, 0.307052, 0.136539, 1.595761
010543, 0.306559, 0.154195, 1.580033
010577, 0.306930, 0.171269, 1.541666
010610, 0.308073, 0.187698, 1.293390,frame_002122.png
010644, 0.312332, 0.204309, 1.391446
010679, 0.315300, 0.221794, 1.448513
010714, 0.317091, 0.239354, 1.587488
010748, 0.312238, 0.255439, 2.113908
010783, 0.300772, 0.268484, 2.440968
010818, 0.286630, 0.278732, 2.553979
010852, 0.273762, 0.289874, 2.318286
010885, 0.262143, 0.301429, 2.758567,frame_002177.png
010920, 0.244923, 0.303291, 3.136344,frame_002184.png
010955, 0.227484, 0.303726, 3.125549,frame_002191.png
010990, 0.209838, 0.304269, 3.123292,frame_002198.png
011025, 0.192338, 0.304745, 3.140764,frame_002205.png
011060, 0.174916, 0.305023, 3.139130,frame_002212.png
011095, 0.157408, 0.305327,-3.136400,frame_002219.png
011129, 0.140489, 0.306603, 2.915013
011164, 0.123334, 0.310999, 2.938455
011199, 0.106033, 0.313906, 3.066152
011234, 0.088542, 0.313783,-3.086317
011269, 0.072775, 0.307239,-2.363992
011301, 0.062199, 0.295366,-2.232887
011335, 0.052968, 0.281275,-2.095095,frame_002267.png
011369, 0.044611, 0.266693,-2.067699
011402, 0.034708, 0.255758,-2.397848
011435, 0.021190, 0.246504,-2.654010,frame_002287.png
011468, 0.007772, 0.237445,-2.060710
011503, 0.006809, 0.220320,-1.518721
011538, 0.007336, 0.202905,-1.526456
011571, 0.007539, 0.186470,-1.549075
011606, 0.007731, 0.169023,-1.538054
011641, 0.007882, 0.151613,-1.562410
011674, 0.007972, 0.135284,-1.567941
011708, 0.005627, 0.118701,-1.856381
011743, 0.001951, 0.101580,-1.729963
011777,-0.000496, 0.085130,-1.683586
011812,-0.000455, 0.067776,-1.416052
011846, 0.001621, 0.050888,-1.465005
011879, 0.003131, 0.034513,-1.496574
011913, 0.001491, 0.017764,-1.765020
011948,-0.000866, 0.000686,-1.682100
011983,-0.000478,-0.016683,-1.438592
012018, 0.001674,-0.034133,-1.453298
012053, 0.003418,-0.051440,-1.480554
012088, 0.004771,-0.068806,-1.517649
012123, 0.005699,-0.086163,-1.551435
012158, 0.005981,-0.103625,-1.646135
012192, 0.002808,-0.120774,-1.782482
012222, 0.000605,-0.135060,-1.681686
012256, 0.001846,-0.151923,-1.429620
012291, 0.003455,-0.169340,-1.539695
012324, 0.004297,-0.185760,-1.432680
012359, 0.007867,-0.202590,-1.305355
012393, 0.012609,-0.218506,-1.265372
012428, 0.019316,-0.234612,-1.115263
012463, 0.026144,-0.250706,-1.240525
012498, 0.033777,-0.266204,-0.810292
012532, 0.048074,-0.274851,-0.381755
012563, 0.062372,-0.280487,-0.310456
012595, 0.077612,-0.285208,-0.304938,frame_002519.png
012628, 0.090528,-0.293032,-0.688936
012661, 0.102998,-0.303658,-0.486301
012695, 0.119162,-0.308894,-0.247574,frame_002539.png
012729, 0.136094,-0.309155, 0.055601
012764, 0.153747,-0.308300, 0.042399
012797, 0.170321,-0.308077,-0.006697
012830, 0.186446,-0.310955,-0.260922,frame_002566.png
012862, 0.202016,-0.314057,-0.158054
012897, 0.219493,-0.316359,-0.096742
012931, 0.236334,-0.317349, 0.106279
012966, 0.252775,-0.310372, 0.500095
013001, 0.267176,-0.300359, 0.682528
013033, 0.278762,-0.289311, 0.911176
013065, 0.287175,-0.275662, 1.098792,frame_002613.png
013100, 0.294174,-0.259593, 1.281227,frame_002620.png
013131, 0.297485,-0.244427, 1.409393
013166, 0.299498,-0.226868, 1.492872
013201, 0.301292,-0.209465, 1.387326
013235, 0.306647,-0.193299, 1.270534,frame_002647.png
013270, 0.311156,-0.176155, 1.382391,frame_002654.png
013304, 0.312017,-0.159233, 1.676554
013339, 0.310626,-0.141462, 1.620320
013373, 0.310512,-0.124470, 1.458259
013406, 0.313264,-0.108123, 1.395255
013441, 0.315176,-0.090695, 1.519930
013476, 0.312719,-0.073357, 1.676826
013511, 0.310676,-0.055968, 1.635391
013544, 0.309507,-0.039400, 1.625854
013578, 0.308697,-0.022282, 1.585958
013613, 0.309646,-0.004850, 1.421183
013647, 0.312199, 0.011948, 1.510995
013681, 0.311577, 0.028941, 1.632818
013714, 0.310081, 0.045501, 1.661405
013749, 0.308751, 0.062952, 1.598703
013784, 0.307942, 0.080728, 1.577307
013819, 0.307506, 0.098320, 1.566453
013854, 0.306921, 0.116097, 1.598005
013889, 0.306679, 0.133601, 1.589937
013921, 0.307675, 0.149530, 1.269677
013955, 0.312118, 0.166003, 1.369258,frame_002791.png
013990, 0.315230, 0.183567, 1.420217,frame_002798.png
014024, 0.317325, 0.200613, 1.482427
014058, 0.317704, 0.217616, 1.790363
014091, 0.310026, 0.232132, 2.200459
014125, 0.298629, 0.245004, 2.381895,frame_002825.png
014157, 0.286553, 0.255555, 2.451675
014191, 0.273133, 0.265970, 2.603245
014226, 0.260605, 0.275186, 2.716470
014260, 0.250674, 0.281982, 2.889918,frame_002852.png
014295, 0.239408, 0.285901, 3.038524,frame_002859.png
014329, 0.224602, 0.285656,-2.997662
014364, 0.215789, 0.285149,-2.833002
014399, 0.204401, 0.284771,-2.810125
014431, 0.188671, 0.285500, 2.917939
014466, 0.171644, 0.289817, 2.887895
014499, 0.155356, 0.293059, 2.992563
014534, 0.137881, 0.295305, 3.075083
014569, 0.120324, 0.295300,-3.081030
014602, 0.103935, 0.296093, 2.901501
014636, 0.088027, 0.302090, 2.695424
014671, 0.071076, 0.306398,-3.128330
014706, 0.054305, 0.301979,-2.674389
014741, 0.039884, 0.292049,-2.436076
014776, 0.027788, 0.279551,-2.059961
014811, 0.023284, 0.262733,-1.852312
014846, 0.020361, 0.245510,-1.699929
014881, 0.018087, 0.228477,-1.703503
014916, 0.015860, 0.211230,-1.777982
014951, 0.009650, 0.195016,-1.913368
014985, 0.005057, 0.178721,-1.784614,frame_002997.png
015018, 0.002345, 0.162516,-1.583703
015053, 0.003679, 0.145176,-1.474161
015088, 0.004722, 0.127791,-1.504336
015121, 0.005688, 0.111289,-1.490869
015155, 0.006433, 0.094605,-1.523667,frame_003031.png
015190, 0.006897, 0.077209,-1.540875,frame_003038.png
015222, 0.007265, 0.061302,-1.531625
015255, 0.007453, 0.044893,-1.548187,frame_003051.png
015289, 0.008025, 0.027979,-1.521983
015322, 0.008357, 0.011548,-1.566685
015353, 0.008387,-0.003795,-1.556799
015388, 0.008191,-0.021046,-1.681740
015422, 0.004113,-0.037370,-1.786847
015457, 0.000922,-0.054519,-1.746729
015492,-0.001228,-0.071838,-1.667105
015527,-0.000529,-0.089261,-1.393688
015561, 0.001606,-0.106060,-1.438783
015594, 0.002203,-0.122426,-1.742961
015629,-0.000561,-0.139587,-1.717900
015664,-0.002458,-0.156883,-1.654370
015694,-0.003584,-0.171768,-1.605596
015727,-0.001725,-0.188072,-1.392154
015760, 0.002042,-0.204099,-1.322353,frame_003152.png
015794, 0.006262,-0.220466,-1.271549
015828, 0.014099,-0.235407,-0.931965
015863, 0.025615,-0.248483,-0.795091
015897, 0.035138,-0.262434,-1.181211
015932, 0.039401,-0.279383,-1.440949
015965, 0.041124,-0.295773,-1.391137,frame_003193.png
015995, 0.048395,-0.308229,-0.570281,frame_003199.png
016030, 0.065233,-0.312212,-0.067094,frame_003206.png
016065, 0.082771,-0.311024, 0.062982,frame_003213.png
016099, 0.099831,-0.309874, 0.049987
016134, 0.117323,-0.308867, 0.059523
016168, 0.134327,-0.308031, 0.006753
016202, 0.151270,-0.307627,-0.005777
016232, 0.166198,-0.308732,-0.160647
016266, 0.182927,-0.311455,-0.000580
016301, 0.200217,-0.308621, 0.272466
016335, 0.216795,-0.304335, 0.323622,frame_003267.png
016366, 0.231121,-0.298422, 0.553714
016399, 0.243848,-0.287835, 0.808105
016429, 0.254277,-0.279063, 0.841151
016461, 0.264344,-0.273323, 1.025085
016493, 0.276064,-0.262723, 0.522885
016527, 0.291976,-0.256960, 0.205913
016562, 0.308940,-0.252945, 0.520413
016597, 0.316111,-0.237980, 1.554769
016630, 0.315205,-0.221526, 1.673141,frame_003326.png
016664, 0.315458,-0.204547, 1.441894
016699, 0.316993,-0.186981, 1.625861
016734, 0.314375,-0.169608, 1.679469
016768, 0.312477,-0.152533, 1.646352
016801, 0.310692,-0.136084, 1.651552
016836, 0.309281,-0.118439, 1.645620
016869, 0.308447,-0.101816, 1.589322
016904, 0.307814,-0.084272, 1.602195
016939, 0.307442,-0.066495, 1.590842
016973, 0.306959,-0.049453, 1.622748
017008, 0.306574,-0.031738, 1.579435
017040, 0.306481,-0.015807, 1.571380,frame_003408.png
017075, 0.308410, 0.001519, 1.249217,frame_003415.png
017109, 0.312602, 0.018074, 1.387352
017142, 0.315328, 0.034739, 1.423903
017177, 0.317396, 0.052325, 1.490452
017212, 0.317324, 0.069710, 1.749251
017247, 0.314482, 0.087140, 1.698487
017282, 0.312331, 0.104606, 1.692231
017317, 0.310613, 0.121939, 1.616334
017352, 0.309681, 0.139483, 1.616059
017387, 0.308643, 0.156953, 1.596137
017422, 0.308617, 0.174568, 1.559550
017457, 0.311429, 0.191827, 1.344974
017491, 0.314682, 0.208669, 1.443610
017526, 0.316863, 0.226269, 1.479447
017561, 0.316766, 0.243737, 1.728435
017596, 0.312567, 0.260686, 1.872111
017630, 0.309482, 0.277374, 1.592366,frame_003526.png
017665, 0.310767, 0.294798, 1.428033,frame_003533.png
017700, 0.313143, 0.310343, 1.491950,frame_003540.png
017735, 0.313139, 0.310344, 2.389695,frame_003547.png
017768, 0.307842, 0.311206, 3.004903
017803, 0.290467, 0.311606,-2.888036
017838, 0.274860, 0.303969,-2.686512
017870, 0.259976, 0.298561,-3.045734,frame_003574.png
017904, 0.243024, 0.299802, 3.023608
017939, 0.225632, 0.301191, 3.069402
017973, 0.208571, 0.302428, 2.969920
018004, 0.193792, 0.307234, 2.860243
018039, 0.176718, 0.311553, 2.930183
018074, 0.159320, 0.313942,-3.086661
018108, 0.142474, 0.312020,-3.048186
018143, 0.125149, 0.310121,-2.974164
018174, 0.109988, 0.307282,-2.950939
018207, 0.094110, 0.302748,-2.771754
018241, 0.078669, 0.295644,-2.644301
018276, 0.066208, 0.283846,-2.261024
018311, 0.054347, 0.274940,-2.116705
018346, 0.044225, 0.266033,-2.028109
018381, 0.041427, 0.262573,-1.909731
018416, 0.035069, 0.253740,-1.828650
018451, 0.030520, 0.240936,-1.843976
018483, 0.026450, 0.225572,-1.762692
018517, 0.023199, 0.209185,-1.748177
018551, 0.020490, 0.192521,-1.717021
018585, 0.017937, 0.175872,-1.690847,frame_003717.png
018620, 0.016045, 0.158715,-1.699904,frame_003724.png
018654, 0.014723, 0.141698,-1.648563
018687, 0.013739, 0.125333,-1.640352
018718, 0.012815, 0.109945,-1.657632
018753, 0.008744, 0.093063,-1.865882
018788, 0.004665, 0.076164,-1.633377
018823, 0.005678, 0.058963,-1.499258
018858, 0.006453, 0.041574,-1.552735
018892, 0.006823, 0.024575,-1.554015
018927, 0.005247, 0.007261,-1.833681
018960, 0.001903,-0.008670,-1.738670,frame_003792.png
018995,-0.000544,-0.025992,-1.697338,frame_003799.png
019029,-0.000321,-0.042777,-1.427515
019062, 0.001734,-0.058951,-1.447774
019097, 0.002727,-0.076356,-1.667401
019132, 0.000056,-0.093514,-1.684498
019167,-0.001896,-0.110759,-1.650324
019200,-0.000930,-0.127163,-1.436771,frame_003840.png
019235, 0.001213,-0.144449,-1.458429,frame_003847.png
019270, 0.002974,-0.161879,-1.483010,frame_003854.png
019304, 0.003818,-0.178699,-1.467578
019338, 0.005967,-0.195469,-1.377707
019370, 0.008774,-0.211162,-1.401229,frame_003874.png
019405, 0.010747,-0.228439,-1.664221,frame_003881.png
019439, 0.006380,-0.244676,-1.837662
019472, 0.002828,-0.260631,-1.738496
019506, 0.000412,-0.277355,-1.612748
019541, 0.003018,-0.294528,-1.255066
019576, 0.012875,-0.308220,-0.477073
019609, 0.029000,-0.310283, 0.025934
019642, 0.045550,-0.310360, 0.047433
019677, 0.062994,-0.310842, 0.003723
019711, 0.079929,-0.312032,-0.146260
019746, 0.097303,-0.313434, 0.082940
019781, 0.114683,-0.311716, 0.072306
019816, 0.132141,-0.311485,-0.169415
019851, 0.149314,-0.314546,-0.150527
019884, 0.165659,-0.316570,-0.091156
019919, 0.183055,-0.314654, 0.160381
019953, 0.199928,-0.311130, 0.252482
019988, 0.216780,-0.305883, 0.366881
020023, 0.232733,-0.298607, 0.406551
020057, 0.249411,-0.296617,-0.137181
020092, 0.265906,-0.302195,-0.415167
020127, 0.281926,-0.305667,-0.311818
020159, 0.296652,-0.304663,-0.093982
020187, 0.310205,-0.304591,-0.378052
020221, 0.323215,-0.304745,-0.257855
020255, 0.323215,-0.304746, 0.614472,frame_004051.png
020290, 0.323233,-0.304749, 1.512327,frame_004058.png
020325, 0.321925,-0.288971, 1.685028,frame_004065.png
020359, 0.316905,-0.272831, 2.035359
020392, 0.308802,-0.258406, 1.924947
020426, 0.309950,-0.241652, 1.328666
020461, 0.313670,-0.224245, 1.378519
020496, 0.316259,-0.206579, 1.470127
020531, 0.317545,-0.189068, 1.632042
020565, 0.314997,-0.172181, 1.714751,frame_004113.png
020598, 0.312959,-0.155082, 1.688964
020632, 0.315018,-0.138713, 1.413789
020667, 0.317445,-0.121196, 1.443746
020702, 0.318995,-0.103655, 1.509211
020737, 0.318581,-0.086180, 1.825268
020771, 0.315273,-0.069414, 1.734199
020806, 0.312855,-0.052064, 1.687062
020841, 0.311499,-0.034513, 1.575016
020876, 0.313548,-0.017102, 1.397361
020911, 0.315113, 0.000460, 1.663805
020944, 0.312925, 0.016703, 1.692066
020978, 0.311447, 0.033806, 1.638896
021009, 0.309899, 0.049280, 1.638888
021043, 0.308817, 0.066463, 1.589276
021078, 0.308265, 0.083982, 1.597522
021112, 0.307479, 0.101025, 1.608012
021145, 0.307179, 0.117668, 1.589087,frame_004229.png
021180, 0.306543, 0.135402, 1.588076,frame_004236.png
021213, 0.306125, 0.152154, 1.575919
021247, 0.306458, 0.169100, 1.505663
021281, 0.306754, 0.186119, 1.541514
021316, 0.310352, 0.203337, 1.318516
021351, 0.313851, 0.220609, 1.402935
021386, 0.315652, 0.238161, 1.600731
021420, 0.313017, 0.254903, 1.828658,frame_004284.png
021454, 0.308775, 0.271361, 1.693947
021488, 0.309316, 0.288302, 1.410271
021521, 0.312657, 0.304482, 1.391042
021553, 0.313702, 0.310042, 1.938828
021588, 0.313707, 0.310046, 2.836895
021622, 0.299133, 0.312709, 2.947650
021657, 0.281787, 0.315578, 3.030605
021691, 0.264915, 0.317425, 3.060047
021723, 0.248980, 0.317512,-2.969010
021758, 0.231846, 0.314740,-3.005377
021793, 0.214554, 0.313129, 3.074661
021827, 0.197665, 0.315902, 3.005677
021862, 0.180294, 0.317992, 3.049122
021896, 0.163251, 0.319337, 3.063729
021930, 0.146340, 0.318679,-2.913483,frame_004386.png
021964, 0.129754, 0.315620,-2.997308
021998, 0.113096, 0.312282,-2.926793
022033, 0.096754, 0.306205,-2.678001
022068, 0.081685, 0.297222,-2.519431
022102, 0.069188, 0.286041,-2.370754
022134, 0.057907, 0.277276,-2.278979
022167, 0.052176, 0.273377,-2.157084
022201, 0.040241, 0.263955,-2.549003
022235, 0.024730, 0.257350,-2.894976,frame_004447.png
022270, 0.007722, 0.253489,-2.689354,frame_004454.png
022305,-0.000705, 0.239425,-1.608736,frame_004461.png
022338, 0.000446, 0.223037,-1.457596
022371, 0.001060, 0.206653,-1.734370
022406,-0.001342, 0.189408,-1.669594
022441,-0.002974, 0.172085,-1.635993
022474,-0.002084, 0.155789,-1.391975
022509, 0.000530, 0.138673,-1.460147
022544, 0.002552, 0.121282,-1.446034
022578, 0.003980, 0.104527,-1.509573
022612, 0.005035, 0.087665,-1.477478
022647, 0.005914, 0.070337,-1.511806
022682, 0.006504, 0.052871,-1.521069
022716, 0.007046, 0.036091,-1.548141
022751, 0.007332, 0.018680,-1.563511
022786, 0.007631, 0.001248,-1.533286
022821, 0.007783,-0.016107,-1.564244
022855, 0.007880,-0.033021,-1.621389,frame_004571.png
022890, 0.004722,-0.050171,-1.812077,frame_004578.png
022925, 0.001739,-0.067295,-1.636929,frame_004585.png
022959, 0.002736,-0.084186,-1.499199
022993, 0.003932,-0.101083,-1.476631
023027, 0.005232,-0.117858,-1.524554
023062, 0.006078,-0.135017,-1.510945
023097, 0.006567,-0.152325,-1.541919
023132, 0.004554,-0.169638,-1.804737
023167, 0.001713,-0.186754,-1.615252
023202, 0.002970,-0.204130,-1.427944
023237, 0.005807,-0.221271,-1.339688
023272, 0.010425,-0.238102,-1.368117
023307, 0.010467,-0.255472,-1.741508
023342, 0.006258,-0.272451,-1.820365
023377, 0.004974,-0.289732,-1.424810
023412, 0.011366,-0.305585,-0.750472
023446, 0.027001,-0.311355,-0.201264
023479, 0.043136,-0.314218,-0.164999
023514, 0.060600,-0.314067, 0.065588
023549, 0.078034,-0.312397, 0.086679
023584, 0.095456,-0.310862, 0.075603
023618, 0.112453,-0.309709, 0.031577
023652, 0.129456,-0.308827, 0.040776
023686, 0.146539,-0.308068, 0.045172
023720, 0.163544,-0.307777, 0.025050,frame_004744.png
023755, 0.181111,-0.307444, 0.030184,frame_004751.png
023790, 0.198609,-0.307602,-0.098272,frame_004758.png
023825, 0.215736,-0.310835,-0.198716,frame_004765.png
023860, 0.232884,-0.310226, 0.379471,frame_004772.png
023895, 0.246757,-0.299654, 0.820829,frame_004779.png
023929, 0.257518,-0.286406, 0.989963
023961, 0.265737,-0.272575, 1.071045
023994, 0.275405,-0.260336, 1.172455
024029, 0.282169,-0.246886, 1.260173
024064, 0.286950,-0.230008, 1.330548
024098, 0.290740,-0.213442, 1.378978
024130, 0.293847,-0.197134, 1.402229,frame_004826.png
024164, 0.296193,-0.180683, 1.469438
024197, 0.298147,-0.164329, 1.448623
024232, 0.299946,-0.146884, 1.483850
024267, 0.301278,-0.129334, 1.541503
024302, 0.302110,-0.111910, 1.536192
024336, 0.303008,-0.094957, 1.537827
024371, 0.303883,-0.077394, 1.531675
024406, 0.307898,-0.060447, 1.278322
024440, 0.312016,-0.043823, 1.395620,frame_004888.png
024475, 0.314882,-0.026311, 1.449286,frame_004895.png
024510, 0.313456,-0.008616, 1.715362,frame_004902.png
024544, 0.311533, 0.008325, 1.628773
024577, 0.310387, 0.024962, 1.620181
024609, 0.309040, 0.040948, 1.655234
024644, 0.308027, 0.058598, 1.611345
024678, 0.307412, 0.075801, 1.571686
024712, 0.306947, 0.092978, 1.614940
024747, 0.306602, 0.110796, 1.583580
024781, 0.306521, 0.127920, 1.543846
024815, 0.306268, 0.145169, 1.585018,frame_004963.png
024850, 0.306298, 0.162588, 1.547382,frame_004970.png
024885, 0.307126, 0.180077, 1.544413,frame_004977.png
024920, 0.310071, 0.197359, 1.350408,frame_004984.png
024955, 0.313252, 0.214668, 1.488579,frame_004991.png
024989, 0.312773, 0.231650, 1.683042
