0.0
-0.174870996451
-0.838367491144
-0.684014121744
0.0
0.000000000000000000e+00 

0.0
-1.0
-1.0
1.0
-0.182729353126
-0.805543404924
1.83884125633
0.0
1.000000000000000000e+00 
0.000000000000000000e+00 
0.0
-1.0
-1.0
2.0
-0.189867492199
-0.781673980242
1.87728288473
1.0
2.000000000000000000e+00 
1.000000000000000000e+00 4.010000000000000000e+02 
0.0
-1.0
-1.0
3.0
-0.201186648802
-0.750572940795
1.90809939753
1.0
3.000000000000000000e+00 4.020000000000000000e+02 
2.000000000000000000e+00 
0.0
-1.0
-1.0
4.0
-0.215948881121
-0.714039192437
1.94457190883
2.0
4.000000000000000000e+00 
3.000000000000000000e+00 4.030000000000000000e+02 
0.0
-1.0
-1.0
5.0
-0.224768310562
-0.691957207028
1.95157620275
2.0
5.000000000000000000e+00 
4.000000000000000000e+00 
0.0
-1.0
-1.0
6.0
-0.230505998513
-0.67913945846
1.96176674375
3.0
6.000000000000000000e+00 
5.000000000000000000e+00 
0.0
-1.0
-1.0
7.0
-0.243915643746
-0.647898632607
1.97100407963
3.0
7.000000000000000000e+00 4.040000000000000000e+02 
6.000000000000000000e+00 
0.0
-1.0
-1.0
8.0
-0.254315405101
-0.624303451647
1.97910742528
4.0
8.000000000000000000e+00 
7.000000000000000000e+00 
0.0
-1.0
-1.0
9.0
-0.269761088456
-0.590343098633
2.00699787904
4.0
9.000000000000000000e+00 4.070000000000000000e+02 
8.000000000000000000e+00 4.060000000000000000e+02 
0.0
-1.0
-1.0
10.0
-0.271522638837
-0.587838752039
2.0188292066
5.0
1.000000000000000000e+01 
9.000000000000000000e+00 
0.0
-1.0
-1.0
11.0
-0.287004977441
-0.556469574786
2.03211006794
6.0
1.100000000000000000e+01 
1.000000000000000000e+01 
0.0
-1.0
-1.0
12.0
-0.298529911571
-0.534232471147
2.04623750869
7.0
1.200000000000000000e+01 
1.100000000000000000e+01 
0.0
-1.0
-1.0
13.0
-0.308159749574
-0.516463849272
2.05861147758
8.0
1.300000000000000000e+01 
1.200000000000000000e+01 
0.0
-1.0
-1.0
14.0
-0.315674594585
-0.503223606504
2.07013192377
9.0
1.400000000000000000e+01 
1.300000000000000000e+01 
0.0
-1.0
-1.0
15.0
-0.325747271817
-0.485617200648
2.08254879751
10.0
1.500000000000000000e+01 
1.400000000000000000e+01 
0.0
-1.0
-1.0
16.0
-0.336014180577
-0.468281812573
2.09846205108
11.0
1.600000000000000000e+01 
1.500000000000000000e+01 
0.0
-1.0
-1.0
17.0
-0.344061967168
-0.455313777715
2.10997163975
12.0
1.700000000000000000e+01 
1.600000000000000000e+01 
0.0
-1.0
-1.0
18.0
-0.354976001292
-0.438049783687
2.12672752286
13.0
1.800000000000000000e+01 
1.700000000000000000e+01 
0.0
-1.0
-1.0
19.0
-0.366189556438
-0.421138809496
2.15132966507
14.0
1.900000000000000000e+01 
1.800000000000000000e+01 
0.0
-1.0
-1.0
20.0
-0.377860826223
-0.404517909429
2.18382803772
15.0
2.000000000000000000e+01 
1.900000000000000000e+01 
0.0
-1.0
-1.0
21.0
-0.387058752246
-0.392255222303
2.20407262029
16.0
2.100000000000000000e+01 
2.000000000000000000e+01 
0.0
-1.0
-1.0
22.0
-0.396673297504
-0.380039250633
2.23046340204
17.0
2.200000000000000000e+01 
2.100000000000000000e+01 
0.0
-1.0
-1.0
23.0
-0.412831729207
-0.360360222644
2.2664503837
18.0
2.300000000000000000e+01 
2.200000000000000000e+01 
0.0
-1.0
-1.0
24.0
-0.436205413191
-0.333929327943
2.31548357931
18.0
2.400000000000000000e+01 
2.300000000000000000e+01 
0.0
-1.0
-1.0
25.0
-0.440232349474
-0.330089111541
2.32786301817
19.0
2.500000000000000000e+01 
2.400000000000000000e+01 4.240000000000000000e+02 
0.0
-1.0
-1.0
26.0
-0.461196859844
-0.31038961863
2.36613816354
20.0
2.600000000000000000e+01 4.250000000000000000e+02 
2.500000000000000000e+01 
0.0
-1.0
-1.0
27.0
-0.475744760446
-0.297340930298
2.38222787712
21.0
2.700000000000000000e+01 4.260000000000000000e+02 
2.600000000000000000e+01 
0.0
-1.0
-1.0
28.0
-0.483955069512
-0.289741684876
2.40276998227
22.0
2.800000000000000000e+01 
2.700000000000000000e+01 4.270000000000000000e+02 
0.0
-1.0
-1.0
29.0
-0.488286994489
-0.286398477614
2.41401836866
23.0
2.900000000000000000e+01 
2.800000000000000000e+01 4.280000000000000000e+02 
0.0
-1.0
-1.0
30.0
-0.51201438279
-0.267493156585
2.45355104997
24.0
3.000000000000000000e+01 
2.900000000000000000e+01 
0.0
-1.0
-1.0
31.0
-0.52788219733
-0.255725375264
2.47492836802
25.0
3.100000000000000000e+01 4.290000000000000000e+02 
3.000000000000000000e+01 
0.0
-1.0
-1.0
32.0
-0.547560484019
-0.240566200646
2.53108026948
25.0
3.200000000000000000e+01 
3.100000000000000000e+01 
0.0
-1.0
-1.0
33.0
-0.552157017847
-0.238475603619
2.54460222227
26.0
3.300000000000000000e+01 
3.200000000000000000e+01 4.290000000000000000e+02 
0.0
-1.0
-1.0
34.0
-0.581845347811
-0.220478769086
2.59732206163
26.0
3.400000000000000000e+01 
3.300000000000000000e+01 
0.0
-1.0
-1.0
35.0
-0.590920422739
-0.216083218352
2.61959022427
27.0
3.500000000000000000e+01 
3.400000000000000000e+01 
0.0
-1.0
-1.0
36.0
-0.621733506506
-0.19962166312
2.64355719243
27.0
3.600000000000000000e+01 
3.500000000000000000e+01 
0.0
-1.0
-1.0
37.0
-0.626606523554
-0.197909481282
2.64832349532
28.0
3.700000000000000000e+01 
3.600000000000000000e+01 
0.0
-1.0
-1.0
38.0
-0.657829497949
-0.181938984011
2.65568970993
28.0
3.800000000000000000e+01 
3.700000000000000000e+01 
0.0
-1.0
-1.0
39.0
-0.66270388891
-0.180290482815
2.66045646115
29.0
3.900000000000000000e+01 4.300000000000000000e+02 
3.800000000000000000e+01 
0.0
-1.0
-1.0
40.0
-0.692208246678
-0.165127390288
2.66001372781
30.0
4.000000000000000000e+01 
3.900000000000000000e+01 4.310000000000000000e+02 
0.0
-1.0
-1.0
41.0
-0.721957153623
-0.150506836957
2.65863980538
31.0
4.100000000000000000e+01 
4.000000000000000000e+01 
0.0
-1.0
-1.0
42.0
-0.744591616804
-0.139245838074
2.6512625695
32.0
4.200000000000000000e+01 4.320000000000000000e+02 
4.100000000000000000e+01 
0.0
-1.0
-1.0
43.0
-0.773762457592
-0.123295354347
2.62980670662
33.0
4.300000000000000000e+01 
4.200000000000000000e+01 4.330000000000000000e+02 
0.0
-1.0
-1.0
44.0
-0.786189622692
-0.117678417346
2.63333317473
34.0
4.400000000000000000e+01 
4.300000000000000000e+01 
0.0
-1.0
-1.0
45.0
-0.799659751304
-0.110924242475
2.6276210373
35.0
4.500000000000000000e+01 
4.400000000000000000e+01 
0.0
-1.0
-1.0
46.0
-0.813053698454
-0.104111140254
2.62021496
36.0
4.600000000000000000e+01 4.340000000000000000e+02 
4.500000000000000000e+01 
0.0
-1.0
-1.0
47.0
-0.842509844664
-0.0857784797968
2.59971492275
37.0
4.700000000000000000e+01 4.360000000000000000e+02 
4.600000000000000000e+01 4.350000000000000000e+02 5.430000000000000000e+02 
0.0
-1.0
-1.0
48.0
-0.863891501458
-0.0759617907951
2.59226301422
38.0
4.800000000000000000e+01 5.450000000000000000e+02 
4.700000000000000000e+01 4.370000000000000000e+02 
0.0
-1.0
-1.0
49.0
-0.875300021596
-0.0700459776116
2.6301667186
39.0
4.900000000000000000e+01 4.380000000000000000e+02 
4.800000000000000000e+01 
0.0
-1.0
-1.0
50.0
-0.895333999529
-0.0559502194686
2.61858682194
40.0
5.000000000000000000e+01 
4.900000000000000000e+01 
0.0
-1.0
-1.0
51.0
-0.910043659023
-0.0470072272977
2.61876586182
41.0
5.100000000000000000e+01 
5.000000000000000000e+01 
0.0
-1.0
-1.0
52.0
-0.924633632576
-0.03813520511
2.61984683159
42.0
5.200000000000000000e+01 
5.100000000000000000e+01 
0.0
-1.0
-1.0
53.0
-0.939214741369
-0.0292266164217
2.61917915081
43.0
5.300000000000000000e+01 
5.200000000000000000e+01 
0.0
-1.0
-1.0
54.0
-0.948035070524
-0.0234221017266
2.60016228195
44.0
5.400000000000000000e+01 
5.300000000000000000e+01 
0.0
-1.0
-1.0
55.0
-0.960724146361
-0.0146300506475
2.57239573062
45.0
5.500000000000000000e+01 
5.400000000000000000e+01 
0.0
-1.0
-1.0
56.0
-0.97078046795
-0.00745742435151
2.56822904532
46.0
5.600000000000000000e+01 
5.500000000000000000e+01 
0.0
-1.0
-1.0
57.0
-0.980892649947
-0.000262568705827
2.57541181678
47.0
5.700000000000000000e+01 
5.600000000000000000e+01 
0.0
-1.0
-1.0
58.0
-0.986664755429
0.00398892961827
2.58609367691
48.0
5.800000000000000000e+01 
5.700000000000000000e+01 
0.0
-1.0
-1.0
59.0
-0.992556295393
0.00825343837314
2.59152429753
49.0
5.900000000000000000e+01 
5.800000000000000000e+01 
0.0
-1.0
-1.0
60.0
-0.998452546277
0.0125261356095
2.58910338868
50.0
6.000000000000000000e+01 
5.900000000000000000e+01 
0.0
-1.0
-1.0
61.0
-1.00425223363
0.0167803212093
2.58493069691
51.0
6.100000000000000000e+01 
6.000000000000000000e+01 
0.0
-1.0
-1.0
62.0
-1.01018150094
0.0211250050644
2.58425600327
52.0
6.200000000000000000e+01 
6.100000000000000000e+01 
0.0
-1.0
-1.0
63.0
-1.02029879032
0.0281230630148
2.58007912127
53.0
6.300000000000000000e+01 
6.200000000000000000e+01 
0.0
-1.0
-1.0
64.0
-1.02618949186
0.0326509985385
2.56454989467
54.0
6.400000000000000000e+01 
6.300000000000000000e+01 
0.0
-1.0
-1.0
65.0
-1.03595770291
0.0399417202892
2.54986819531
55.0
6.500000000000000000e+01 
6.400000000000000000e+01 
0.0
-1.0
-1.0
66.0
-1.04162155886
0.0447457733363
2.52733392088
56.0
6.600000000000000000e+01 
6.500000000000000000e+01 
0.0
-1.0
-1.0
67.0
-1.05112608464
0.0527008593289
2.49779699271
57.0
6.700000000000000000e+01 
6.600000000000000000e+01 
0.0
-1.0
-1.0
68.0
-1.05644285754
0.0578360719752
2.48225735359
58.0
6.800000000000000000e+01 
6.700000000000000000e+01 
0.0
-1.0
-1.0
69.0
-1.06174560934
0.0631635670309
2.46841496565
59.0
6.900000000000000000e+01 
6.800000000000000000e+01 
0.0
-1.0
-1.0
70.0
-1.06697138903
0.0685980167955
2.45631980832
60.0
7.000000000000000000e+01 
6.900000000000000000e+01 
0.0
-1.0
-1.0
71.0
-1.06822072266
0.0708492893093
2.45122187635
61.0
7.100000000000000000e+01 
7.000000000000000000e+01 
0.0
-1.0
-1.0
72.0
-1.07335327781
0.0764174298668
2.43917117797
62.0
7.200000000000000000e+01 
7.100000000000000000e+01 
0.0
-1.0
-1.0
73.0
-1.07836815103
0.0820568611307
2.42536773307
63.0
7.300000000000000000e+01 
7.200000000000000000e+01 
0.0
-1.0
-1.0
74.0
-1.08327798628
0.0876746344384
2.42291157157
64.0
7.400000000000000000e+01 
7.300000000000000000e+01 
0.0
-1.0
-1.0
75.0
-1.08823369792
0.0934768147381
2.40820273188
65.0
7.500000000000000000e+01 
7.400000000000000000e+01 
0.0
-1.0
-1.0
76.0
-1.09306683803
0.0992754102953
2.40484125943
66.0
7.600000000000000000e+01 
7.500000000000000000e+01 
0.0
-1.0
-1.0
77.0
-1.0980035976
0.105192125593
2.40322720534
67.0
7.700000000000000000e+01 
7.600000000000000000e+01 
0.0
-1.0
-1.0
78.0
-1.10272746751
0.110980286854
2.39816062522
68.0
7.800000000000000000e+01 
7.700000000000000000e+01 
0.0
-1.0
-1.0
79.0
-1.10766187587
0.116991513263
2.39654157803
69.0
7.900000000000000000e+01 
7.800000000000000000e+01 
0.0
-1.0
-1.0
80.0
-1.10883369725
0.119568535487
2.39492012506
70.0
8.000000000000000000e+01 
7.900000000000000000e+01 
0.0
-1.0
-1.0
81.0
-1.10694016382
0.119281151109
2.54249632907
71.0
8.100000000000000000e+01 
8.000000000000000000e+01 
0.0
-1.0
-1.0
82.0
-1.10447342959
0.118518924888
2.63512025336
72.0
8.200000000000000000e+01 
8.100000000000000000e+01 
0.0
-1.0
-1.0
83.0
-1.10200932568
0.117762099292
2.73034196114
73.0
8.300000000000000000e+01 
8.200000000000000000e+01 
0.0
-1.0
-1.0
84.0
-1.09950104747
0.116992917944
2.8273115148
74.0
8.400000000000000000e+01 
8.300000000000000000e+01 
0.0
-1.0
-1.0
85.0
-1.09713975235
0.116268194996
2.92162897539
75.0
8.500000000000000000e+01 
8.400000000000000000e+01 
0.0
-1.0
-1.0
86.0
-1.09463345234
0.115523502749
3.06484440207
76.0
8.600000000000000000e+01 
8.500000000000000000e+01 
0.0
-1.0
-1.0
87.0
-1.09212951896
0.114788747948
-3.12227745551
77.0
8.700000000000000000e+01 
8.600000000000000000e+01 
0.0
-1.0
-1.0
88.0
-1.08972791157
0.114054492771
-3.02791592882
78.0
8.800000000000000000e+01 
8.700000000000000000e+01 
0.0
-1.0
-1.0
89.0
-1.08732818517
0.113320563815
-2.93355627391
79.0
8.900000000000000000e+01 
8.800000000000000000e+01 
0.0
-1.0
-1.0
90.0
-1.08488152246
0.112599713352
-2.88634844292
80.0
9.000000000000000000e+01 
8.900000000000000000e+01 
0.0
-1.0
-1.0
91.0
-1.08239730591
0.111913852315
-2.49884239149
81.0
9.100000000000000000e+01 
9.000000000000000000e+01 
0.0
-1.0
-1.0
92.0
-1.07995535548
0.111202718432
-2.40628807894
82.0
9.200000000000000000e+01 
9.100000000000000000e+01 
0.0
-1.0
-1.0
93.0
-1.07755102954
0.110460953288
-2.30933546838
83.0
9.300000000000000000e+01 
9.200000000000000000e+01 
0.0
-1.0
-1.0
94.0
-1.07508193148
0.10979792686
-2.26213452684
84.0
9.400000000000000000e+01 
9.300000000000000000e+01 
0.0
-1.0
-1.0
95.0
-1.07264684682
0.109100932753
-2.21318522527
85.0
9.500000000000000000e+01 
9.400000000000000000e+01 
0.0
-1.0
-1.0
96.0
-1.07015813469
0.108491482179
-2.16683753857
86.0
9.600000000000000000e+01 
9.500000000000000000e+01 
0.0
-1.0
-1.0
97.0
-1.06772749621
0.107803638951
-2.11874144557
87.0
9.700000000000000000e+01 
9.600000000000000000e+01 
0.0
-1.0
-1.0
98.0
-1.0652990425
0.10712029243
-2.07414692895
88.0
9.800000000000000000e+01 
9.700000000000000000e+01 
0.0
-1.0
-1.0
99.0
-1.0629166584
0.106351548055
-2.02870397516
89.0
9.900000000000000000e+01 
9.800000000000000000e+01 
0.0
-1.0
-1.0
100.0
-1.06049249938
0.105677044162
-1.98236257421
90.0
1.000000000000000000e+02 
9.900000000000000000e+01 
0.0
-1.0
-1.0
101.0
-1.05807045084
0.105006888715
-1.88457271957
91.0
1.010000000000000000e+02 
1.000000000000000000e+02 
0.0
-1.0
-1.0
102.0
-1.0556504888
0.104341034841
-1.78763440784
92.0
1.020000000000000000e+02 
1.010000000000000000e+02 
0.0
-1.0
-1.0
103.0
-1.05323258989
0.103679436917
-1.74219763852
93.0
1.030000000000000000e+02 
1.020000000000000000e+02 
0.0
-1.0
-1.0
104.0
-1.05081673142
0.103022050543
-1.69501241366
94.0
1.040000000000000000e+02 
1.030000000000000000e+02 
0.0
-1.0
-1.0
105.0
-1.04868255327
0.0978274352122
-1.63562873746
95.0
1.050000000000000000e+02 
1.040000000000000000e+02 
0.0
-1.0
-1.0
106.0
-1.04668061085
0.0866365060031
-1.6067466158
96.0
1.060000000000000000e+02 
1.050000000000000000e+02 
0.0
-1.0
-1.0
107.0
-1.04435573595
0.0801932117019
-1.36941605573
97.0
1.070000000000000000e+02 
1.060000000000000000e+02 
0.0
-1.0
-1.0
108.0
-1.03810153395
0.0658319412667
-1.29078706489
98.0
1.080000000000000000e+02 
1.070000000000000000e+02 
0.0
-1.0
-1.0
109.0
-1.03033935807
0.0458813711489
-1.3483096508
99.0
1.090000000000000000e+02 
1.080000000000000000e+02 
0.0
-1.0
-1.0
110.0
-1.02576108207
0.0318793381021
-1.45033382016
100.0
1.100000000000000000e+02 
1.090000000000000000e+02 
0.0
-1.0
-1.0
111.0
-1.02245680764
0.0177340756048
-1.539259578
101.0
1.110000000000000000e+02 
1.100000000000000000e+02 
0.0
-1.0
-1.0
112.0
-1.02040507717
0.00371787277116
-1.63428692674
102.0
1.120000000000000000e+02 
1.110000000000000000e+02 
0.0
-1.0
-1.0
113.0
-1.01864185038
-0.00347243002916
-1.68306586523
103.0
1.130000000000000000e+02 
1.120000000000000000e+02 
0.0
-1.0
-1.0
114.0
-1.0184349919
-0.0172552196256
-1.77199638763
104.0
1.140000000000000000e+02 
1.130000000000000000e+02 
0.0
-1.0
-1.0
115.0
-1.01943996919
-0.0310854400542
-1.85742848222
105.0
1.150000000000000000e+02 
1.140000000000000000e+02 
0.0
-1.0
-1.0
116.0
-1.02160428511
-0.0443457665024
-1.95421213017
106.0
1.160000000000000000e+02 
1.150000000000000000e+02 
0.0
-1.0
-1.0
117.0
-1.02495691951
-0.0571101848232
-2.04924730414
107.0
1.170000000000000000e+02 
1.160000000000000000e+02 
0.0
-1.0
-1.0
118.0
-1.02760803518
-0.066464715392
-2.11898396687
108.0
1.180000000000000000e+02 
1.170000000000000000e+02 
0.0
-1.0
-1.0
119.0
-1.03384645311
-0.0795154000305
-2.20182206969
109.0
1.190000000000000000e+02 
1.180000000000000000e+02 
0.0
-1.0
-1.0
120.0
-1.05152992435
-0.106284915032
-2.29866155093
109.0
1.200000000000000000e+02 
1.190000000000000000e+02 
0.0
-1.0
-1.0
121.0
-1.05376960243
-0.111728755668
-2.34745233438
110.0
1.210000000000000000e+02 
1.200000000000000000e+02 
0.0
-1.0
-1.0
122.0
-1.06248246728
-0.122411084189
-2.42764432757
111.0
1.220000000000000000e+02 
1.210000000000000000e+02 
0.0
-1.0
-1.0
123.0
-1.08030628769
-0.140066849977
-2.48173742025
112.0
1.230000000000000000e+02 
1.220000000000000000e+02 
0.0
-1.0
-1.0
124.0
-1.09032418271
-0.149273667875
-2.55498148265
113.0
1.240000000000000000e+02 
1.230000000000000000e+02 
0.0
-1.0
-1.0
125.0
-1.11171835928
-0.164817281996
-2.64742636402
114.0
1.250000000000000000e+02 
1.240000000000000000e+02 
0.0
-1.0
-1.0
126.0
-1.11825658821
-0.169713564252
-2.71542189106
115.0
1.260000000000000000e+02 
1.250000000000000000e+02 
0.0
-1.0
-1.0
127.0
-1.14639787034
-0.183469365055
-2.80616786657
115.0
1.270000000000000000e+02 4.530000000000000000e+02 
1.260000000000000000e+02 4.520000000000000000e+02 
0.0
-1.0
-1.0
128.0
-1.15112878023
-0.198832077428
-2.69918284854
116.0
1.280000000000000000e+02 
1.270000000000000000e+02 
0.0
-1.0
-1.0
129.0
-1.18218057816
-0.2186350823
-2.67091399412
116.0
1.290000000000000000e+02 
1.280000000000000000e+02 4.540000000000000000e+02 
0.0
-1.0
-1.0
130.0
-1.18702449364
-0.231564457913
-2.74862037816
117.0
1.300000000000000000e+02 
1.290000000000000000e+02 
0.0
-1.0
-1.0
131.0
-1.21470251529
-0.249734320523
-2.81578906594
117.0
1.310000000000000000e+02 
1.300000000000000000e+02 
0.0
-1.0
-1.0
132.0
-1.2222131053
-0.260583800866
-2.83145738568
118.0
1.320000000000000000e+02 
1.310000000000000000e+02 
0.0
-1.0
-1.0
133.0
-1.24878452006
-0.276623937798
-2.86017508619
118.0
1.330000000000000000e+02 4.550000000000000000e+02 
1.320000000000000000e+02 
0.0
-1.0
-1.0
134.0
-1.27028698003
-0.28255341686
-2.88817908452
119.0
1.340000000000000000e+02 
1.330000000000000000e+02 
0.0
-1.0
-1.0
135.0
-1.29939267821
-0.293388890503
-2.91868886506
119.0
1.350000000000000000e+02 
1.340000000000000000e+02 4.560000000000000000e+02 
0.0
-1.0
-1.0
136.0
-1.31499553675
-0.308054116794
-2.93685902544
120.0
1.360000000000000000e+02 
1.350000000000000000e+02 
0.0
-1.0
-1.0
137.0
-1.34246815297
-0.320729668945
-2.95857193137
120.0
1.370000000000000000e+02 
1.360000000000000000e+02 
0.0
-1.0
-1.0
138.0
-1.35539489776
-0.330386198925
-2.96808307811
121.0
1.380000000000000000e+02 
1.370000000000000000e+02 
0.0
-1.0
-1.0
139.0
-1.38288407608
-0.34206748705
-2.98279218269
121.0
1.390000000000000000e+02 
1.380000000000000000e+02 
0.0
-1.0
-1.0
140.0
-1.39576710542
-0.351361234196
-2.9852989696
122.0
1.400000000000000000e+02 
1.390000000000000000e+02 
0.0
-1.0
-1.0
141.0
-1.42357533718
-0.362598838127
-2.98865317462
122.0
1.410000000000000000e+02 4.570000000000000000e+02 
1.400000000000000000e+02 
0.0
-1.0
-1.0
142.0
-1.45385943032
-0.370887158086
-2.96379300635
123.0
1.420000000000000000e+02 5.510000000000000000e+02 
1.410000000000000000e+02 4.580000000000000000e+02 
0.0
-1.0
-1.0
143.0
-1.46673404475
-0.371704268464
-3.03206448256
123.0
1.430000000000000000e+02 4.590000000000000000e+02 
1.420000000000000000e+02 
0.0
-1.0
-1.0
144.0
-1.49330562809
-0.371382761781
-3.01606983797
124.0
1.440000000000000000e+02 
1.430000000000000000e+02 
0.0
-1.0
-1.0
145.0
-1.52938127749
-0.37568094677
-2.99673462526
125.0
1.450000000000000000e+02 
1.440000000000000000e+02 
0.0
-1.0
-1.0
146.0
-1.56003196885
-0.380123211904
-2.96599671019
126.0
1.460000000000000000e+02 
1.450000000000000000e+02 
0.0
-1.0
-1.0
147.0
-1.57117402762
-0.381787278422
-2.94920607563
127.0
1.470000000000000000e+02 
1.460000000000000000e+02 
0.0
-1.0
-1.0
148.0
-1.59196365421
-0.385689353513
-2.91846270632
128.0
1.480000000000000000e+02 
1.470000000000000000e+02 
0.0
-1.0
-1.0
149.0
-1.60785466258
-0.389041904695
-2.89031658796
129.0
1.490000000000000000e+02 
1.480000000000000000e+02 
0.0
-1.0
-1.0
150.0
-1.61867672435
-0.391429851344
-2.86826770652
130.0
1.500000000000000000e+02 
1.490000000000000000e+02 
0.0
-1.0
-1.0
151.0
-1.62483587503
-0.392666885325
-2.85586604765
131.0
1.510000000000000000e+02 
1.500000000000000000e+02 
0.0
-1.0
-1.0
152.0
-1.63576057922
-0.395415502505
-2.83646159618
132.0
1.520000000000000000e+02 
1.510000000000000000e+02 
0.0
-1.0
-1.0
153.0
-1.64186535245
-0.396821266744
-2.82145433575
133.0
1.530000000000000000e+02 
1.520000000000000000e+02 
0.0
-1.0
-1.0
154.0
-1.64297180296
-0.396615132019
-2.67119424848
134.0
1.540000000000000000e+02 
1.530000000000000000e+02 
0.0
-1.0
-1.0
155.0
-1.65270954197
-0.401445823403
-2.59068131477
135.0
1.550000000000000000e+02 
1.540000000000000000e+02 
0.0
-1.0
-1.0
156.0
-1.66247091488
-0.406620616001
-2.56606551311
136.0
1.560000000000000000e+02 
1.550000000000000000e+02 
0.0
-1.0
-1.0
157.0
-1.67220451116
-0.412112220186
-2.53879682002
137.0
1.570000000000000000e+02 
1.560000000000000000e+02 
0.0
-1.0
-1.0
158.0
-1.67760275893
-0.414819488585
-2.52462520991
138.0
1.580000000000000000e+02 
1.570000000000000000e+02 
0.0
-1.0
-1.0
159.0
-1.68690415737
-0.420491355976
-2.49995065517
139.0
1.590000000000000000e+02 
1.580000000000000000e+02 
0.0
-1.0
-1.0
160.0
-1.69606498389
-0.426350917426
-2.47527312611
140.0
1.600000000000000000e+02 
1.590000000000000000e+02 
0.0
-1.0
-1.0
161.0
-1.698306297
-0.427016810969
-2.37384259105
141.0
1.610000000000000000e+02 
1.600000000000000000e+02 
0.0
-1.0
-1.0
162.0
-1.69969960595
-0.426980307706
-2.2724090164
142.0
1.620000000000000000e+02 
1.610000000000000000e+02 
0.0
-1.0
-1.0
163.0
-1.71325562997
-0.442057404081
-2.22512236674
143.0
1.630000000000000000e+02 
1.620000000000000000e+02 
0.0
-1.0
-1.0
164.0
-1.73206224103
-0.466445793014
-2.14983260497
144.0
1.640000000000000000e+02 
1.630000000000000000e+02 
0.0
-1.0
-1.0
165.0
-1.74384960651
-0.483208843911
-2.10073969239
145.0
1.650000000000000000e+02 
1.640000000000000000e+02 
0.0
-1.0
-1.0
166.0
-1.75480169483
-0.500407920254
-2.0533935889
146.0
1.660000000000000000e+02 
1.650000000000000000e+02 
0.0
-1.0
-1.0
167.0
-1.76484718946
-0.518140520973
-1.99994425311
147.0
1.670000000000000000e+02 
1.660000000000000000e+02 
0.0
-1.0
-1.0
168.0
-1.77590476829
-0.54080056171
-1.94474164251
148.0
1.680000000000000000e+02 
1.670000000000000000e+02 
0.0
-1.0
-1.0
169.0
-1.7886370481
-0.573582744815
-1.86593571365
148.0
1.690000000000000000e+02 
1.680000000000000000e+02 
0.0
-1.0
-1.0
170.0
-1.79134286231
-0.57830621945
-1.84647642223
149.0
1.700000000000000000e+02 
1.690000000000000000e+02 
0.0
-1.0
-1.0
171.0
-1.80047681806
-0.612187779824
-1.76671372335
149.0
1.710000000000000000e+02 
1.700000000000000000e+02 
0.0
-1.0
-1.0
172.0
-1.80370461612
-0.621935733323
-1.75339757163
150.0
1.720000000000000000e+02 
1.710000000000000000e+02 
0.0
-1.0
-1.0
173.0
-1.81065931633
-0.656162128657
-1.70512792135
151.0
1.730000000000000000e+02 
1.720000000000000000e+02 
0.0
-1.0
-1.0
174.0
-1.81733533889
-0.688952301547
-1.79825472664
152.0
1.740000000000000000e+02 
1.730000000000000000e+02 
0.0
-1.0
-1.0
175.0
-1.82586851683
-0.716262399395
-1.8180779416
153.0
1.750000000000000000e+02 
1.740000000000000000e+02 
0.0
-1.0
-1.0
176.0
-1.83434305754
-0.745090528614
-1.80564752048
154.0
1.760000000000000000e+02 
1.750000000000000000e+02 
0.0
-1.0
-1.0
177.0
-1.84079756353
-0.764472423763
-1.86646341778
155.0
1.770000000000000000e+02 
1.760000000000000000e+02 
0.0
-1.0
-1.0
178.0
-1.84790697871
-0.783364930349
-1.86182558844
156.0
1.780000000000000000e+02 
1.770000000000000000e+02 
0.0
-1.0
-1.0
179.0
-1.85348225664
-0.797660284311
-1.85713398791
157.0
1.790000000000000000e+02 
1.780000000000000000e+02 
0.0
-1.0
-1.0
180.0
-1.8607936393
-0.816386374533
-1.92143857232
158.0
1.800000000000000000e+02 
1.790000000000000000e+02 
0.0
-1.0
-1.0
181.0
-1.8686312047
-0.834786269615
-1.90023929855
159.0
1.810000000000000000e+02 
1.800000000000000000e+02 
0.0
-1.0
-1.0
182.0
-1.87461131943
-0.848809491457
-1.8886361244
160.0
1.820000000000000000e+02 
1.810000000000000000e+02 
0.0
-1.0
-1.0
183.0
-1.88051970379
-0.863073131997
-1.88052900864
161.0
1.830000000000000000e+02 
1.820000000000000000e+02 
0.0
-1.0
-1.0
184.0
-1.88629711664
-0.877279902278
-1.87411791113
162.0
1.840000000000000000e+02 
1.830000000000000000e+02 
0.0
-1.0
-1.0
185.0
-1.89350516241
-0.896179344097
-1.87120279292
163.0
1.850000000000000000e+02 
1.840000000000000000e+02 
0.0
-1.0
-1.0
186.0
-1.90077288552
-0.915170276894
-1.87608361629
164.0
1.860000000000000000e+02 
1.850000000000000000e+02 
0.0
-1.0
-1.0
187.0
-1.90805893812
-0.934055903894
-1.87921034488
165.0
1.870000000000000000e+02 
1.860000000000000000e+02 
0.0
-1.0
-1.0
188.0
-1.9153996667
-0.952876739149
-1.88238294373
166.0
1.880000000000000000e+02 
1.870000000000000000e+02 
0.0
-1.0
-1.0
189.0
-1.92132426351
-0.967273826936
-1.88900137933
167.0
1.890000000000000000e+02 
1.880000000000000000e+02 
0.0
-1.0
-1.0
190.0
-1.92564959668
-0.976728324266
-1.89306561971
168.0
1.900000000000000000e+02 
1.890000000000000000e+02 
0.0
-1.0
-1.0
191.0
-1.93158761961
-0.990921364517
-1.89447563449
169.0
1.910000000000000000e+02 
1.900000000000000000e+02 
0.0
-1.0
-1.0
192.0
-1.93763653891
-1.00508165618
-1.90458139488
170.0
1.920000000000000000e+02 
1.910000000000000000e+02 
0.0
-1.0
-1.0
193.0
-1.94366148347
-1.01915016774
-1.90513287377
171.0
1.930000000000000000e+02 
1.920000000000000000e+02 
0.0
-1.0
-1.0
194.0
-1.94981069987
-1.03333940637
-1.91003004573
172.0
1.940000000000000000e+02 
1.930000000000000000e+02 
0.0
-1.0
-1.0
195.0
-1.95420335068
-1.04269326499
-1.90707288709
173.0
1.950000000000000000e+02 
1.940000000000000000e+02 
0.0
-1.0
-1.0
196.0
-1.95699907301
-1.04763255035
-1.90846137588
174.0
1.960000000000000000e+02 
1.950000000000000000e+02 
0.0
-1.0
-1.0
197.0
-1.96314906361
-1.06173236297
-1.91599549193
175.0
1.970000000000000000e+02 
1.960000000000000000e+02 
0.0
-1.0
-1.0
198.0
-1.96936174792
-1.07592161574
-1.91737521684
176.0
1.980000000000000000e+02 
1.970000000000000000e+02 
0.0
-1.0
-1.0
199.0
-1.97563582393
-1.09014724774
-1.92135053401
177.0
1.990000000000000000e+02 
1.980000000000000000e+02 
0.0
-1.0
-1.0
200.0
-1.98190005134
-1.10432894768
-1.92447142863
178.0
2.000000000000000000e+02 
1.990000000000000000e+02 
0.0
-1.0
-1.0
201.0
-1.98646836436
-1.11386576468
-1.92583788771
179.0
2.010000000000000000e+02 
2.000000000000000000e+02 
0.0
-1.0
-1.0
202.0
-1.99279179112
-1.12798310982
-1.93244990004
180.0
2.020000000000000000e+02 
2.010000000000000000e+02 
0.0
-1.0
-1.0
203.0
-1.99909522261
-1.14195332244
-1.93290745622
181.0
2.030000000000000000e+02 
2.020000000000000000e+02 
0.0
-1.0
-1.0
204.0
-2.00544713701
-1.15607140831
-1.93246054865
182.0
2.040000000000000000e+02 
2.030000000000000000e+02 
0.0
-1.0
-1.0
205.0
-2.01359294243
-1.17475499714
-1.93725917149
183.0
2.050000000000000000e+02 
2.040000000000000000e+02 
0.0
-1.0
-1.0
206.0
-2.01995403035
-1.18888112782
-1.93510332066
184.0
2.060000000000000000e+02 
2.050000000000000000e+02 
0.0
-1.0
-1.0
207.0
-2.02628508601
-1.20291743979
-1.93644299387
185.0
2.070000000000000000e+02 
2.060000000000000000e+02 
0.0
-1.0
-1.0
208.0
-2.03268938181
-1.21719937966
-1.93512819053
186.0
2.080000000000000000e+02 
2.070000000000000000e+02 
0.0
-1.0
-1.0
209.0
-2.04079463719
-1.23597593272
-1.93295891176
187.0
2.090000000000000000e+02 
2.080000000000000000e+02 
0.0
-1.0
-1.0
210.0
-2.04893433094
-1.25501317257
-1.93168516038
188.0
2.100000000000000000e+02 
2.090000000000000000e+02 
0.0
-1.0
-1.0
211.0
-2.05513950953
-1.26917550602
-1.92600694089
189.0
2.110000000000000000e+02 
2.100000000000000000e+02 
0.0
-1.0
-1.0
212.0
-2.06132791964
-1.28340378728
-1.92732425939
190.0
2.120000000000000000e+02 
2.110000000000000000e+02 
0.0
-1.0
-1.0
213.0
-2.06747971052
-1.29770553962
-1.92428712364
191.0
2.130000000000000000e+02 
2.120000000000000000e+02 
0.0
-1.0
-1.0
214.0
-2.07524733342
-1.31664066004
-1.91604554292
192.0
2.140000000000000000e+02 
2.130000000000000000e+02 
0.0
-1.0
-1.0
215.0
-2.08102405711
-1.33103827134
-1.89294952813
193.0
2.150000000000000000e+02 
2.140000000000000000e+02 
0.0
-1.0
-1.0
216.0
-2.08652775956
-1.34532501266
-1.88204909163
194.0
2.160000000000000000e+02 
2.150000000000000000e+02 
0.0
-1.0
-1.0
217.0
-2.09357042893
-1.36474455529
-1.87724424729
195.0
2.170000000000000000e+02 
2.160000000000000000e+02 
0.0
-1.0
-1.0
218.0
-2.09888049318
-1.37926599997
-1.86898501044
196.0
2.180000000000000000e+02 
2.170000000000000000e+02 
0.0
-1.0
-1.0
219.0
-2.10703160488
-1.40338363299
-1.86067139782
197.0
2.190000000000000000e+02 
2.180000000000000000e+02 
0.0
-1.0
-1.0
220.0
-2.1134528888
-1.42286026087
-1.84365342754
198.0
2.200000000000000000e+02 
2.190000000000000000e+02 
0.0
-1.0
-1.0
221.0
-2.12095793013
-1.44728715334
-1.82928111906
199.0
2.210000000000000000e+02 
2.200000000000000000e+02 
0.0
-1.0
-1.0
222.0
-2.12551918437
-1.46210765286
-1.81840449317
200.0
2.220000000000000000e+02 
2.210000000000000000e+02 
0.0
-1.0
-1.0
223.0
-2.12983539397
-1.4770496516
-1.7943735719
201.0
2.230000000000000000e+02 
2.220000000000000000e+02 
0.0
-1.0
-1.0
224.0
-2.13386092867
-1.49196590357
-1.77993837853
202.0
2.240000000000000000e+02 
2.230000000000000000e+02 
0.0
-1.0
-1.0
225.0
-2.13764188498
-1.50709715861
-1.76204893753
203.0
2.250000000000000000e+02 
2.240000000000000000e+02 
0.0
-1.0
-1.0
226.0
-2.14192221614
-1.52713070514
-1.72840527454
204.0
2.260000000000000000e+02 
2.250000000000000000e+02 
0.0
-1.0
-1.0
227.0
-2.14480108188
-1.54213621753
-1.7043574163
205.0
2.270000000000000000e+02 
2.260000000000000000e+02 
0.0
-1.0
-1.0
228.0
-2.14726697634
-1.55730766356
-1.67325539063
206.0
2.280000000000000000e+02 
2.270000000000000000e+02 
0.0
-1.0
-1.0
229.0
-2.14883249025
-1.56765743774
-1.64744922643
207.0
2.290000000000000000e+02 
2.280000000000000000e+02 
0.0
-1.0
-1.0
230.0
-2.15018620973
-1.57803402208
-1.62773895355
208.0
2.300000000000000000e+02 
2.290000000000000000e+02 
0.0
-1.0
-1.0
231.0
-2.1513010406
-1.58853468117
-1.60282460285
209.0
2.310000000000000000e+02 
2.300000000000000000e+02 
0.0
-1.0
-1.0
232.0
-2.15206659137
-1.59405535561
-1.58750620609
210.0
2.320000000000000000e+02 
2.310000000000000000e+02 
0.0
-1.0
-1.0
233.0
-2.15275820633
-1.60443792755
-1.56253379594
211.0
2.330000000000000000e+02 
2.320000000000000000e+02 
0.0
-1.0
-1.0
234.0
-2.15335938929
-1.60558255064
-1.45645740592
212.0
2.340000000000000000e+02 
2.330000000000000000e+02 
0.0
-1.0
-1.0
235.0
-2.15394027951
-1.60628517916
-1.35037707035
213.0
2.350000000000000000e+02 
2.340000000000000000e+02 
0.0
-1.0
-1.0
236.0
-2.15218470881
-1.61667301649
-1.32019282435
214.0
2.360000000000000000e+02 
2.350000000000000000e+02 
0.0
-1.0
-1.0
237.0
-2.15023837468
-1.62681998415
-1.29610470378
215.0
2.370000000000000000e+02 
2.360000000000000000e+02 
0.0
-1.0
-1.0
238.0
-2.1480921725
-1.6368216639
-1.27546274519
216.0
2.380000000000000000e+02 
2.370000000000000000e+02 
0.0
-1.0
-1.0
239.0
-2.14567216097
-1.6469112852
-1.25221698582
217.0
2.390000000000000000e+02 
2.380000000000000000e+02 
0.0
-1.0
-1.0
240.0
-2.14293314266
-1.65706772798
-1.22291746354
218.0
2.400000000000000000e+02 
2.390000000000000000e+02 
0.0
-1.0
-1.0
241.0
-2.13993276631
-1.66698431081
-1.19266421684
219.0
2.410000000000000000e+02 
2.400000000000000000e+02 
0.0
-1.0
-1.0
242.0
-2.14008532487
-1.66842974091
-1.12405728475
220.0
2.420000000000000000e+02 
2.410000000000000000e+02 
0.0
-1.0
-1.0
243.0
-2.14053844762
-1.66920300297
-1.01964670686
221.0
2.430000000000000000e+02 
2.420000000000000000e+02 
0.0
-1.0
-1.0
244.0
-2.14102728143
-1.66989802289
-0.966732523264
222.0
2.440000000000000000e+02 
2.430000000000000000e+02 
0.0
-1.0
-1.0
245.0
-2.13328196045
-1.68205599654
-0.92771477452
223.0
2.450000000000000000e+02 
2.440000000000000000e+02 
0.0
-1.0
-1.0
246.0
-2.12126183556
-1.69864745912
-0.877393501634
224.0
2.460000000000000000e+02 
2.450000000000000000e+02 
0.0
-1.0
-1.0
247.0
-2.11530632551
-1.70685025788
-0.848018746023
225.0
2.470000000000000000e+02 
2.460000000000000000e+02 
0.0
-1.0
-1.0
248.0
-2.09890332466
-1.7256438804
-0.788140549489
226.0
2.480000000000000000e+02 
2.470000000000000000e+02 
0.0
-1.0
-1.0
249.0
-2.07785241039
-1.74659812644
-0.723858954188
227.0
2.490000000000000000e+02 
2.480000000000000000e+02 
0.0
-1.0
-1.0
250.0
-2.05907644109
-1.76343878574
-0.667424002603
228.0
2.500000000000000000e+02 
2.490000000000000000e+02 
0.0
-1.0
-1.0
251.0
-2.03156889509
-1.78496761521
-0.603935737518
229.0
2.510000000000000000e+02 
2.500000000000000000e+02 
0.0
-1.0
-1.0
252.0
-2.0031156987
-1.80501136932
-0.561444201989
229.0
2.520000000000000000e+02 
2.510000000000000000e+02 
0.0
-1.0
-1.0
253.0
-1.99931454451
-1.80842717892
-0.552149439322
230.0
2.530000000000000000e+02 
2.520000000000000000e+02 
0.0
-1.0
-1.0
254.0
-1.96969024212
-1.82694359937
-0.509651493048
231.0
2.540000000000000000e+02 
2.530000000000000000e+02 
0.0
-1.0
-1.0
255.0
-1.93963439326
-1.84453255547
-0.488150406898
231.0
2.550000000000000000e+02 
2.540000000000000000e+02 
0.0
-1.0
-1.0
256.0
-1.93113062025
-1.85008120331
-0.480596224779
232.0
2.560000000000000000e+02 
2.550000000000000000e+02 
0.0
-1.0
-1.0
257.0
-1.9095741542
-1.86231267724
-0.466088990758
233.0
2.570000000000000000e+02 
2.560000000000000000e+02 
0.0
-1.0
-1.0
258.0
-1.88789854196
-1.87411866744
-0.448878749033
234.0
2.580000000000000000e+02 
2.570000000000000000e+02 
0.0
-1.0
-1.0
259.0
-1.86132154089
-1.88776529001
-0.424765543919
235.0
2.590000000000000000e+02 
2.580000000000000000e+02 
0.0
-1.0
-1.0
260.0
-1.83440114676
-1.90094110861
-0.415399419826
236.0
2.600000000000000000e+02 
2.590000000000000000e+02 
0.0
-1.0
-1.0
261.0
-1.80304416744
-1.91586215335
-0.406880421239
237.0
2.610000000000000000e+02 
2.600000000000000000e+02 
0.0
-1.0
-1.0
262.0
-1.78524240988
-1.92462442591
-0.401908592705
238.0
2.620000000000000000e+02 
2.610000000000000000e+02 
0.0
-1.0
-1.0
263.0
-1.75822189376
-1.93729319406
-0.396933978813
239.0
2.630000000000000000e+02 
2.620000000000000000e+02 
0.0
-1.0
-1.0
264.0
-1.72663713958
-1.95178125166
-0.393706624178
239.0
2.640000000000000000e+02 
2.630000000000000000e+02 
0.0
-1.0
-1.0
265.0
-1.72233611101
-1.95456411953
-0.386976573425
240.0
2.650000000000000000e+02 
2.640000000000000000e+02 
0.0
-1.0
-1.0
266.0
-1.69058870178
-1.96859403963
-0.37854387118
241.0
2.660000000000000000e+02 
2.650000000000000000e+02 
0.0
-1.0
-1.0
267.0
-1.67234587962
-1.97670221367
-0.358658562051
242.0
2.670000000000000000e+02 
2.660000000000000000e+02 
0.0
-1.0
-1.0
268.0
-1.64931586347
-1.9863201525
-0.339720690617
243.0
2.680000000000000000e+02 
2.670000000000000000e+02 
0.0
-1.0
-1.0
269.0
-1.62622696645
-1.9955176989
-0.327780301417
244.0
2.690000000000000000e+02 
2.680000000000000000e+02 
0.0
-1.0
-1.0
270.0
-1.6124849479
-2.00118126764
-0.31498743894
245.0
2.700000000000000000e+02 
2.690000000000000000e+02 
0.0
-1.0
-1.0
271.0
-1.59828853268
-2.00677897253
-0.301292147612
246.0
2.710000000000000000e+02 
2.700000000000000000e+02 
0.0
-1.0
-1.0
272.0
-1.57969783579
-2.01360675015
-0.294544471789
247.0
2.720000000000000000e+02 
2.710000000000000000e+02 
0.0
-1.0
-1.0
273.0
-1.56076253563
-2.02019527215
-0.274694455749
248.0
2.730000000000000000e+02 
2.720000000000000000e+02 
0.0
-1.0
-1.0
274.0
-1.54659872802
-2.025140297
-0.260092143679
249.0
2.740000000000000000e+02 
2.730000000000000000e+02 
0.0
-1.0
-1.0
275.0
-1.53734884674
-2.02856638864
-0.247237579676
250.0
2.750000000000000000e+02 
2.740000000000000000e+02 
0.0
-1.0
-1.0
276.0
-1.52792135961
-2.03194185864
-0.236130807733
251.0
2.760000000000000000e+02 
2.750000000000000000e+02 
0.0
-1.0
-1.0
277.0
-1.52326922402
-2.03404652691
-0.227621871738
252.0
2.770000000000000000e+02 
2.760000000000000000e+02 
0.0
-1.0
-1.0
278.0
-1.51386874055
-2.03718412874
-0.212110815468
253.0
2.780000000000000000e+02 
2.770000000000000000e+02 
0.0
-1.0
-1.0
279.0
-1.5042250584
-2.04018660199
-0.192247682582
254.0
2.790000000000000000e+02 
2.780000000000000000e+02 
0.0
-1.0
-1.0
280.0
-1.49458630093
-2.0430016813
-0.175032516621
255.0
2.800000000000000000e+02 
2.790000000000000000e+02 
0.0
-1.0
-1.0
281.0
-1.48993844401
-2.04480413242
-0.164765361003
256.0
2.810000000000000000e+02 
2.800000000000000000e+02 
0.0
-1.0
-1.0
282.0
-1.4851283911
-2.04659534938
-0.156246259021
257.0
2.820000000000000000e+02 
2.810000000000000000e+02 
0.0
-1.0
-1.0
283.0
-1.48499544799
-2.04761253702
-0.0499752538405
258.0
2.830000000000000000e+02 
2.820000000000000000e+02 
0.0
-1.0
-1.0
284.0
-1.48525232351
-2.04858678272
0.0527976115019
259.0
2.840000000000000000e+02 
2.830000000000000000e+02 
0.0
-1.0
-1.0
285.0
-1.47500891505
-2.04848243096
0.118922294098
260.0
2.850000000000000000e+02 
2.840000000000000000e+02 
0.0
-1.0
-1.0
286.0
-1.46533622192
-2.04818172663
0.144048751171
261.0
2.860000000000000000e+02 
2.850000000000000000e+02 
0.0
-1.0
-1.0
287.0
-1.45564563177
-2.04761577728
0.17262694007
262.0
2.870000000000000000e+02 
2.860000000000000000e+02 
0.0
-1.0
-1.0
288.0
-1.45079999649
-2.04774964347
0.182006818278
263.0
2.880000000000000000e+02 
2.870000000000000000e+02 
0.0
-1.0
-1.0
289.0
-1.44115287574
-2.04687227231
0.2045383434
264.0
2.890000000000000000e+02 
2.880000000000000000e+02 
0.0
-1.0
-1.0
290.0
-1.44048873097
-2.04770415388
0.307321473172
265.0
2.900000000000000000e+02 
2.890000000000000000e+02 
0.0
-1.0
-1.0
291.0
-1.44041056154
-2.04865295174
0.414456165452
266.0
2.910000000000000000e+02 
2.900000000000000000e+02 
0.0
-1.0
-1.0
292.0
-1.43177037635
-2.04571275646
0.442192378219
267.0
2.920000000000000000e+02 
2.910000000000000000e+02 
0.0
-1.0
-1.0
293.0
-1.42282651402
-2.04235209807
0.468180069574
268.0
2.930000000000000000e+02 
2.920000000000000000e+02 
0.0
-1.0
-1.0
294.0
-1.40954043866
-2.03638119958
0.501169197731
269.0
2.940000000000000000e+02 
2.930000000000000000e+02 
0.0
-1.0
-1.0
295.0
-1.40091413926
-2.03250857667
0.528859721021
270.0
2.950000000000000000e+02 
2.940000000000000000e+02 
0.0
-1.0
-1.0
296.0
-1.39245137083
-2.02844828056
0.553951597881
271.0
2.960000000000000000e+02 
2.950000000000000000e+02 
0.0
-1.0
-1.0
297.0
-1.38719652163
-2.02604358398
0.626194786855
272.0
2.970000000000000000e+02 
2.960000000000000000e+02 
0.0
-1.0
-1.0
298.0
-1.3871438161
-2.02700552849
0.73158924659
273.0
2.980000000000000000e+02 
2.970000000000000000e+02 
0.0
-1.0
-1.0
299.0
-1.38010581502
-2.02087946366
0.80908493583
274.0
2.990000000000000000e+02 
2.980000000000000000e+02 
0.0
-1.0
-1.0
300.0
-1.36349768601
-2.00344404415
0.86913181341
275.0
3.000000000000000000e+02 
2.990000000000000000e+02 
0.0
-1.0
-1.0
301.0
-1.34830347059
-1.98546180308
0.928279838256
276.0
3.010000000000000000e+02 
3.000000000000000000e+02 
0.0
-1.0
-1.0
302.0
-1.32859887449
-1.95813044887
1.00217896938
277.0
3.020000000000000000e+02 
3.010000000000000000e+02 
0.0
-1.0
-1.0
303.0
-1.31354183565
-1.93318102466
1.09977916586
278.0
3.030000000000000000e+02 
3.020000000000000000e+02 
0.0
-1.0
-1.0
304.0
-1.30123990612
-1.90724990721
1.17813038688
279.0
3.040000000000000000e+02 
3.030000000000000000e+02 
0.0
-1.0
-1.0
305.0
-1.28850484365
-1.87596014894
1.21283259166
279.0
3.050000000000000000e+02 
3.040000000000000000e+02 
0.0
-1.0
-1.0
306.0
-1.28323041231
-1.86317413241
1.21528573949
280.0
3.060000000000000000e+02 
3.050000000000000000e+02 
0.0
-1.0
-1.0
307.0
-1.27094503988
-1.83160479467
1.21248978975
280.0
3.070000000000000000e+02 
3.060000000000000000e+02 
0.0
-1.0
-1.0
308.0
-1.26562704841
-1.81883714197
1.21319470183
281.0
3.080000000000000000e+02 
3.070000000000000000e+02 
0.0
-1.0
-1.0
309.0
-1.25271946803
-1.78767379133
1.18160043521
281.0
3.090000000000000000e+02 
3.080000000000000000e+02 
0.0
-1.0
-1.0
310.0
-1.24684552599
-1.77497078552
1.1753069494
282.0
3.100000000000000000e+02 
3.090000000000000000e+02 
0.0
-1.0
-1.0
311.0
-1.23260561609
-1.74448421729
1.14291420394
282.0
3.110000000000000000e+02 
3.100000000000000000e+02 
0.0
-1.0
-1.0
312.0
-1.22831985734
-1.73654924568
1.13487215843
283.0
3.120000000000000000e+02 
3.110000000000000000e+02 
0.0
-1.0
-1.0
313.0
-1.21281924629
-1.7066621388
1.10328077249
283.0
3.130000000000000000e+02 
3.120000000000000000e+02 
0.0
-1.0
-1.0
314.0
-1.19882884743
-1.68133891526
1.08304000576
284.0
3.140000000000000000e+02 
3.130000000000000000e+02 
0.0
-1.0
-1.0
315.0
-1.18196195758
-1.6521733424
1.06109981792
284.0
3.150000000000000000e+02 
3.140000000000000000e+02 
0.0
-1.0
-1.0
316.0
-1.17191731824
-1.6360374857
1.04521016867
285.0
3.160000000000000000e+02 
3.150000000000000000e+02 
0.0
-1.0
-1.0
317.0
-1.1537919703
-1.60731567199
1.02152101772
285.0
3.170000000000000000e+02 
3.160000000000000000e+02 
0.0
-1.0
-1.0
318.0
-1.15111166
-1.60413616072
1.02398232479
286.0
3.180000000000000000e+02 
3.170000000000000000e+02 
0.0
-1.0
-1.0
319.0
-1.13244166586
-1.57592960418
0.999394049633
286.0
3.190000000000000000e+02 
3.180000000000000000e+02 
0.0
-1.0
-1.0
320.0
-1.11411628467
-1.55000930487
0.959106151983
287.0
3.200000000000000000e+02 
3.190000000000000000e+02 
0.0
-1.0
-1.0
321.0
-1.10451612864
-1.53907034227
0.889118591601
288.0
3.210000000000000000e+02 
3.200000000000000000e+02 
0.0
-1.0
-1.0
322.0
-1.08376340026
-1.51464066152
0.878431328245
288.0
3.220000000000000000e+02 
3.210000000000000000e+02 
0.0
-1.0
-1.0
323.0
-1.07316271819
-1.50450248984
0.806694321678
289.0
3.230000000000000000e+02 
3.220000000000000000e+02 
0.0
-1.0
-1.0
324.0
-1.04895976667
-1.48024733597
0.823107531663
289.0
3.240000000000000000e+02 
3.230000000000000000e+02 
0.0
-1.0
-1.0
325.0
-1.04324691553
-1.4753926809
0.801970917966
290.0
3.250000000000000000e+02 
3.240000000000000000e+02 
0.0
-1.0
-1.0
326.0
-1.03310945009
-1.46720503399
0.715434440354
291.0
3.260000000000000000e+02 
3.250000000000000000e+02 
0.0
-1.0
-1.0
327.0
-1.00761971406
-1.4471050919
0.711798058592
292.0
3.270000000000000000e+02 
3.260000000000000000e+02 
0.0
-1.0
-1.0
328.0
-0.990872164701
-1.43456665034
0.648811732451
293.0
3.280000000000000000e+02 
3.270000000000000000e+02 
0.0
-1.0
-1.0
329.0
-0.982407524985
-1.42988102172
0.587525421699
294.0
3.290000000000000000e+02 
3.280000000000000000e+02 
0.0
-1.0
-1.0
330.0
-0.961234384941
-1.41787133958
0.548939086112
295.0
3.300000000000000000e+02 
3.290000000000000000e+02 
0.0
-1.0
-1.0
331.0
-0.939664117999
-1.4067316904
0.499052685467
296.0
3.310000000000000000e+02 
3.300000000000000000e+02 
0.0
-1.0
-1.0
332.0
-0.926393680324
-1.40115790944
0.464866179552
297.0
3.320000000000000000e+02 
3.310000000000000000e+02 
0.0
-1.0
-1.0
333.0
-0.908547559757
-1.39390708894
0.433229528163
298.0
3.330000000000000000e+02 
3.320000000000000000e+02 
0.0
-1.0
-1.0
334.0
-0.88563997694
-1.38537046285
0.390292691112
299.0
3.340000000000000000e+02 
3.330000000000000000e+02 
0.0
-1.0
-1.0
335.0
-0.85787560097
-1.3757808717
0.359555628226
300.0
3.350000000000000000e+02 
3.340000000000000000e+02 
0.0
-1.0
-1.0
336.0
-0.829708990981
-1.36699585821
0.330568299356
301.0
3.360000000000000000e+02 
3.350000000000000000e+02 
0.0
-1.0
-1.0
337.0
-0.806027806064
-1.36039715944
0.315580664377
302.0
3.370000000000000000e+02 
3.360000000000000000e+02 
0.0
-1.0
-1.0
338.0
-0.782498633809
-1.35414508034
0.310192683197
303.0
3.380000000000000000e+02 
3.370000000000000000e+02 
0.0
-1.0
-1.0
339.0
-0.754111489238
-1.34651174587
0.30565431576
304.0
3.390000000000000000e+02 
3.380000000000000000e+02 
0.0
-1.0
-1.0
340.0
-0.730362707808
-1.3402975039
0.308115522055
305.0
3.400000000000000000e+02 
3.390000000000000000e+02 
0.0
-1.0
-1.0
341.0
-0.706683387238
-1.33403080195
0.309726262121
306.0
3.410000000000000000e+02 
3.400000000000000000e+02 
0.0
-1.0
-1.0
342.0
-0.678346845733
-1.32607674576
0.322636496052
307.0
3.420000000000000000e+02 
3.410000000000000000e+02 
0.0
-1.0
-1.0
343.0
-0.649985692559
-1.31771770514
0.334696184011
308.0
3.430000000000000000e+02 
3.420000000000000000e+02 
0.0
-1.0
-1.0
344.0
-0.635927034291
-1.31389324351
0.350205286228
309.0
3.440000000000000000e+02 
3.430000000000000000e+02 
0.0
-1.0
-1.0
345.0
-0.607890616202
-1.3046166199
0.37011376302
310.0
3.450000000000000000e+02 
3.440000000000000000e+02 
0.0
-1.0
-1.0
346.0
-0.584839024857
-1.29672174932
0.387371574789
311.0
3.460000000000000000e+02 
3.450000000000000000e+02 
0.0
-1.0
-1.0
347.0
-0.557181373671
-1.28661076684
0.395028682039
312.0
3.470000000000000000e+02 
3.460000000000000000e+02 
0.0
-1.0
-1.0
348.0
-0.534059786177
-1.27822392075
0.397485045381
313.0
3.480000000000000000e+02 
3.470000000000000000e+02 
0.0
-1.0
-1.0
349.0
-0.506550144188
-1.26802205543
0.395590625545
314.0
3.490000000000000000e+02 
3.480000000000000000e+02 
0.0
-1.0
-1.0
350.0
-0.483488044719
-1.25989656308
0.382345383386
315.0
3.500000000000000000e+02 
3.490000000000000000e+02 
0.0
-1.0
-1.0
351.0
-0.460289577609
-1.25226762854
0.3594992799
316.0
3.510000000000000000e+02 
3.500000000000000000e+02 
0.0
-1.0
-1.0
352.0
-0.427650891218
-1.24208874084
0.32440227623
317.0
3.520000000000000000e+02 
3.510000000000000000e+02 
0.0
-1.0
-1.0
353.0
-0.399229451118
-1.23412798453
0.304154333674
318.0
3.530000000000000000e+02 
3.520000000000000000e+02 
0.0
-1.0
-1.0
354.0
-0.375737118998
-1.22817176546
0.290055413702
319.0
3.540000000000000000e+02 
3.530000000000000000e+02 
0.0
-1.0
-1.0
355.0
-0.351893614571
-1.22235254026
0.287305477959
320.0
3.550000000000000000e+02 
3.540000000000000000e+02 
0.0
-1.0
-1.0
356.0
-0.332879194402
-1.21784065547
0.29845448828
321.0
3.560000000000000000e+02 
3.550000000000000000e+02 
0.0
-1.0
-1.0
357.0
-0.318620067879
-1.21453707214
0.307002406693
322.0
3.570000000000000000e+02 
3.560000000000000000e+02 
0.0
-1.0
-1.0
358.0
-0.299687203766
-1.20943762733
0.325999195437
323.0
3.580000000000000000e+02 
3.570000000000000000e+02 
0.0
-1.0
-1.0
359.0
-0.285567391851
-1.20571622412
0.33884481696
324.0
3.590000000000000000e+02 
3.580000000000000000e+02 
0.0
-1.0
-1.0
360.0
-0.271620358589
-1.20180890826
0.353489233935
325.0
3.600000000000000000e+02 
3.590000000000000000e+02 
0.0
-1.0
-1.0
361.0
-0.253243690258
-1.1959025826
0.379432409262
326.0
3.610000000000000000e+02 
3.600000000000000000e+02 
0.0
-1.0
-1.0
362.0
-0.234820783888
-1.18943705075
0.404524306076
327.0
3.620000000000000000e+02 
3.610000000000000000e+02 
0.0
-1.0
-1.0
363.0
-0.216525122164
-1.18267221205
0.41651488775
328.0
3.630000000000000000e+02 
3.620000000000000000e+02 
0.0
-1.0
-1.0
364.0
-0.202942233491
-1.17773848073
0.4285541179
329.0
3.640000000000000000e+02 
3.630000000000000000e+02 
0.0
-1.0
-1.0
365.0
-0.189339073016
-1.17261069093
0.436191960386
330.0
3.650000000000000000e+02 
3.640000000000000000e+02 
0.0
-1.0
-1.0
366.0
-0.175928545399
-1.16742855046
0.444728379311
331.0
3.660000000000000000e+02 
3.650000000000000000e+02 
0.0
-1.0
-1.0
367.0
-0.167065656584
-1.16409939106
0.470713339019
332.0
3.670000000000000000e+02 
3.660000000000000000e+02 
0.0
-1.0
-1.0
368.0
-0.153954904984
-1.15842735364
0.485346804093
333.0
3.680000000000000000e+02 
3.670000000000000000e+02 
0.0
-1.0
-1.0
369.0
-0.14494700373
-1.15462540987
0.506128739346
334.0
3.690000000000000000e+02 
3.680000000000000000e+02 
0.0
-1.0
-1.0
370.0
-0.140643461165
-1.15327136137
0.513759109814
335.0
3.700000000000000000e+02 
3.690000000000000000e+02 
0.0
-1.0
-1.0
371.0
-0.131959925557
-1.14930678555
0.533637880738
336.0
3.710000000000000000e+02 
3.700000000000000000e+02 
0.0
-1.0
-1.0
372.0
-0.123483569255
-1.14528946775
0.545615017558
337.0
3.720000000000000000e+02 
3.710000000000000000e+02 
0.0
-1.0
-1.0
373.0
-0.115052313142
-1.14110560905
0.564590485885
338.0
3.730000000000000000e+02 
3.720000000000000000e+02 
0.0
-1.0
-1.0
374.0
-0.11090730979
-1.13950180224
0.570464251482
339.0
3.740000000000000000e+02 
3.730000000000000000e+02 
0.0
-1.0
-1.0
375.0
-0.10699340276
-1.13800414731
0.630436280237
340.0
3.750000000000000000e+02 
3.740000000000000000e+02 
0.0
-1.0
-1.0
376.0
-0.107049811776
-1.13902721805
0.782906538133
341.0
3.760000000000000000e+02 
3.750000000000000000e+02 
0.0
-1.0
-1.0
377.0
-0.107078626122
-1.1400096875
0.885624991207
342.0
3.770000000000000000e+02 
3.760000000000000000e+02 
0.0
-1.0
-1.0
378.0
-0.107143991475
-1.14102828909
0.990991605514
343.0
3.780000000000000000e+02 
3.770000000000000000e+02 
0.0
-1.0
-1.0
379.0
-0.105297697673
-1.13841994613
1.09460634708
344.0
3.790000000000000000e+02 
3.780000000000000000e+02 
0.0
-1.0
-1.0
380.0
-0.100777120984
-1.13032762516
1.11531918185
345.0
3.800000000000000000e+02 
3.790000000000000000e+02 
0.0
-1.0
-1.0
381.0
-0.0965731284798
-1.12241384394
1.13783007561
346.0
3.810000000000000000e+02 
3.800000000000000000e+02 
0.0
-1.0
-1.0
382.0
-0.0925135398523
-1.11426704055
1.16033899399
347.0
3.820000000000000000e+02 
3.810000000000000000e+02 
0.0
-1.0
-1.0
383.0
-0.0924440666824
-1.11490538434
1.30144590229
348.0
3.830000000000000000e+02 
3.820000000000000000e+02 
0.0
-1.0
-1.0
384.0
-0.0917048397456
-1.11220182092
1.35970076549
349.0
3.840000000000000000e+02 
3.830000000000000000e+02 
0.0
-1.0
-1.0
385.0
-0.0888745382344
-1.09808479221
1.39960354815
350.0
3.850000000000000000e+02 
3.840000000000000000e+02 
0.0
-1.0
-1.0
386.0
-0.0874348907337
-1.0891529048
1.43250421428
351.0
3.860000000000000000e+02 
3.850000000000000000e+02 
0.0
-1.0
-1.0
387.0
-0.0863431710038
-1.08037254807
1.46540272729
352.0
3.870000000000000000e+02 
3.860000000000000000e+02 
0.0
-1.0
-1.0
388.0
-0.0854955366469
-1.07151266641
1.48869904985
353.0
3.880000000000000000e+02 
3.870000000000000000e+02 
0.0
-1.0
-1.0
389.0
-0.0846451388932
-1.05783545084
1.52509314383
354.0
3.890000000000000000e+02 
3.880000000000000000e+02 
0.0
-1.0
-1.0
390.0
-0.084775591161
-1.058173326
1.67493497013
355.0
3.900000000000000000e+02 
3.890000000000000000e+02 
0.0
-1.0
-1.0
391.0
-0.0856456953174
-1.05537928248
1.7733244886
356.0
3.910000000000000000e+02 
3.900000000000000000e+02 
0.0
-1.0
-1.0
392.0
-0.091641218763
-1.03211400806
1.84636165788
357.0
3.920000000000000000e+02 
3.910000000000000000e+02 
0.0
-1.0
-1.0
393.0
-0.0993724959348
-1.00964321286
1.91594643531
358.0
3.930000000000000000e+02 
3.920000000000000000e+02 
0.0
-1.0
-1.0
394.0
-0.112007991701
-0.978459472718
1.96197877676
358.0
3.940000000000000000e+02 
3.930000000000000000e+02 
0.0
-1.0
-1.0
395.0
-0.117784479068
-0.965795359874
1.97390863652
359.0
3.950000000000000000e+02 
3.940000000000000000e+02 
0.0
-1.0
-1.0
396.0
-0.131339835471
-0.934862840976
1.97018596713
359.0
3.960000000000000000e+02 
3.950000000000000000e+02 
0.0
-1.0
-1.0
397.0
-0.140931049696
-0.912943578876
1.96906071929
360.0
3.970000000000000000e+02 
3.960000000000000000e+02 
0.0
-1.0
-1.0
398.0
-0.153945638795
-0.881671351986
1.94788284169
360.0
3.980000000000000000e+02 
3.970000000000000000e+02 
0.0
-1.0
-1.0
399.0
-0.164493386346
-0.854961094143
1.9267022809
361.0
3.990000000000000000e+02 
3.980000000000000000e+02 
0.0
-1.0
-1.0
400.0
-0.176122512425
-0.823053070862
1.90721898126
361.0
4.000000000000000000e+02 
3.990000000000000000e+02 
0.0
-1.0
-1.0
401.0
-0.186915284234
-0.791123546502
1.87988288473
361.0
4.010000000000000000e+02 
4.000000000000000000e+02 
0.0
-1.0
-1.0
402.0
-0.210441118321
-0.7277222847
1.93850824721
1.0
4.030000000000000000e+02 
4.020000000000000000e+02 
0.0
-1.0
-1.0
403.0
-0.256589311744
-0.619095081884
1.98132853259
3.0
4.050000000000000000e+02 
4.040000000000000000e+02 
0.0
-1.0
-1.0
404.0
-0.25739272868
-0.617564197756
1.98320112966
362.0
4.060000000000000000e+02 
4.050000000000000000e+02 
0.0
-1.0
-1.0
405.0
-0.28151241256
-0.567732937073
2.03240283349
363.0
4.080000000000000000e+02 
4.070000000000000000e+02 
0.0
-1.0
-1.0
406.0
-0.296873647128
-0.53784910048
2.04779258062
364.0
4.090000000000000000e+02 
4.080000000000000000e+02 
0.0
-1.0
-1.0
407.0
-0.312857815947
-0.508224937961
2.06167462908
365.0
4.100000000000000000e+02 
4.090000000000000000e+02 
0.0
-1.0
-1.0
408.0
-0.324563266172
-0.487249427988
2.07159279233
366.0
4.110000000000000000e+02 
4.100000000000000000e+02 
0.0
-1.0
-1.0
409.0
-0.333912539407
-0.471306871282
2.08918012156
367.0
4.120000000000000000e+02 
4.110000000000000000e+02 
0.0
-1.0
-1.0
410.0
-0.34363149408
-0.455281742238
2.10478128056
368.0
4.130000000000000000e+02 
4.120000000000000000e+02 
0.0
-1.0
-1.0
411.0
-0.351092284191
-0.443549331845
2.11880212589
369.0
4.140000000000000000e+02 
4.130000000000000000e+02 
0.0
-1.0
-1.0
412.0
-0.358667269979
-0.431937930976
2.12835610814
370.0
4.150000000000000000e+02 
4.140000000000000000e+02 
0.0
-1.0
-1.0
413.0
-0.369144695946
-0.416238881338
2.14697322445
371.0
4.160000000000000000e+02 
4.150000000000000000e+02 
0.0
-1.0
-1.0
414.0
-0.374336622039
-0.408963048434
2.15325741938
372.0
4.170000000000000000e+02 
4.160000000000000000e+02 
0.0
-1.0
-1.0
415.0
-0.379589352371
-0.401719470534
2.16212983128
373.0
4.180000000000000000e+02 
4.170000000000000000e+02 
0.0
-1.0
-1.0
416.0
-0.38783491364
-0.390456843527
2.18008136854
374.0
4.190000000000000000e+02 
4.180000000000000000e+02 
0.0
-1.0
-1.0
417.0
-0.393383318005
-0.383402122564
2.19757317286
375.0
4.200000000000000000e+02 
4.190000000000000000e+02 
0.0
-1.0
-1.0
418.0
-0.39900251227
-0.376514670813
2.21332015638
376.0
4.210000000000000000e+02 
4.200000000000000000e+02 
0.0
-1.0
-1.0
419.0
-0.407845951959
-0.365726335363
2.2363012658
377.0
4.220000000000000000e+02 
4.210000000000000000e+02 
0.0
-1.0
-1.0
420.0
-0.42047429742
-0.351172003205
2.27621097245
378.0
4.230000000000000000e+02 
4.220000000000000000e+02 
0.0
-1.0
-1.0
421.0
-0.43008626625
-0.341000323273
2.29917133342
379.0
4.240000000000000000e+02 
4.230000000000000000e+02 
0.0
-1.0
-1.0
422.0
-0.464836599038
-0.306888933183
2.37566982273
19.0

4.250000000000000000e+02 
0.0
-1.0
-1.0
423.0
-0.484681407308
-0.289642278021
2.40546219059
380.0
4.270000000000000000e+02 4.280000000000000000e+02 
4.260000000000000000e+02 
0.0
-1.0
-1.0
424.0
-0.683442179755
-0.169728041945
2.66228553617
29.0
4.310000000000000000e+02 
4.300000000000000000e+02 
0.0
-1.0
-1.0
425.0
-0.765072053725
-0.128242696222
2.63825604539
32.0
4.330000000000000000e+02 
4.320000000000000000e+02 
0.0
-1.0
-1.0
426.0
-0.830508615124
-0.09467947138
2.60762592239
36.0
4.350000000000000000e+02 
4.340000000000000000e+02 
0.0
-1.0
-1.0
427.0
-0.855500360476
-0.0811440828341
2.59299781685
37.0
4.370000000000000000e+02 
4.360000000000000000e+02 5.440000000000000000e+02 
0.0
-1.0
-1.0
428.0
-0.877213733682
-0.0710357883489
2.67126182466
381.0
4.390000000000000000e+02 
4.380000000000000000e+02 5.460000000000000000e+02 
0.0
-1.0
-1.0
429.0
-0.881654106926
-0.0747756211432
2.77005320927
382.0
4.400000000000000000e+02 
4.390000000000000000e+02 
0.0
-1.0
-1.0
430.0
-0.893142814613
-0.0756931465943
2.90268164989
383.0
4.410000000000000000e+02 
4.400000000000000000e+02 
0.0
-1.0
-1.0
431.0
-0.905632145366
-0.0785256275047
3.02117116572
384.0
4.420000000000000000e+02 
4.410000000000000000e+02 
0.0
-1.0
-1.0
432.0
-0.923078728443
-0.0833961156227
-3.13532387029
385.0
4.430000000000000000e+02 5.470000000000000000e+02 
4.420000000000000000e+02 
0.0
-1.0
-1.0
433.0
-0.959907696245
-0.0875222178449
-3.00148351164
386.0
4.440000000000000000e+02 
4.430000000000000000e+02 5.480000000000000000e+02 
0.0
-1.0
-1.0
434.0
-0.985547050264
-0.0997631395894
-2.99923265172
386.0
4.450000000000000000e+02 
4.440000000000000000e+02 
0.0
-1.0
-1.0
435.0
-0.98611262569
-0.106318462141
-2.99011488408
387.0
4.460000000000000000e+02 
4.450000000000000000e+02 
0.0
-1.0
-1.0
436.0
-1.01626396962
-0.117228794687
-2.98314023125
387.0
4.470000000000000000e+02 
4.460000000000000000e+02 
0.0
-1.0
-1.0
437.0
-1.03147720853
-0.126288122211
-2.9546073279
388.0
4.480000000000000000e+02 
4.470000000000000000e+02 
0.0
-1.0
-1.0
438.0
-1.0613413233
-0.138910886519
-2.91460087903
388.0
4.490000000000000000e+02 
4.480000000000000000e+02 
0.0
-1.0
-1.0
439.0
-1.06194092219
-0.145917943073
-2.89853212057
389.0
4.500000000000000000e+02 
4.490000000000000000e+02 
0.0
-1.0
-1.0
440.0
-1.09115088163
-0.160526820549
-2.8527048246
389.0
4.510000000000000000e+02 5.490000000000000000e+02 
4.500000000000000000e+02 
0.0
-1.0
-1.0
441.0
-1.13519532648
-0.177593342089
-2.80597028786
115.0
4.520000000000000000e+02 
4.510000000000000000e+02 5.500000000000000000e+02 
0.0
-1.0
-1.0
442.0
-1.16933928934
-0.211277173985
-2.6464910463
115.0
4.540000000000000000e+02 
4.530000000000000000e+02 
0.0
-1.0
-1.0
443.0
-1.28026235204
-0.288901740336
-2.89730535547
118.0
4.560000000000000000e+02 
4.550000000000000000e+02 
0.0
-1.0
-1.0
444.0
-1.4506388628
-0.370167474235
-2.9852807866
122.0
4.580000000000000000e+02 
4.570000000000000000e+02 
0.0
-1.0
-1.0
445.0
-1.47365092033
-0.380450563523
-2.95397089715
390.0
4.600000000000000000e+02 
4.590000000000000000e+02 5.510000000000000000e+02 
0.0
-1.0
-1.0
446.0
-1.50136035995
-0.395610484946
-2.89519510075
390.0
4.610000000000000000e+02 
4.600000000000000000e+02 
0.0
-1.0
-1.0
447.0
-1.50296818583
-0.405050525858
-2.8234865149
391.0
4.620000000000000000e+02 5.520000000000000000e+02 
4.610000000000000000e+02 
0.0
-1.0
-1.0
448.0
-1.52775145243
-0.418046923798
-2.69773313933
392.0
4.630000000000000000e+02 
4.620000000000000000e+02 5.530000000000000000e+02 
0.0
-1.0
-1.0
449.0
-1.54182994851
-0.439525073265
-2.60506377658
392.0
4.640000000000000000e+02 
4.630000000000000000e+02 
0.0
-1.0
-1.0
450.0
-1.53660936478
-0.447835551099
-2.58037798515
393.0
4.650000000000000000e+02 
4.640000000000000000e+02 
0.0
-1.0
-1.0
451.0
-1.55676086221
-0.475324896647
-2.48703488895
394.0
4.660000000000000000e+02 
4.650000000000000000e+02 
0.0
-1.0
-1.0
452.0
-1.57558423375
-0.504000764698
-2.38595575474
394.0
4.670000000000000000e+02 
4.660000000000000000e+02 
0.0
-1.0
-1.0
453.0
-1.57458488881
-0.517190317122
-2.38194770543
395.0
4.680000000000000000e+02 5.540000000000000000e+02 
4.670000000000000000e+02 
0.0
-1.0
-1.0
454.0
-1.60088730306
-0.550080551228
-2.32696221479
396.0
4.690000000000000000e+02 5.560000000000000000e+02 
4.680000000000000000e+02 5.550000000000000000e+02 
0.0
-1.0
-1.0
455.0
-1.61749347222
-0.56472462178
-2.35985789198
396.0
4.700000000000000000e+02 
4.690000000000000000e+02 
0.0
-1.0
-1.0
456.0
-1.61173418531
-0.573838729223
-2.32996420118
397.0
4.710000000000000000e+02 
4.700000000000000000e+02 5.560000000000000000e+02 
0.0
-1.0
-1.0
457.0
-1.6253174326
-0.605486917248
-2.26104283391
397.0
4.720000000000000000e+02 
4.710000000000000000e+02 
0.0
-1.0
-1.0
458.0
-1.62348224156
-0.619601689418
-2.25447225585
398.0
4.730000000000000000e+02 5.570000000000000000e+02 
4.720000000000000000e+02 
0.0
-1.0
-1.0
459.0
-1.64042296979
-0.646496649123
-2.20174372097
399.0
4.740000000000000000e+02 
4.730000000000000000e+02 5.580000000000000000e+02 
0.0
-1.0
-1.0
460.0
-1.64538704814
-0.682679261554
-2.09425249882
399.0
4.750000000000000000e+02 
4.740000000000000000e+02 
0.0
-1.0
-1.0
461.0
-1.64331262662
-0.701272792804
-1.99482293304
400.0
4.760000000000000000e+02 
4.750000000000000000e+02 
0.0
-1.0
-1.0
462.0
-1.64859920376
-0.739632017576
-1.90759269345
400.0
4.770000000000000000e+02 
4.760000000000000000e+02 
0.0
-1.0
-1.0
463.0
-1.64170288113
-0.74975461964
-1.88646289517
401.0
4.780000000000000000e+02 
4.770000000000000000e+02 
0.0
-1.0
-1.0
464.0
-1.63875268935
-0.777545303295
-1.76751751759
402.0
4.790000000000000000e+02 5.590000000000000000e+02 
4.780000000000000000e+02 
0.0
-1.0
-1.0
465.0
-1.64172013217
-0.811995487155
-1.69542734288
403.0
4.800000000000000000e+02 
4.790000000000000000e+02 5.600000000000000000e+02 
0.0
-1.0
-1.0
466.0
-1.63182003025
-0.833455557352
-1.58644862114
404.0
5.610000000000000000e+02 
4.800000000000000000e+02 
0.0
-1.0
-1.0
467
-1.50971222693
-1.02870498138
-0.656025023021
405
4.810000000000000000e+02 5.690000000000000000e+02 
5.680000000000000000e+02 
0
-1
-1
468
-1.48179199918
-1.0393238245
0.798107672742
405
4.820000000000000000e+02 
4.810000000000000000e+02 
0
-1
-1
469
-1.45678426436
-1.04060473928
0.339593343721
406
4.830000000000000000e+02 5.730000000000000000e+02 
4.820000000000000000e+02 5.720000000000000000e+02 
0
-1
-1
470
-1.45108616151
-0.996290841292
0.972770769009
406
4.840000000000000000e+02 
4.830000000000000000e+02 
0
-1
-1
471
-1.43041705503
-0.971856851148
1.07881188794
406
4.850000000000000000e+02 
4.840000000000000000e+02 
0
-1
-1
472
-1.42539145051
-0.966297660999
1.16217548968
407
4.860000000000000000e+02 5.770000000000000000e+02 
4.850000000000000000e+02 5.760000000000000000e+02 
0
-1
-1
473
-1.40250360646
-0.946860560768
1.06855838938
407
4.870000000000000000e+02 
4.860000000000000000e+02 
0
-1
-1
474
-1.3900703525
-0.93637204334
1.05899002091
408
4.880000000000000000e+02 5.790000000000000000e+02 
4.870000000000000000e+02 5.780000000000000000e+02 
0
-1
-1
475
-1.37191713066
-0.903621967354
1.14259243949
408
4.890000000000000000e+02 
4.880000000000000000e+02 
0
-1
-1
476
-1.36049732639
-0.888432824622
1.1694929506
409
4.900000000000000000e+02 5.810000000000000000e+02 
4.890000000000000000e+02 5.800000000000000000e+02 
0
-1
-1
477
-1.3397855404
-0.855676949695
1.18450084666
409
4.910000000000000000e+02 
4.900000000000000000e+02 
0
-1
-1
478
-1.32727612053
-0.83836865038
1.19546446232
410
4.920000000000000000e+02 5.830000000000000000e+02 
4.910000000000000000e+02 5.820000000000000000e+02 
0
-1
-1
479
-1.31222640255
-0.803220923764
1.20039095972
410
4.930000000000000000e+02 
4.920000000000000000e+02 
0
-1
-1
480
-1.30227581577
-0.805218727266
1.20397417415
411
4.940000000000000000e+02 5.840000000000000000e+02 
4.930000000000000000e+02 5.830000000000000000e+02 
0
-1
-1
481
-1.29512098863
-0.776956020306
1.20682947311
411
4.950000000000000000e+02 
4.940000000000000000e+02 
0
-1
-1
482
-1.28337287809
-0.774342565529
1.20336263039
412
4.960000000000000000e+02 5.850000000000000000e+02 
4.950000000000000000e+02 5.840000000000000000e+02 
0
-1
-1
483
-1.26927885491
-0.739838614812
1.15393066292
412
4.970000000000000000e+02 
4.960000000000000000e+02 
0
-1
-1
484
-1.26073356773
-0.732921773701
1.14234624976
413
4.980000000000000000e+02 
4.970000000000000000e+02 5.860000000000000000e+02 
0
-1
-1
485
-1.2332586256
-0.713167749778
1.08658774512
413
4.990000000000000000e+02 5.870000000000000000e+02 
4.980000000000000000e+02 
0
-1
-1
486
-1.22584853604
-0.706727427428
1.07386472048
414
5.000000000000000000e+02 5.890000000000000000e+02 
4.990000000000000000e+02 5.880000000000000000e+02 
0
-1
-1
487
-1.1991197552
-0.675728104746
1.00399516676
415
5.010000000000000000e+02 5.910000000000000000e+02 
5.000000000000000000e+02 5.900000000000000000e+02 
0
-1
-1
488
-1.17889682936
-0.652039680452
0.945993170555
415
5.020000000000000000e+02 
5.010000000000000000e+02 
0
-1
-1
489
-1.17188015045
-0.651276309915
0.938275503264
416
5.030000000000000000e+02 5.930000000000000000e+02 
5.020000000000000000e+02 5.920000000000000000e+02 
0
-1
-1
490
-1.15114580616
-0.62793221335
0.867113605639
416
5.040000000000000000e+02 
5.030000000000000000e+02 
0
-1
-1
491
-1.13955922241
-0.630793361011
0.856476486487
417
5.050000000000000000e+02 
5.040000000000000000e+02 5.930000000000000000e+02 
0
-1
-1
492
-1.11108866753
-0.615832779662
0.794434417734
418
5.060000000000000000e+02 5.940000000000000000e+02 
5.050000000000000000e+02 
0
-1
-1
493
-1.08565200799
-0.592433034406
0.703001683215
418
5.070000000000000000e+02 
5.060000000000000000e+02 
0
-1
-1
494
-1.07775679102
-0.592569847767
0.690783832706
419
5.080000000000000000e+02 5.960000000000000000e+02 
5.070000000000000000e+02 5.950000000000000000e+02 
0
-1
-1
495
-1.04498978523
-0.576473419791
0.606843417481
419
5.090000000000000000e+02 
5.080000000000000000e+02 
0
-1
-1
496
-1.01859788042
-0.560914075186
0.755539756488
420
5.100000000000000000e+02 5.980000000000000000e+02 
5.090000000000000000e+02 5.970000000000000000e+02 
0
-1
-1
497
-0.999506998858
-0.540374755792
0.890583023652
420
5.110000000000000000e+02 
5.100000000000000000e+02 
0
-1
-1
498
-0.975816672566
-0.527040542804
0.941888132393
421
5.120000000000000000e+02 
5.110000000000000000e+02 5.980000000000000000e+02 
0
-1
-1
499
-0.947365715304
-0.507462965921
0.92150250717
421
5.130000000000000000e+02 
5.120000000000000000e+02 
0
-1
-1
500
-0.920852485412
-0.490430116242
0.912629782489
422
5.140000000000000000e+02 
5.130000000000000000e+02 
0
-1
-1
501
-0.893081561333
-0.470369906294
1.02152342448
422
5.150000000000000000e+02 
5.140000000000000000e+02 
0
-1
-1
502
-0.866698868171
-0.446958268994
1.03013669885
422
5.160000000000000000e+02 
5.150000000000000000e+02 
0
-1
-1
503
-0.855905359645
-0.449352553394
1.03437264197
423
5.170000000000000000e+02 
5.160000000000000000e+02 
0
-1
-1
504
-0.830232046641
-0.426042530514
1.05783403549
423
5.180000000000000000e+02 
5.170000000000000000e+02 
0
-1
-1
505
-0.807751747592
-0.402763600583
1.15992338466
423
5.190000000000000000e+02 
5.180000000000000000e+02 
0
-1
-1
506
-0.795510861949
-0.400171188596
1.16339290054
424
5.200000000000000000e+02 
5.190000000000000000e+02 
0
-1
-1
507
-0.776064216422
-0.37775939757
1.28649448616
424
5.210000000000000000e+02 
5.200000000000000000e+02 
0
-1
-1
508
-0.760777421759
-0.360436430728
1.27957972673
425
5.220000000000000000e+02 
5.210000000000000000e+02 
0
-1
-1
509
-0.744549756016
-0.332708940697
1.41844988367
426
5.230000000000000000e+02 
5.220000000000000000e+02 
0
-1
-1
510
-0.731217604263
-0.306096419946
1.48310589257
426
5.240000000000000000e+02 
5.230000000000000000e+02 
0
-1
-1
511
-0.722675532088
-0.302813207681
1.55654836467
427
5.250000000000000000e+02 
5.240000000000000000e+02 
0
-1
-1
512
-0.716072235747
-0.280901115321
1.62307759177
428
5.260000000000000000e+02 
5.250000000000000000e+02 
0
-1
-1
513
-0.709599394423
-0.269161909921
1.71404355432
429
5.270000000000000000e+02 
5.260000000000000000e+02 
0
-1
-1
514
-0.705127050034
-0.259221451095
1.8355959323
430
5.280000000000000000e+02 
5.270000000000000000e+02 
0
-1
-1
515
-0.702605053464
-0.249753575293
1.94933411865
431
5.290000000000000000e+02 
5.280000000000000000e+02 
0
-1
-1
516
-0.703358791966
-0.238446860966
2.09280723497
432
5.300000000000000000e+02 
5.290000000000000000e+02 
0
-1
-1
517
-0.702826792668
-0.233369914291
2.17866414898
433
5.310000000000000000e+02 
5.300000000000000000e+02 
0
-1
-1
518
-0.707634294015
-0.224265012079
2.32215349364
434
5.320000000000000000e+02 
5.310000000000000000e+02 
0
-1
-1
519
-0.714927670259
-0.215755781215
2.3662736875
435
5.330000000000000000e+02 
5.320000000000000000e+02 
0
-1
-1
520
-0.728115440569
-0.201153764216
2.35192295598
436
5.340000000000000000e+02 
5.330000000000000000e+02 
0
-1
-1
521
-0.74061913481
-0.185858708493
2.3061493533
437
5.350000000000000000e+02 
5.340000000000000000e+02 
0
-1
-1
522
-0.749038621931
-0.173641807568
2.29095078488
438
5.360000000000000000e+02 
5.350000000000000000e+02 
0
-1
-1
523
-0.760753017008
-0.157768691751
2.30022502987
439
5.370000000000000000e+02 
5.360000000000000000e+02 
0
-1
-1
524
-0.769562609813
-0.14591230077
2.32431976371
440
5.380000000000000000e+02 
5.370000000000000000e+02 
0
-1
-1
525
-0.78605294219
-0.127605718431
2.37293258041
440
5.390000000000000000e+02 
5.380000000000000000e+02 
0
-1
-1
526
-0.781842365753
-0.13057169026
2.38746101456
441
5.400000000000000000e+02 
5.390000000000000000e+02 
0
-1
-1
527
-0.79244985791
-0.120378027173
2.42825256279
442
5.410000000000000000e+02 
5.400000000000000000e+02 
0
-1
-1
528
-0.806519744504
-0.109229606985
2.51090470464
443
5.420000000000000000e+02 
5.410000000000000000e+02 
0
-1
-1
529
-0.818927003311
-0.101232097944
2.53771492275
444
5.430000000000000000e+02 
5.420000000000000000e+02 
0
-1
-1
530
-0.851234081683
-0.083751546211
2.52749781685
445
5.440000000000000000e+02 

0
-1
-1
531
-0.874127023148
-0.0725768003782
2.6504579637
38
5.460000000000000000e+02 
5.450000000000000000e+02 
0
-1
-1
532
-0.941436426707
-0.0859264394965
-3.09189870302
385
5.480000000000000000e+02 
5.470000000000000000e+02 
0
-1
-1
533
-1.11198459368
-0.169444033977
-2.82565297783
389
5.500000000000000000e+02 
5.490000000000000000e+02 
0
-1
-1
534
-1.51543689884
-0.412524828742
-2.785376362
391
5.530000000000000000e+02 
5.520000000000000000e+02 
0
-1
-1
535
-1.58750560896
-0.535487179643
-2.335695501
395
5.550000000000000000e+02 
5.540000000000000000e+02 
0
-1
-1
536
-1.63736591811
-0.642477080109
-2.20828568935
398
5.580000000000000000e+02 
5.570000000000000000e+02 
0
-1
-1
537
-1.64077139467
-0.805515165245
-1.74628013967
402
5.600000000000000000e+02 
5.590000000000000000e+02 
0
-1
-1
538
-1.62289479439
-0.869808245826
-1.55843112951
446
5.620000000000000000e+02 
5.610000000000000000e+02 
0
-1
-1
539
-1.61332877503
-0.897605898486
-1.43314753837
447
5.630000000000000000e+02 
5.620000000000000000e+02 
0
-1
-1
540
-1.60093804283
-0.923741692156
-1.29144158883
448
5.640000000000000000e+02 
5.630000000000000000e+02 
0
-1
-1
541
-1.58594460667
-0.949065930472
-1.15502677429
449
5.650000000000000000e+02 
5.640000000000000000e+02 
0
-1
-1
542
-1.56817551505
-0.973232337373
-1.00293475445
450
5.660000000000000000e+02 
5.650000000000000000e+02 
0
-1
-1
543
-1.55013148668
-0.993200481321
-0.87975732033
451
5.670000000000000000e+02 
5.660000000000000000e+02 
0
-1
-1
544
-1.52557256385
-1.01636118219
-0.714682998194
452
5.680000000000000000e+02 
5.670000000000000000e+02 
0
-1
-1
545
-1.50831750202
-1.03137958656
-0.462267971681
405
5.700000000000000000e+02 
5.690000000000000000e+02 
0
-1
-1
546
-1.49813338397
-1.04179729175
-0.0757794493402
405
5.710000000000000000e+02 
5.700000000000000000e+02 
0
-1
-1
547
-1.48658773383
-1.03676424982
0.355690632987
406
5.720000000000000000e+02 
5.710000000000000000e+02 
0
-1
-1
548
-1.45961843497
-1.0211659463
1.80865194434
406
5.740000000000000000e+02 
5.730000000000000000e+02 
0
-1
-1
549
-1.44354169494
-0.99078266613
1.21969687676
406
5.750000000000000000e+02 
5.740000000000000000e+02 
0
-1
-1
550
-1.43375410372
-0.989538211
1.14972469772
407
5.760000000000000000e+02 
5.750000000000000000e+02 
0
-1
-1
551
-1.40308700733
-0.957422024547
0.960529899585
407
5.780000000000000000e+02 
5.770000000000000000e+02 
0
-1
-1
552
-1.36617501981
-0.902154531546
1.1957510208
408
5.800000000000000000e+02 
5.790000000000000000e+02 
0
-1
-1
553
-1.3383683012
-0.865973093784
1.16465543239
409
5.820000000000000000e+02 
5.810000000000000000e+02 
0
-1
-1
554
-1.26675636345
-0.746549933738
1.16636557931
412
5.860000000000000000e+02 
5.850000000000000000e+02 
0
-1
-1
555
-1.22815772059
-0.710992420591
1.07725871832
413
5.880000000000000000e+02 
5.870000000000000000e+02 
0
-1
-1
556
-1.20449299933
-0.684161724582
1.0217098614
414
5.900000000000000000e+02 
5.890000000000000000e+02 
0
-1
-1
557
-1.1748053002
-0.655269554075
0.953933635501
415
5.920000000000000000e+02 
5.910000000000000000e+02 
0
-1
-1
558
-1.08157140398
-0.595724404464
0.70643765099
418
5.950000000000000000e+02 
5.940000000000000000e+02 
0
-1
-1
559
-1.03160264714
-0.57161457469
0.633352884226
419
5.970000000000000000e+02 
5.960000000000000000e+02 
0
-1
-1
-
498.0
496.0
