0.0337418444979
2.48951060552
2.52286095279
1.0
0.0
0.4
0.024898418213
0.0219982779542
0.03845
2.0
1.0
0.65
0.0347490355661
0.0132226925057
0.0209
3.0
2.0
1.0
0.0199998581106
0.0111652555051
0.01485
4.0
3.0
1.2
0.0346499233549
0.00832121300219
0.0104
5.0
4.0
1.55
0.0148
0.00525
0.00525
6.0
5.0
1.7
0.0347499654091
0.00270158303077
0.0043
7.0
6.0
2.05
0.0199499872731
0.00325325819122
0.00435
8.0
7.0
2.25
0.0347482387446
0.0103599898347
0.02355
9.0
8.0
2.6
0.00485
0.0035
0.0035
10.0
9.0
2.65
0.0345999370769
0.00309479703487
0.00695
11.0
10.0
3.0
0.0246499310514
0.00416105444329
0.0078
12.0
11.0
3.25
0.0197999837749
0.00409356044629
0.00605
13.0
12.0
3.45
0.014799984102
0.0037589529796
0.0052
14.0
13.0
3.6
0.0198499283379
0.00347871585012
0.0061
15.0
14.0
3.8
0.0196998461568
0.00614124980249
0.0096
16.0
15.0
4.0
0.0147999840159
0.00376469622591
0.0052
17.0
16.0
4.15
0.0199499533679
0.00848859730784
0.01045
18.0
17.0
4.35
0.0197997851679
0.0137623874486
0.0183
19.0
18.0
4.55
0.0197994751409
0.0164175559927
0.0262
20.0
19.0
4.75
0.0147999021586
0.00897060434347
0.01395
21.0
20.0
4.9
0.0149997562301
0.013076666478
0.0201
22.0
21.0
5.05
0.0248992266954
0.0184049043163
0.0297
23.0
22.0
5.3
0.0346974232428
0.0240417466843
0.04275
24.0
23.0
5.65
0.00495
0.0061
0.0061
25.0
24.0
5.7
0.0297984340939
0.019133683402
0.03495
26.0
25.0
6.0
0.0196998768333
0.00568095955698
0.0113
27.0
26.0
6.2
0.0148997861117
0.012733558713
0.0192
28.0
27.0
6.35
0.0149998216478
0.00821698975715
0.01485
29.0
28.0
6.5
0.0247993284329
0.0173143760512
0.0297
30.0
29.0
6.75
0.0197998369152
0.0111332087809
0.0166
31.0
30.0
6.95
0.0347915941161
0.0337560661469
0.06805
32.0
31.0
7.3
0.00495
0.00875
0.00875
33.0
32.0
7.35
0.0346474080926
0.0320633593286
0.04795
34.0
33.0
7.7
0.00994990477795
0.0131030149351
0.0175
35.0
34.0
7.8
0.0347995511699
0.0117423795799
0.0192
36.0
35.0
8.15
0.00495
-0.0
-0.0
37.0
36.0
8.2
0.0348999710673
0.00112120333958
0.0026
38.0
37.0
8.55
0.0049
-0.0
-0.0
39.0
38.0
8.6
0.0297999592035
0.00118036860763
-0.0
40.0
39.0
8.9
0.0344998836334
-0.00574456436193
-0.00875
41.0
40.0
9.25
0.0250498211742
-0.00709191965356
-0.01215
42.0
41.0
9.5
0.0199998384969
-0.00438962382028
-0.00955
43.0
42.0
9.7
0.0198498695898
-0.00372732394595
-0.0096
44.0
43.0
9.9
0.0147999345228
-0.00757348202372
-0.0105
45.0
44.0
10.05
0.0147499072863
-0.00787949161779
-0.0122
46.0
45.0
10.2
0.0347493351278
-0.012698003082
-0.0209
47.0
46.0
10.55
0.0296998691045
-0.00840883982539
-0.01135
48.0
47.0
10.85
0.0197999924205
0.011320580807
0.0122
49.0
48.0
11.05
0.0248999378417
0.00381656763173
0.00605
50.0
49.0
11.3
0.019949966299
0.00264736878418
0.00175
51.0
50.0
11.5
0.0197999962086
0.00263750000239
0.00265
52.0
51.0
11.7
0.0197999948254
-0.000206565690393
0.0009
53.0
52.0
11.9
0.0132493890895
-0.0123504383747
-0.01745
54.0
53.0
12.05
0.018099988386
-0.026760497248
-0.0262
55.0
54.0
12.25
0.0149999988019
-0.00203049999231
-0.0026
56.0
55.0
12.4
0.0150498703146
0.00299417811415
0.00875
57.0
56.0
12.55
0.00979998499375
0.0105
0.01225
58.0
57.0
12.65
0.00989998484063
0.00525
0.007
59.0
58.0
12.75
0.00989999910627
-0.000416414140897
-0.00085
60.0
59.0
12.85
0.00979999171986
-0.00128673468641
-0.0026
61.0
60.0
12.95
0.00994999159416
0.00221959800099
0.0009
62.0
61.0
13.05
0.0148999887161
-0.000881207842255
-0.0026
63.0
62.0
13.2
0.00999992297197
-0.010025
-0.01395
64.0
63.0
13.3
0.0147498741004
-0.0101635675081
-0.0131
65.0
64.0
13.45
0.0099498149229
-0.0149419609394
-0.02095
66.0
65.0
13.55
0.0148995218273
-0.0195450022088
-0.02795
67.0
66.0
13.7
0.00984992412935
-0.0100449239602
-0.01395
68.0
67.0
13.8
0.00994998476753
-0.0104736180635
-0.01225
69.0
68.0
13.9
0.00994999619111
-0.00962060301395
-0.0105
70.0
69.0
14.0
0.00485
-0.0035
-0.0035
71.0
70.0
14.05
0.00994997646574
-0.00828592966548
-0.01045
72.0
71.0
14.15
0.00989995395266
-0.00915
-0.0122
73.0
72.0
14.25
0.00979999911503
-0.000420663265045
-0.00085
74.0
73.0
14.35
0.00994990477795
-0.00870301493511
-0.0131
75.0
74.0
14.45
0.00985
-0.00175
-0.00175
76.0
75.0
14.55
0.01
-0.0
-0.0
77.0
76.0
14.65
0.00974999911966
-0.00301846153807
-0.00345
78.0
77.0
14.75
0.01005
-0.0
-0.0
79.0
78.0
14.85
0.00495
-0.0
-0.0
80.0
79.0
14.9
0.000749884031518
0.0498866735333
0.1492
81.0
80.0
15.05
0.0
-3.04991095279
0.09425
82.0
81.0
15.15
0.0
3.13902435439
0.09685
83.0
82.0
15.25
5e-05
-3.09359265359
0.0986
84.0
83.0
15.35
0.0001
0.09595
0.09595
85.0
84.0
15.45
5e-05
-2.99674265359
0.14485
86.0
85.0
15.6
5e-05
-3.04389265359
0.0977
87.0
86.0
15.7
5e-05
0.048
0.096
88.0
87.0
15.8
5e-05
0.048
0.096
89.0
88.0
15.9
0.0
2.41307435439
0.04885
90.0
89.0
15.95
5e-05
-2.75244265359
0.38915
91.0
90.0
16.35
0.0
1.97507435439
0.0942
92.0
91.0
16.45
5e-05
0.04975
0.0986
93.0
92.0
16.55
5e-05
-3.09274265359
0.04885
94.0
93.0
16.6
0.0
1.73342435439
0.0506
95.0
94.0
16.65
0.0001
-3.09359265359
0.048
96.0
95.0
16.7
0.0
1.63482435439
0.04975
97.0
96.0
16.75
0.0
1.58507435439
0.04625
98.0
97.0
16.8
0.0001
0.0471
0.0471
99.0
98.0
16.85
0.0
1.49172435439
0.048
100.0
99.0
16.9
0.0
1.44372435439
0.09945
101.0
100.0
17.0
0.0
1.34427435439
0.0986
102.0
101.0
17.1
0.0
1.24567435439
0.0471
103.0
102.0
17.15
0.0
1.19857435439
0.04885
104.0
103.0
17.2
0.00455
0.06105
0.06105
105.0
104.0
17.3
0.0105498038281
0.024305448445
0.03055
106.0
105.0
17.4
0.00579891243931
0.0196368545693
0.239
107.0
106.0
17.7
0.0142492720848
0.0702787044501
0.0803
108.0
107.0
17.9
0.0200426145333
-0.0111405212425
-0.05585
109.0
108.0
18.15
0.0135447136974
-0.062914774076
-0.10035
110.0
109.0
18.35
0.0135462621726
-0.0554558713723
-0.08725
111.0
110.0
18.55
0.0133954933009
-0.0591848846149
-0.09335
112.0
111.0
18.75
0.00659947193279
-0.03445
-0.0471
113.0
112.0
18.85
0.0133458906286
-0.0541425215395
-0.08725
114.0
113.0
19.05
0.013646332625
-0.0521551131024
-0.08375
115.0
114.0
19.25
0.0134455279168
-0.0607017357827
-0.0951
116.0
115.0
19.45
0.0134456581622
-0.0594658879757
-0.09335
117.0
116.0
19.65
0.0100983292337
-0.0455405602326
-0.06805
118.0
117.0
19.8
0.015145972763
-0.0591753372904
-0.08115
119.0
118.0
20.0
0.0329805967676
-0.0247120167295
-0.09515
120.0
119.0
20.4
0.0066994640512
-0.0346388160396
-0.0471
121.0
120.0
20.5
0.0149961864418
-0.0573990985656
-0.0785
122.0
121.0
20.7
0.0264463625497
-0.0139476421011
-0.0524
123.0
122.0
21.0
0.0150969216696
-0.0533620267174
-0.07155
124.0
123.0
21.2
0.0280836356996
-0.0262522232082
-0.09075
125.0
124.0
21.55
0.00989825680951
-0.0439221007269
-0.0663
126.0
125.0
21.7
0.033232357975
-0.0198670388797
-0.08905
127.0
126.0
22.1
0.00515
-0.00175
-0.00175
128.0
127.0
22.15
0.0346990387961
-0.0145198403526
-0.02525
129.0
128.0
22.5
0.0183988474362
-0.0155885370968
-0.03835
130.0
129.0
22.7
0.036296470819
-0.0562898939628
-0.07425
131.0
130.0
23.1
0.0148497599175
-0.0157971384243
-0.02275
132.0
131.0
23.25
0.0345981180038
-0.0212116557227
-0.0358
133.0
132.0
23.6
0.0248493571246
-0.0225173205653
-0.0314
134.0
133.0
23.85
0.0345977545677
-0.021936452662
-0.03575
135.0
134.0
24.2
0.0247993469134
-0.0180183730723
-0.0271
136.0
135.0
24.45
0.0346990799336
-0.0160524382751
-0.0288
137.0
136.0
24.8
0.0198497008225
-0.011539306268
-0.0166
138.0
137.0
25.0
0.0345490471615
-0.0131739101717
-0.0218
139.0
138.0
25.35
0.0197499309873
-0.00502885721592
-0.0096
140.0
139.0
25.55
0.0347999634041
-0.00994798867109
-0.01045
141.0
140.0
25.9
0.0197925775528
-0.0194064012333
-0.06635
142.0
141.0
26.15
0.0332499451154
-0.0233258648347
-0.02095
143.0
142.0
26.5
0.0147499165307
0.00318914891567
0.00785
144.0
143.0
26.65
0.0349496742034
0.00595470663374
0.0148
145.0
144.0
27.0
0.0295990983945
0.0146089269935
0.0262
146.0
145.0
27.3
0.00989998484218
0.0105176767857
0.01225
147.0
146.0
27.4
0.0197995394508
0.0168117321531
0.0262
148.0
147.0
27.6
0.0148997241885
0.0166196389877
0.0236
149.0
148.0
27.75
0.00974990669206
0.0131474360406
0.0175
150.0
149.0
27.85
0.00495
0.00785
0.00785
151.0
150.0
27.9
0.00994990477795
0.0104530149351
0.01485
152.0
151.0
28.0
0.00495
0.01045
0.01045
153.0
152.0
28.05
0.0003001950097
-3.11685645682
0.1457
154.0
153.0
28.2
0.0096995960661
0.0677209025489
0.07595
155.0
154.0
28.35
0.0098998861384
0.015443940881
0.02005
156.0
155.0
28.45
0.0100499039352
0.018477364155
0.0227
157.0
156.0
28.55
0.0049
0.0096
0.0096
158.0
157.0
28.6
0.00979990621109
0.015725
0.0201
159.0
158.0
28.7
0.00979984220929
0.0143670912151
0.0201
160.0
159.0
28.8
0.00115041702187
0.0410974416775
0.09685
161.0
160.0
28.9
5e-05
0.05235
0.09685
162.0
161.0
29.0
0.0194487077605
0.0280130312659
0.0427
163.0
162.0
29.2
0.0300434524534
0.0388724691659
0.0707
164.0
163.0
29.5
0.0197985190409
0.0279987462449
0.0445
165.0
164.0
29.7
0.0197484340291
0.0261210069493
0.04275
166.0
165.0
29.9
0.0197983397623
0.0315265247864
0.04885
167.0
166.0
30.1
0.0246973097042
0.0287795680428
0.0506
168.0
167.0
30.35
0.0347430697349
0.0438863301754
0.0742
169.0
168.0
30.7
0.00495
0.01485
0.01485
170.0
169.0
30.75
0.0347935403356
0.0534215882993
0.07515
171.0
170.0
31.1
0.00994995372127
0.00566532668069
0.0087
172.0
171.0
31.2
0.0346980321129
0.0233451999231
0.04365
173.0
172.0
31.55
0.0332298327221
-0.0239505459416
-0.09775
174.0
173.0
31.95
0.0282498227902
-0.0276086686827
-0.02445
175.0
174.0
32.25
0.0296999777939
0.00693299706278
0.0078
176.0
175.0
32.55
0.0200433817299
-0.0225034275902
-0.06545
177.0
176.0
32.8
0.0197499986874
-0.000643417731196
-0.0
178.0
177.0
33.0
0.0148999964239
0.000905704698669
4.99999999999e-05
179.0
178.0
33.15
0.0196426269035
-0.023363626429
-0.06895
180.0
179.0
33.4
0.0194997075056
0.00954731307161
0.01655
181.0
180.0
33.6
0.0147499840676
0.0055098307858
0.00695
182.0
181.0
33.75
0.0149499988039
0.00288143811943
0.00345
183.0
182.0
33.9
0.0148499949727
0.00117255898972
0.00175
184.0
183.0
34.05
0.0197499911916
-0.00152886085502
-0.00175
185.0
184.0
34.25
0.0198499373463
-0.00649823808684
-0.00955
186.0
185.0
34.45
0.019749961275
-0.00474379679899
-0.0078
187.0
186.0
34.65
0.0196999765171
-0.0058951779184
-0.00785
188.0
187.0
34.85
0.0150499008922
-0.00638006287566
-0.0113
189.0
188.0
35.0
0.00984996607156
-0.00616497471109
-0.00875
190.0
189.0
35.1
0.0148499513168
-0.00262255761561
-0.0061
191.0
190.0
35.25
0.0148499012807
-0.00986666305344
-0.0148
192.0
191.0
35.4
0.0147499347377
-0.00118643840594
-0.00525
193.0
192.0
35.55
0.0148999687255
-0.00669513320688
-0.0096
194.0
193.0
35.7
0.00975
-0.00175
-0.00175
195.0
194.0
35.8
0.00505
-0.0061
-0.0061
196.0
195.0
35.85
0.0147998450196
-0.00822382805414
-0.01225
197.0
196.0
36.0
0.0148999511315
-0.00351258525703
-0.0061
198.0
197.0
36.15
0.0149499662023
-0.00608260867593
-0.0087
199.0
198.0
36.3
0.0148999205432
-0.00347164202478
-0.00785
200.0
199.0
36.45
0.00995
-0.0061
-0.0061
201.0
200.0
36.55
0.0148498636031
-0.0061707073954
-0.01135
202.0
201.0
36.7
0.014699976692
-0.0028596936365
-0.0052
203.0
202.0
36.85
0.0148499839547
-0.00284057265745
-0.0043
204.0
203.0
37.0
0.0197498396664
-0.00520152041273
-0.00955
205.0
204.0
37.2
0.014849988846
-0.000866666449679
-0.0026
206.0
205.0
37.35
0.0147499889972
-0.0043549150329
-0.0061
207.0
206.0
37.5
0.0149999887902
-0.00259200022021
-0.00345
208.0
207.0
37.65
0.0197999874518
-0.00195000027462
-0.0026
209.0
208.0
37.85
0.0200499886388
-0.00176471305162
-0.0035
210.0
209.0
38.05
0.0147999849175
-0.00085591216517
0.000900000000001
211.0
210.0
38.2
0.0148499796865
-0.00492154934277
-0.0061
212.0
211.0
38.35
0.0148999949384
-0.00058137577243
-0.00175
213.0
212.0
38.5
0.0197999832728
0.00213030301921
0.00345
214.0
213.0
38.7
0.014849714361
0.011966517002
0.0183
215.0
214.0
38.85
0.0146499538817
0.00289214969419
0.0061
216.0
215.0
39.0
0.02
-0.0
-0.0
217.0
216.0
39.2
0.0147999887552
0.00256283804695
0.00345
218.0
217.0
39.35
0.0247999748576
0.00210040340996
0.0035
219.0
218.0
39.6
0.0198498991214
0.00695087743842
0.0122
220.0
219.0
39.8
0.0248998461691
0.00400310959309
0.00955
221.0
220.0
40.05
0.0148499840587
0.00462828311552
0.00605
222.0
221.0
40.2
0.0148996570074
0.010722647248
0.0192
223.0
222.0
40.35
0.014799894576
0.00433225809114
0.0096
224.0
223.0
40.5
0.0149499017527
0.00805066506869
0.01305
225.0
224.0
40.65
0.01984900894
0.0152965844126
0.0288
226.0
225.0
40.85
0.0146498176843
0.0130583615148
0.0192
227.0
226.0
41.0
0.0147496268186
0.0174110158332
0.02625
228.0
227.0
41.15
0.009849905735
0.0165527917365
0.02095
229.0
228.0
41.25
0.00984992417627
0.0110246198006
0.01485
230.0
229.0
41.35
0.00994986418313
0.0147987434797
0.02005
231.0
230.0
41.45
0.00495
0.01045
0.01045
232.0
231.0
41.5
0.00979984220929
0.0144829087849
0.0201
233.0
232.0
41.6
0.000551190526348
0.0118448152744
0.1012
234.0
233.0
41.7
0.0001
0.0541
0.1012
235.0
234.0
41.8
0.0100497872385
0.0194995130659
0.0253
236.0
235.0
41.9
0.00984978897272
0.012882744441
0.0192
237.0
236.0
42.0
0.00974990675095
0.0114871802024
0.01575
238.0
237.0
42.1
0.00989990529273
0.0140633844021
0.01835
239.0
238.0
42.2
0.010049813025
0.0182696513649
0.0244
240.0
239.0
42.3
0.00989990526372
0.0210191922011
0.02535
241.0
240.0
42.4
0.00085
0.0637
0.0637
242.0
241.0
42.45
0.0001
0.0515
0.0995
243.0
242.0
42.55
0.0
1.15122435439
0.048
244.0
243.0
42.6
0.0140991927701
0.0235075782263
0.0341
245.0
244.0
42.75
0.0201985061002
0.0282349963236
0.0454
246.0
245.0
42.95
0.009849905735
0.0200972082635
0.02445
247.0
246.0
43.05
0.024697469784
0.0327715484928
0.05495
248.0
247.0
43.3
0.0294960909293
0.0381431652446
0.05935
249.0
248.0
43.6
0.0250472407445
0.0312317761695
0.0515
250.0
249.0
43.85
0.0347948173062
0.0327528053589
0.05855
251.0
250.0
44.2
0.0346975125312
0.0199088900238
0.03755
252.0
251.0
44.55
0.00495
0.00435
0.00435
253.0
252.0
44.6
0.0348483097871
0.0233296728051
0.03755
254.0
253.0
44.95
0.0347494207175
0.0101824517686
0.01655
255.0
254.0
45.3
0.010049991508
0.00129353233466
0.0026
256.0
255.0
45.4
0.0246998965346
0.00487864116624
0.00955
257.0
256.0
45.65
0.0245997492818
0.00803863037225
0.01225
258.0
257.0
45.9
0.0297994766
0.0091078778397
0.01915
259.0
258.0
46.2
0.0298999756219
0.00423436489548
0.0044
260.0
259.0
46.5
0.034649952603
0.00191890349116
0.00355
261.0
260.0
46.85
0.0197499982163
-0.000426075949432
-0.0
262.0
261.0
47.05
0.0297499900847
-0.001454453829
-0.0
263.0
262.0
47.35
0.0346499777706
-0.00223910551698
-0.00175
264.0
263.0
47.7
0.00495
0.00175
0.00175
265.0
264.0
47.75
0.0345999713257
0.00196965307955
0.00345
266.0
265.0
48.1
0.0198499451806
0.010940048349
0.0149
267.0
266.0
48.3
0.0248496653946
0.00469907357733
0.01395
268.0
267.0
48.55
0.0247499101866
0.00260646294543
0.00695
269.0
268.0
48.8
0.0147499395531
0.00397542244472
0.0078
270.0
269.0
48.95
0.01514991892
0.00516485358525
0.0087
271.0
270.0
49.1
0.0196999943249
0.00131027927141
0.00175
272.0
271.0
49.3
0.0199497814588
0.0113318461892
0.01485
273.0
272.0
49.5
0.0148999538247
0.00640771766867
0.0096
274.0
273.0
49.65
0.00974998507071
0.00609102563186
0.00785
275.0
274.0
49.75
0.00989995395736
0.00308080817633
0.0061
276.0
275.0
49.85
0.00495
0.0035
0.0035
277.0
276.0
49.9
0.00979994000006
0.00692857113702
0.0105
278.0
277.0
50.0
0.00999990438316
0.0103437491633
0.01485
279.0
278.0
50.1
0.00994995372127
0.00913467331931
0.0122
280.0
279.0
50.2
0.00485
0.00525
0.00525
281.0
280.0
50.25
0.005
0.0035
0.0035
282.0
281.0
50.3
0.00025163867159
-0.0347534995863
0.10125
283.0
282.0
50.4
0.000149961602458
-3.07584401919
0.09775
284.0
283.0
50.5
0.0103998982078
0.0563887004947
0.0611
285.0
284.0
50.65
0.00984993967037
0.01661776657
0.0201
286.0
285.0
50.75
0.00989986486221
0.018325
0.02355
287.0
286.0
50.85
0.005
0.00435
0.00435
288.0
287.0
50.9
0.00989990525406
0.013125
0.0175
289.0
288.0
51.0
0.000750947292469
0.0223758279622
0.09775
290.0
289.0
51.1
0.00015
0.05235
0.1021
291.0
290.0
51.2
0.00954974282123
0.0164023762611
0.0227
292.0
291.0
51.3
0.009999814025
0.0149720015126
0.02095
293.0
292.0
51.4
0.0150496172917
0.0193162805432
0.02795
294.0
293.0
51.55
0.00994986421057
0.0173462304391
0.02265
295.0
294.0
51.65
0.00989986486221
0.014825
0.02005
296.0
295.0
51.75
0.00629841754874
0.0262035455591
0.0672
297.0
296.0
51.85
0.0001
0.0515
0.10035
298.0
297.0
51.95
0.0100496944031
0.0654982769163
0.07245
299.0
298.0
52.1
0.0248464425809
0.033776923972
0.055
300.0
299.0
52.35
0.0243474720389
0.0321581367293
0.0541
301.0
300.0
52.6
0.0345434842087
0.0402623797233
0.06885
302.0
301.0
52.95
0.0300361835472
0.0484244734368
0.09255
303.0
302.0
53.25
0.0296445337863
0.0481472942841
0.0733
304.0
303.0
53.55
0.0347487653462
0.0225990813151
0.02965
305.0
304.0
53.9
0.014799988979
-0.000852026804635
-0.0026
306.0
305.0
54.05
0.0348497382854
0.000621246940824
-0.00785
307.0
306.0
54.4
0.0147999949554
-0.00318530398823
-0.00435
308.0
307.0
54.55
0.0346979355082
-0.0179827745841
-0.03665
309.0
308.0
54.9
0.0149499537192
-0.00810719010577
-0.01135
310.0
309.0
55.05
0.0345976452553
-0.0229370574534
-0.03745
311.0
310.0
55.4
0.00994993905785
-0.00958241198849
-0.0131
312.0
311.0
55.5
0.0345980961067
-0.0226798649524
-0.03665
313.0
312.0
55.85
0.0298489209549
-0.0141260547649
-0.0253
314.0
313.0
56.15
0.0345987143536
-0.0153557119029
-0.027
315.0
314.0
56.5
0.0198997034645
-0.01238377962
-0.02095
316.0
315.0
56.7
0.0348484418682
-0.0151464491106
-0.02875
317.0
316.0
57.05
0.005
-0.0026
-0.0026
318.0
317.0
57.1
0.0346986612742
-0.0149288642924
-0.02965
319.0
318.0
57.45
0.0325983844956
-0.0190299714417
-0.04535
320.0
319.0
57.8
0.0153469676548
-0.0555973500632
-0.07505
321.0
320.0
58.0
0.0328491879108
0.00460234145032
-0.01575
322.0
321.0
58.35
0.0153966932005
-0.0580751813493
-0.0768
323.0
322.0
58.55
0.034999854145
0.00734893133561
0.01135
324.0
323.0
58.9
0.0081993266509
-0.0103839976533
-0.0262
325.0
324.0
59.0
0.0136953077576
-0.0544965155858
-0.0916
326.0
325.0
59.2
0.0330996386391
-0.0163480357039
-0.0087
327.0
326.0
59.55
0.0215441487514
-0.0229241481618
-0.06805
328.0
327.0
59.8
0.0101982429805
-0.0437882970442
-0.06635
329.0
328.0
59.95
0.0248482331528
-0.0279974404672
-0.04365
330.0
329.0
60.2
0.0247460237722
-0.0277546953201
-0.05495
331.0
330.0
60.45
0.0147993638867
-0.0282147083649
-0.03925
332.0
331.0
60.6
0.0196488528251
-0.022364233201
-0.0367
333.0
332.0
60.8
0.0247980168521
-0.0302407559403
-0.048
334.0
333.0
61.05
0.0296976866792
-0.0180058114711
-0.0358
335.0
334.0
61.35
0.0297981209559
-0.0173330526066
-0.03405
336.0
335.0
61.65
0.0248492617922
-0.0116833252226
-0.02005
337.0
336.0
61.9
0.0245999125568
-0.00821270594757
-0.01045
338.0
337.0
62.15
0.0296497970498
-0.00715321300424
-0.0096
339.0
338.0
62.45
0.0247999985906
-0.00243377017109
-0.0026
340.0
339.0
62.7
0.0247499865896
-0.00207707073311
-0.00345
341.0
340.0
62.95
0.0296999229658
0.00405488252175
0.00785
342.0
341.0
63.25
0.0298498413693
0.00378727017695
0.007
343.0
342.0
63.55
0.014849905875
0.00614393953389
0.01045
344.0
343.0
63.7
0.0298496423824
0.00875083609662
0.01485
345.0
344.0
64.0
0.0246998425397
0.00625627365671
0.0122
346.0
345.0
64.25
0.0297999594001
0.00216770155429
0.0026
347.0
346.0
64.55
0.0249499113493
-0.00141663458796
-0.0026
348.0
347.0
64.8
0.0296998936863
-0.00334402396338
-0.00695
349.0
348.0
65.1
0.0247997096343
-0.0109543313734
-0.0183
350.0
349.0
65.35
0.0247492650931
-0.0184577950821
-0.0279
351.0
350.0
65.6
0.0344978994054
-0.0225578573236
-0.04015
352.0
351.0
65.95
0.0297986695125
-0.0117861460133
-0.0253
353.0
352.0
66.25
0.0244995304658
-0.0086851776829
-0.01915
354.0
353.0
66.5
0.0247998921744
-0.00400876954902
-0.0078
355.0
354.0
66.75
0.0197999497346
0.00284191874895
0.0061
356.0
355.0
66.95
0.0149
0.0035
0.0035
357.0
356.0
67.1
0.0198999308133
0.012432666869
0.01395
358.0
357.0
67.3
0.0148999663741
0.00522617452623
0.0078
359.0
358.0
67.45
0.0147999736505
0.00786655472169
0.0096
360.0
359.0
67.6
0.0196497234147
0.0134213736273
0.0209
361.0
360.0
67.8
0.0198997103588
0.0128131884403
0.02005
362.0
361.0
68.0
0.0198999074495
0.00393065336137
0.00695
363.0
362.0
68.2
0.014849933749
0.00292844888917
0.007
364.0
363.0
68.35
0.0149499987978
0.00203428092891
0.0026
365.0
364.0
68.5
0.0147999949554
0.00291469601177
0.0035
366.0
365.0
68.65
0.00989993936256
0.01745
0.02095
367.0
366.0
68.75
0.0147499347377
0.00666356159406
0.0096
368.0
367.0
68.9
0.0102499019068
0.0113536584004
0.01575
369.0
368.0
69.0
0.00495
0.0026
0.0026
370.0
369.0
69.05
0.0100499532654
0.0117544774708
0.01485
371.0
370.0
69.15
0.00989999910627
0.0065335858591
0.00695
372.0
371.0
69.25
0.00994995372127
0.0108846733193
0.01395
373.0
372.0
69.35
0.00495
0.00085
0.00085
374.0
373.0
69.4
0.00470040846317
0.00112186576638
0.05495
375.0
374.0
69.5
0.0
0.164624354388
0.14745
376.0
375.0
69.65
5e-05
0.0977
0.0977
377.0
376.0
69.75
0.0
-0.0805256456125
0.10035
378.0
377.0
69.85
0.00409999907695
0.0984939027495
0.0986
379.0
378.0
70.0
0.0101999844188
0.0138642155989
0.0157
380.0
379.0
70.1
0.00989990529273
0.0130366155979
0.0175
381.0
380.0
70.2
0.0100499039352
0.012972635845
0.0175
382.0
381.0
70.3
0.000400880779183
0.0086422284796
0.1361
383.0
382.0
70.45
0.0038
0.05325
0.05325
384.0
383.0
70.55
0.0153995387111
0.0247002961412
0.0349
385.0
384.0
70.7
0.010049813136
0.0219517431745
0.0279
386.0
385.0
70.8
0.00984976045221
0.0210312199963
0.0279
387.0
386.0
70.9
0.009899864876
0.013022221742
0.0183
388.0
387.0
71.0
0.0146995384363
0.021022423968
0.0314
389.0
388.0
71.15
0.000649498991243
0.0582938636342
0.14485
390.0
389.0
71.3
0.00385005833641
0.0940231278728
0.0934
391.0
390.0
71.45
0.0249445113801
0.0395577485636
0.06805
392.0
391.0
71.7
0.0246466286355
0.042428170213
0.0646
393.0
392.0
71.95
0.0344984069773
0.0302292932488
0.04105
394.0
393.0
72.3
0.0147499765556
0.00493237311622
0.00695
395.0
394.0
72.45
0.0345998066673
-0.000558297442422
-0.0087
396.0
395.0
72.8
0.024749976047
-0.00366999975812
-0.0061
397.0
396.0
73.05
0.0346988090963
-0.0141010726042
-0.02615
398.0
397.0
73.4
0.0295486000209
-0.0134662216396
-0.02615
399.0
398.0
73.7
0.0347994070107
-0.0157377275154
-0.02445
400.0
399.0
74.05
0.0345485267359
-0.0194452479887
-0.0323
401.0
400.0
74.4
0.00989999163535
-0.00131313132053
-0.0026
2.0
401.0
74.5
0.0347499188517
0.0425695176774
0.0387482220756
402.0
3.0
75.1
0.0147499988119
0.00662840739649
0.00606366162628
4.0
402.0
75.25
0.0347499854416
0.0111047908043
0.009737308717
403.0
7.0
76.35
0.005
0.00128872818599
0.00128872818599
404.0
403.0
76.4
0.0298992401414
0.0146583666182
0.0237967493804
9.0
404.0
76.7
0.0297998397148
0.0230538646789
0.0262376674574
405.0
9.0
77.0
0.0346495992721
0.00632102956952
0.0168097272699
406.0
405.0
77.35
0.0346998614824
0.0102394046049
0.0153054720556
407.0
406.0
77.7
0.0250499122849
0.00750286091959
0.0113450762134
408.0
407.0
77.95
0.0194998794883
0.0150909876441
0.0190177776055
409.0
408.0
78.15
0.0197498423848
0.0115735416008
0.0170351884116
410.0
409.0
78.35
0.0148998542776
0.0111407228823
0.0154585002216
411.0
410.0
78.5
0.0148499534627
0.00776601158364
0.010995305023
412.0
411.0
78.65
0.0198496375588
0.0133006996839
0.0200621463962
413.0
412.0
78.85
0.0098999916345
0.00643296766188
0.00773296766188
414.0
413.0
78.95
0.00989993936875
0.00686031096843
0.0103249572887
415.0
414.0
79.05
0.014899884546
0.0144276760641
0.019407878675
416.0
415.0
79.2
0.00989992375003
0.0150666036427
0.0189519569745
417.0
416.0
79.3
0.00979992452039
0.0132459016289
0.017210952855
418.0
417.0
79.4
0.0148495722009
0.0141589606443
0.0244488894244
419.0
418.0
79.55
0.0201485350593
0.0253955319106
0.0413812779737
420.0
419.0
79.75
0.0148497242079
0.0174523638131
0.0244356890586
421.0
420.0
79.9
0.0148995820834
0.0192282515419
0.028691684748
25.0
421.0
80.05
0.00505
0.00953165919211
0.00953165919211
422.0
26.0
80.35
0.00999990429703
0.0171388135889
0.0215138135889
423.0
27.0
80.75
0.005
0.00236040088675
0.00236040088675
28.0
423.0
80.8
0.00485
0.00855617807421
0.00855617807421
29.0
423.0
80.9
0.0247957052662
0.0344570390174
0.0613400818741
33.0
31.0
81.5
0.0248499651506
0.00162867802026
-0.00077685547233
424.0
39.0
83.1
0.00989999621016
-0.00139680836281
-0.00227180836281
40.0
424.0
83.2
0.0297487790853
-0.010295983979
-0.0213502256995
425.0
42.0
83.95
0.00999996555034
-0.00585058882228
-0.008449338762
43.0
425.0
84.05
0.0196497800146
-0.00869040273723
-0.0147956146169
426.0
46.0
84.8
0.00495
-0.00555078151696
-0.00555078151696
47.0
426.0
84.85
0.0297995499112
-0.00720825361458
-0.0152090089092
427.0
47.0
85.15
0.00985
-0.000739371245839
-0.000739371245839
48.0
427.0
85.25
0.0034
0.0250350640266
0.0250350640266
428.0
49.0
85.6
0.0133454075238
0.0616197334053
0.0973101513032
429.0
428.0
85.8
0.0166399704127
0.0746570253281
0.123854387571
430.0
429.0
86.05
0.017141979669
0.0666218339784
0.109713830483
431.0
430.0
86.3
0.021836965373
0.0813875849492
0.117913384357
432.0
431.0
86.6
0.0349605979745
0.0414475290528
0.130523523648
433.0
432.0
87.05
0.0334475788981
0.0091904281504
-0.00926059196705
434.0
433.0
87.4
0.00495
0.000337569313516
0.000337569313516
435.0
434.0
87.45
0.0348498583981
0.0018617704963
-0.00180573497006
436.0
435.0
87.8
0.0197996288976
0.0113063093484
0.019752524191
437.0
436.0
88.0
0.0348485645536
0.0164598674036
0.0312262448121
438.0
437.0
88.35
0.00505
0.00728886704454
0.00728886704454
439.0
438.0
88.4
0.0346482772421
0.0205626361281
0.0370478286789
440.0
439.0
88.75
0.0248996532517
0.010624533627
0.0189254515041
441.0
440.0
89.0
0.0247499484124
0.00792142169206
0.00931788470284
127.0
441.0
89.25
0.0397482486709
0.214973067446
0.197335794481
442.0
127.0
89.65
0.0147999159895
-0.0212180527553
-0.0244229478219
129.0
442.0
89.8
0.0346968360006
-0.0189459002426
-0.0389744870696
443.0
133.0
91.3
0.019649526615
-0.0120510636852
-0.0213835095897
135.0
443.0
91.5
0.0364464848509
0.0055664607522
0.0454255888318
444.0
141.0
93.8
0.0033
0.021487780245
0.021487780245
142.0
444.0
93.85
0.0151432041379
0.0332689223769
0.0755168130706
445.0
143.0
94.35
0.0367983855978
0.0514613624274
0.056196022522
446.0
445.0
94.75
0.0100984464304
0.0476118124566
0.0691256952018
447.0
446.0
94.9
0.0185418282178
0.0694414224936
0.102078302011
448.0
447.0
95.15
0.033379101907
0.0247469479379
0.100618520684
449.0
448.0
95.55
0.00335
0.0220904698428
0.0220904698428
450.0
449.0
95.6
0.0351421906612
0.0799302118833
0.0907448227017
451.0
450.0
96.0
0.0348261903173
0.0366593293828
0.0984780948991
452.0
451.0
96.4
0.0097
0.00140450792705
0.00140450792705
453.0
452.0
96.5
0.0346497128423
0.0100694838121
0.0159051966402
454.0
453.0
96.85
0.0347976091928
0.0219136414769
0.043800530819
455.0
454.0
97.2
0.00345
0.0272814035145
0.0272814035145
456.0
455.0
97.25
0.0331455551935
0.0498450949504
0.0663080199869
457.0
456.0
97.6
0.00979999625
0.00306409531076
0.00395695245817
458.0
457.0
97.7
0.0252891778217
0.0369756894114
0.0886483986332
459.0
458.0
98.0
0.0346938237929
0.0721428692937
0.0856126595586
460.0
459.0
98.4
0.0134459618833
0.0633701624366
0.0968203342812
461.0
460.0
98.6
0.0344908223545
0.0287504060046
0.0846250043156
462.0
461.0
99.0
0.00375
0.0185299471895
0.0185299471895
463.0
462.0
99.05
0.0218367791908
0.0811077905118
0.116352394243
464.0
463.0
99.35
0.0316763332713
0.0112491845442
0.085393221776
465.0
464.0
99.75
0.0132952025491
0.0628559861628
0.0984736017933
466.0
465.0
99.95
0.0399460876307
2.40484571904
2.38326095279
468
467
1.4
0.0248498981866
0.00107907192052
0.0061
469
468
1.65
0.0347988576242
0.013325205052
0.0244
470
469
2.0
0.0345481206355
0.0178277373743
0.034
471
470
2.35
0.0100999652024
0.008725
0.01135
472
471
2.45
0.0347981089744
0.0231678592366
0.03935
473
472
2.8
0.019949710617
0.0138340834822
0.02095
474
473
3.0
0.0346991683934
0.0143720288328
0.0253
475
474
3.35
0.0198498969451
0.00848652298221
0.01305
476
475
3.55
0.0346993866068
0.0156801893161
0.02435
477
476
3.9
0.0197499697673
0.00703101268988
0.00875
478
477
4.1
0.0346999962079
-0.00089286743711
-0.0009
479
478
4.45
0.00495
0.00175
0.00175
480
479
4.5
0.0343998947875
0.00062085921432
-0.00345
481
480
4.85
0.00989996589491
-0.00265151521241
-0.00525
482
481
4.95
0.0349445942025
-0.0317200962552
-0.05945
483
482
5.3
0.00999992297968
-0.0134857497985
-0.01745
484
483
5.4
0.0344959815054
-0.0291153817538
-0.0533
485
484
5.75
0.00989990526372
-0.0114191922011
-0.01575
486
485
5.85
0.034744578845
-0.0318487930445
-0.06025
487
486
6.2
0.0344937988007
-0.0355814591211
-0.06545
488
487
6.55
0.005
-0.0096
-0.0096
489
488
6.6
0.0344896147202
-0.0445348186419
-0.08195
490
489
6.95
0.00505
-0.0122
-0.0122
491
490
7.0
0.0295952376153
-0.0361929867991
-0.0636
492
491
7.3
0.0346862921397
-0.0539350448652
-0.09335
493
492
7.65
0.005
-0.01395
-0.01395
494
493
7.7
0.0327943932675
-0.0369072971676
-0.0428
495
494
8.05
0.028415197586
0.111462751008
0.1684
496
495
8.45
0.0333350886322
-0.00736354108333
0.05495
497
496
8.85
0.025247203555
0.0535318537026
0.04975
498
497
9.15
0.033098057711
-0.0251851357013
-0.02195
499
498
9.5
0.0298993815877
-0.00543757988471
-0.01045
500
499
9.8
0.0330759879797
0.0289949661516
0.1073
501
500
10.2
0.0350999778933
0.00825170941698
0.007
502
501
10.55
0.00495
0.0026
0.0026
503
502
10.6
0.0346488361131
0.0108310734366
0.0218
504
503
10.95
0.033126788383
0.0698835090887
0.1004
505
504
11.35
0.010049991508
0.000443532334665
0.00175
506
505
11.45
0.0311206800568
0.0393849282991
0.12135
507
506
11.85
0.0249498703695
-0.00261542448028
-0.0087
508
507
12.1
0.0352442907218
0.0622217225165
0.13705
509
508
12.55
0.0335848302922
-0.000867850654417
0.0628
510
509
12.95
0.0098480826328
0.0472494222957
0.07155
511
510
13.1
0.0284938730525
0.0688288664402
0.0646
512
511
13.45
0.0183380022582
0.0374804619403
0.089
513
512
13.7
0.0168405346149
0.0733105815405
0.11955
514
513
13.95
0.0168923992224
0.0696711696759
0.1117
515
514
14.2
0.0198341266631
0.0812673692029
0.1414
516
515
14.5
0.013746426451
0.053404981872
0.08375
517
516
14.7
0.0201332714007
0.0815098377966
0.14135
518
517
15.0
0.0213486841579
0.0455383110669
0.04195
519
518
15.25
0.0297995273394
-0.00614838205131
-0.01655
520
519
15.55
0.0297966444661
-0.0246955597584
-0.048
521
520
15.85
0.0247497579956
-0.0143241567762
-0.01745
522
521
16.1
0.0296499184529
0.00304679598451
0.007
523
522
16.4
0.0246993570005
0.0124728758549
0.0218
524
523
16.65
0.0346471673301
0.0264734691871
0.0463
525
524
17.0
0.00495
0.0122
0.0122
526
525
17.05
0.0247487288313
0.0235823233506
0.03845
527
526
17.3
0.0279911059991
0.0400995205649
0.0803
528
527
17.6
0.0247493580127
0.0147287873059
0.02445
529
528
17.85
0.0281951187288
0.0261523728766
0.062
47.0
529
18.15
0.005
0.0655
0.0655
427.0
530
18.2
0.021595375313
0.0197014160403
0.0615559874115
531
48.0
18.85
0.00345
0.0208038609563
0.0208038609563
428.0
531
18.9
0.0214992247741
0.0412928400395
0.0406934919497
532
432.0
20.1
0.0185400730007
0.0392162040367
0.0904151913792
433.0
532
20.35
0.03484851254
0.0212267459063
0.0365673101868
533
440.0
22.1
0.0245997833256
0.0122000598446
0.0196826899699
441.0
533
22.35
0.0263989454802
0.0439672380069
0.0456864233527
445.0
142.0
27.5
0.0215466022427
0.0130725406877
0.0486515642474
534
447.0
28.25
0.0134959906641
0.0547817156012
0.0876432226669
448.0
534
28.45
0.0262480116604
0.0562492830254
0.0644870795537
535
453.0
29.95
0.0197999048269
0.00455184773621
0.00873328620614
454.0
535
30.15
0.0248996090886
-0.0224804921732
-0.0153047931192
456.0
454.0
30.4
0.0296496348801
0.0184881542648
0.026919943795
536
458.0
31.15
0.00505
0.00654196837934
0.00654196837934
459.0
536
31.2
0.0267475900824
0.0324463667394
0.0133005445142
537
464.0
32.9
0.00654940263833
0.0380505506632
0.0508527967948
465.0
537
33.0
0.0297957472471
0.0463876829724
0.0254608051501
538
466.0
33.6
0.0212797952037
0.0597365792892
0.122740368415
539
538
33.9
0.0200335196119
0.0813372796484
0.139178089031
540
539
34.2
0.019984680024
0.075913061484
0.13390423109
541
540
34.5
0.0200825016097
0.0896356735578
0.149600624571
542
541
34.8
0.0166902929694
0.0735878545677
0.120707112825
543
542
35.05
0.0233755394993
0.0931461808831
0.162626912541
544
543
35.4
0.0200977527566
0.0557737569772
0.0586579751728
467.0
544
35.65
0.0147495713818
-0.265437596926
-0.275652540907
545
467.0
35.8
0.0348414232597
-0.0444331459748
-0.0804478799338
546
545
36.15
0.0248493792533
-0.0249625935548
-0.0354401658671
547
546
36.4
0.0300498943731
-0.0169346463854
-0.0160972892666
469.0
547
36.7
0.00495
1.07197427243
1.07197427243
548
469.0
36.75
0.0347988576242
-0.530176618424
-0.519101823476
549
548
37.1
0.005
-9.14177347746e-05
-9.14177347746e-05
550
549
37.15
0.0246993346668
0.00578555879819
0.0124507919608
472.0
550
37.4
0.0149498404866
-0.1697883158
-0.164332799337
551
472.0
37.55
0.024749444673
0.089017693309
0.0984601213275
474.0
551
37.8
0.0398473158506
0.0986931176872
0.116076966295
552
474.0
38.2
0.014849964425
-0.0291629530086
-0.0262580702063
476.0
552
38.35
0.0347991584939
-0.00458055013352
0.00737463607364
553
476.0
38.7
0.0297496515556
0.0237332289083
0.0308090299375
478.0
553
39.0
0.0494999619133
0.0106896087733
0.0110113761558
480.0
478.0
39.5
0.034499952101
0.00288760778382
0.0016615928178
482.0
480.0
39.85
0.0346981474273
-0.0130495801808
-0.032844605377
554
482.0
40.2
0.0148996917525
-0.0158506993468
-0.0240193295492
484.0
554
40.35
0.00495
-0.00863523729356
-0.00863523729356
555
485.0
40.7
0.00485
-0.00339399784405
-0.00339399784405
486.0
555
40.75
0.0345458176595
-0.0338775502777
-0.0567286668478
556
486.0
41.1
0.00999988480022
-0.0129146946343
-0.0177146946343
487.0
556
41.2
0.0345943769558
-0.02696492036
-0.0550310547178
557
487.0
41.55
0.00495
-0.0156581322369
-0.0156581322369
489.0
557
41.6
0.0345916267016
-0.0406331637168
-0.0767348991277
491.0
489.0
41.95
0.0344884930753
-0.0467097150356
-0.0878116507558
558
492.0
42.6
0.00495
-0.0156538182836
-0.0156538182836
494.0
558
42.65
0.0476810221084
-0.0570967026893
-0.0784974707351
559
494.0
43.15
0.0168411593143
0.0763964838737
0.122186872262
496.0
559
43.4
0.0515579998442
0.0995223947827
0.193737248762
498.0
496.0
44.05
