5.0
5.0
18.0
0.0
4.94658245384
2.85869123123
18.3928906898
0.0
4.8412037464
1.27144564601
18.5688340312
1.0
4.65033047837
10.0652250039
18.6249859231
1.0
4.5339247419
8.79281943595
18.6668000387
2.0
4.32364463776
6.59493512871
18.6594322808
2.0
4.23424936615
5.65326642077
18.6596832173
3.0
4.02729591599
3.44330975155
18.6226222689
3.0
3.91065569888
2.17472197029
18.6177430957
4.0
3.70568462404
10.9673825763
18.6870366132
4.0
3.67389804713
10.6585617219
18.6986978046
5.0
3.46613604518
8.46408503383
18.6801020612
6.0
3.31569458874
6.89462232859
18.6756454179
7.0
3.19503126437
5.63953118783
18.6691942771
8.0
3.10434309825
4.6997519454
18.6678638532
9.0
2.97944447231
3.43740829224
18.6631896694
10.0
2.85619901618
2.189107498
18.6788370538
11.0
2.7618150261
1.24866567154
18.6825575298
12.0
2.63438264048
10.9836904004
18.7006066625
13.0
2.50464664416
9.72774492283
18.7582229156
14.0
2.36217490878
8.47674186888
18.8621778153
15.0
2.24573910068
7.54134498748
18.9066570032
16.0
2.12054378107
6.59593434422
18.9838176785
17.0
1.88690802907
5.03880392271
19.0928130664
18.0
1.50175069634
2.86789683234
19.2525543268
18.0
1.44010276194
2.56033007686
19.2761483898
19.0
1.0756973838
0.720726720907
19.4007932271
20.0
0.8704662178
10.5252438028
19.4209696927
21.0
0.734149531373
9.59677493596
19.4818624937
22.0
0.574919552548
8.6359306397
19.5238149574
23.0
0.218720810142
7.09120042909
19.6181858221
24.0
10.9076274583
5.88554911262
19.6588053301
25.0
10.3259921973
3.76681885909
19.9345067336
25.0
10.2309439596
3.46847009894
19.9696184474
26.0
9.53278189642
1.47080899709
20.1594480192
26.0
9.29500802509
0.944596649485
20.2451600956
27.0
8.28801598002
10.1126051331
20.3433341584
27.0
8.15126229372
9.82224225511
20.3396743153
28.0
7.32172798061
7.77914719851
20.3388153461
28.0
7.20703063869
7.49101208108
20.3361234041
29.0
6.52435387433
5.75648152302
20.3222717981
30.0
5.74484301262
3.74253772805
20.2604126072
31.0
5.18217925272
2.2688247644
20.1864959787
32.0
4.76782027991
1.09041400603
20.1232458608
33.0
4.35073656699
10.9151966098
20.0580015434
34.0
4.05395564038
10.0361426689
19.9959725983
35.0
3.77732087925
9.15212864541
19.91015042
36.0
3.15537641759
7.05084013506
19.7540265198
37.0
2.67618889911
5.23879221548
19.6475570819
38.0
2.35885528136
4.030918493
19.6693143094
39.0
1.95703952806
2.50715613663
19.6512700783
40.0
1.64464994376
1.28614636743
19.6229302241
41.0
1.34875071588
0.0836023635062
19.6014977168
42.0
1.08886361887
9.87245978486
19.5622796697
43.0
0.93521962218
9.04633544663
19.4481721964
44.0
0.72617599302
7.91208167813
19.2832448457
45.0
0.53734091502
6.9794163226
19.2568194779
46.0
0.343399907669
6.04358378795
19.2933832481
47.0
0.224840694985
5.43234676694
19.3337702287
48.0
0.101059381084
4.82370518168
19.3540656377
49.0
10.9769034788
4.20314010094
19.3342704412
50.0
10.852080197
3.59712752227
19.3138104584
51.0
10.7336908781
2.97844202583
19.3106846217
52.0
10.5460637833
2.06972495068
19.2856288294
53.0
10.4261981695
1.48866851788
19.2058984239
54.0
10.2765890666
0.702313373192
19.1339076252
55.0
10.1854667197
0.218467350867
19.0121354041
56.0
10.0702005685
10.472201356
18.8608268932
57.0
9.9981504796
9.90692345323
18.7678787429
58.0
9.92289645344
9.23615683571
18.6903778623
59.0
9.85880052424
8.5241648505
18.6197712802
60.0
9.82733083386
8.18306098179
18.5966256584
61.0
9.77254939818
7.52084115328
18.5315488777
62.0
9.7268759882
6.89000161946
18.4668659461
63.0
9.68661753237
6.26740270752
18.4640632952
64.0
9.6421267268
5.63180098407
18.3889929759
65.0
9.60551680048
5.0014620925
18.3860878837
66.0
9.56741645833
4.36779306979
18.3846725257
67.0
9.53141361439
3.74325891086
18.3661247058
68.0
9.49164912355
3.10269415853
18.3631613114
69.0
9.4747107527
2.78844555636
18.3624555265
70.0
9.47823695292
2.74658391121
19.1834192456
71.0
9.47885611965
2.75264432153
19.6932736562
72.0
9.4794957557
2.74737451155
20.2231708069
73.0
9.48071012255
2.75374873151
20.759862106
74.0
9.478486062
2.74056723412
21.2871993367
75.0
9.48169955172
2.74317797031
22.082526182
76.0
9.48367377857
2.74388002025
22.6155120912
77.0
9.48207134271
2.73784493624
23.1440358583
78.0
9.48017161552
2.73605006755
23.6668988244
79.0
9.4800416538
2.73564651416
23.9370437367
80.0
9.48535300806
2.72712809542
26.0740517419
81.0
9.4851010359
2.72524361202
26.5850746819
82.0
9.48303932576
2.72235123307
27.1308977787
83.0
9.48625522885
2.72076060645
27.395428665
84.0
9.48584339266
2.72154041334
27.6736146824
85.0
9.49180234714
2.72029344275
27.9402318095
86.0
9.49155940896
2.71711862757
28.2134303291
87.0
9.49161692371
2.71738229982
28.4618974966
88.0
9.48550185591
2.71920250557
28.721708151
89.0
9.48612766815
2.71770945684
28.9879167017
90.0
9.4868680579
2.71522211939
29.5285416289
91.0
9.48708197313
2.71375834491
30.0764177122
92.0
9.48726757214
2.71130995164
30.3315625544
93.0
9.48720873645
2.7119953425
30.5969759552
94.0
9.26131942377
2.88928038003
30.9284792222
95.0
8.76154016875
3.29288171817
31.0789941904
96.0
8.50317237211
3.50558627248
32.3676045483
97.0
8.02527599247
4.2473086079
32.7939118077
98.0
7.40634448071
5.29284760008
32.5076013735
99.0
6.92950589166
5.95314246808
31.9910469072
100.0
6.40618972798
6.5543908432
31.5611011253
101.0
5.83404141245
7.11173342499
31.0693069159
102.0
5.53828408311
7.35569880573
30.8343834835
103.0
4.89295131858
7.83131105868
30.3857480273
104.0
4.19162715722
8.24829951662
29.9481440848
105.0
3.4726819951
8.60890446258
29.4539095054
106.0
2.71138673268
8.90260962625
28.9499981245
107.0
2.13065411096
9.07484213014
28.5951723012
108.0
1.2299833161
9.2673168596
28.1520259632
109.0
10.2816712924
9.44932082375
27.6103174641
109.0
9.86866471922
9.44193370576
27.3585887427
110.0
8.90594159257
9.40740507635
26.9694935131
111.0
7.20618335132
9.38601962948
26.7050259416
112.0
6.27091168893
9.32078504782
26.3589751
113.0
4.51118537733
9.14479946622
25.9287351819
114.0
3.91769184821
9.04146752819
25.615473338
115.0
1.89741566408
8.59478437947
25.2018748206
115.0
1.59446886258
8.49911986427
25.2144282419
116.0
10.5405356342
7.83311752792
25.1468527222
116.0
9.43551240014
7.49110589293
24.9793110585
117.0
7.32389864842
6.7057465736
24.6588730153
117.0
6.46287087533
6.35265097762
24.5561452089
118.0
4.47515068567
5.50357813652
24.424781525
118.0
3.06775531243
4.85332476515
24.3105160078
119.0
1.12688076837
3.91617538016
24.1861089876
119.0
10.7432986028
3.22269055256
24.0880943253
120.0
8.83663773147
2.21612449453
23.9785541702
120.0
7.76040554492
1.62260691927
23.916425484
121.0
5.90275883619
0.553572858331
23.826743152
121.0
4.85292755291
10.9220943097
23.7764414172
122.0
3.00677350774
9.80315550026
23.7370542617
122.0
1.99327351712
9.15690838304
23.3855027367
123.0
0.394756767688
7.9033418676
23.3077631829
123.0
10.6593418267
7.35801465092
23.3659878362
124.0
8.88530308507
6.12043606773
23.461679705
125.0
7.36136641474
5.09470852833
23.5933035563
126.0
6.85144808284
4.76265283291
23.6559530112
127.0
5.81229853544
4.11246701371
23.7821347959
128.0
5.01148942941
3.64760478865
23.9020655678
129.0
4.48773936712
3.34893089596
23.995643494
130.0
4.22035697205
3.19677269198
24.0372474444
131.0
3.66956540871
2.90850791459
24.1190246894
132.0
3.39861805791
2.7712023126
24.1788267938
133.0
3.42113713931
2.79339520528
24.9850962767
134.0
2.83347976174
2.61277011141
25.3841679353
135.0
2.2334566492
2.45893862423
25.4976125907
136.0
1.61459505131
2.3172042522
25.632217863
137.0
1.31181400057
2.25203272994
25.6919168355
138.0
0.706607398036
2.13786584135
25.7997024607
139.0
0.0980011201519
2.0323907172
25.9115303118
140.0
0.0352157708658
2.03121613795
26.4479622329
141.0
0.0320280868586
2.0279390664
26.9814013575
142.0
9.80238074563
2.06860226296
27.1752780903
143.0
7.88893779373
2.16163448776
27.5214905628
144.0
6.63103742667
2.27684658333
27.7234012748
145.0
5.38063768813
2.41749178763
27.8992392074
146.0
4.13889802089
2.60233986602
28.110331728
147.0
2.59635032168
2.87032211609
28.3245917087
148.0
0.453559222346
3.34637805005
28.6368042393
148.0
0.152297879853
3.41958606563
28.7040761011
149.0
9.06074526566
4.04981114236
29.0118430532
149.0
8.46040705185
4.23962697921
29.0370601342
150.0
6.40103027315
4.95707225985
29.2146993294
151.0
4.46443199799
5.63738931004
28.661437735
152.0
2.73982933804
6.04684966435
28.4999257282
153.0
0.906312617871
6.47329538108
28.4973181504
154.0
10.6859912356
6.74516710169
28.124145891
155.0
9.45029008358
6.9540514767
28.1175348627
156.0
8.52145015812
7.1074686552
28.0995968164
157.0
7.30675037622
7.2913841055
27.7063495491
158.0
6.07972032968
7.42729220643
27.7773669182
159.0
5.14648178915
7.52849324519
27.7843426875
160.0
4.1997500505
7.63462005006
27.7771845807
161.0
3.25991760927
7.7406747787
27.7603021525
162.0
2.00767774818
7.87460696441
27.7155157573
163.0
0.74909228109
7.99626078918
27.6311863691
164.0
10.4895817345
8.10709748267
27.5685883153
165.0
9.23625173086
8.20200734684
27.5150586495
166.0
8.27797908981
8.2714464967
27.4470174173
167.0
7.64883368979
8.31503125423
27.4019804809
168.0
6.70148656929
8.37219173265
27.3727565505
169.0
5.75393159378
8.42399002638
27.2983913072
170.0
4.81322798152
8.47207033258
27.2705417079
171.0
3.8625811747
8.51529614886
27.2237233135
172.0
3.24036780903
8.53977376302
27.2161482976
173.0
2.91843021765
8.55181727588
27.1828960094
174.0
1.97599338333
8.57628488923
27.125478235
175.0
1.02957611058
8.58953257153
27.1002352278
176.0
0.0871752796178
8.58581714615
27.0654079832
177.0
10.1389173655
8.5722674777
27.0348253637
178.0
9.49678848849
8.55982587661
27.0148872899
179.0
8.54266271625
8.55130594379
26.9611709917
180.0
7.60411845241
8.54250019953
26.9405877313
181.0
6.65575088205
8.52974518019
26.92313626
182.0
5.39265519787
8.50653350906
26.8797187304
183.0
4.44377514454
8.48464421888
26.8655427372
184.0
3.50173611543
8.45962722729
26.8352830799
185.0
2.5428491766
8.43153038107
26.8207713787
186.0
1.28302356064
8.38914260209
26.8116703891
187.0
0.0145667080297
8.3363699524
26.7983672903
188.0
10.0720784699
8.29193861872
26.81413917
189.0
9.11931525993
8.2559309425
26.7867256922
190.0
8.16512906668
8.22858066144
26.7757062762
191.0
6.90369387079
8.19623182879
26.7911340451
192.0
5.95614574847
8.17657446388
26.8816807215
193.0
5.01980544992
8.16516091287
26.9040988031
194.0
3.74138413029
8.15482295341
26.8937692469
195.0
2.79734411707
8.14533965318
26.905490349
196.0
1.20917825993
8.12922737257
26.9172929056
197.0
10.9521329506
8.11574774409
26.975960484
198.0
9.35256032123
8.10520952083
27.0213264222
199.0
8.40352658445
8.11174723001
27.0470840802
200.0
7.45258558554
8.12385943324
27.1467988157
201.0
6.50945027372
8.14597199387
27.193408529
202.0
5.55621141169
8.17641452014
27.2574804231
203.0
4.29267762557
8.22913324916
27.3971520461
204.0
3.35934914424
8.28976889537
27.4857528644
205.0
2.41989197084
8.36251728347
27.6056127083
206.0
1.79330297282
8.41895649282
27.6956020428
207.0
1.17098630713
8.47783577676
27.7545551244
208.0
0.543889829663
8.54563067049
27.8366055955
209.0
0.233163712972
8.57788280697
27.8846251171
210.0
10.6184382405
8.65075093162
27.9652891738
211.0
10.5907589721
8.63934895788
28.5087004907
212.0
10.5838201962
8.63442749427
29.0627054356
213.0
9.98764166521
8.82161551544
29.1703020971
214.0
9.396837541
9.00028547434
29.2317523371
215.0
8.81191888193
9.18464264208
29.2837623499
216.0
8.21970537737
9.38692001717
29.3575407983
217.0
7.62889775843
9.62181285746
29.4691052487
218.0
7.06010479251
9.86909471793
29.5801741425
219.0
7.01960069029
9.878854444
29.9351588761
220.0
7.02076057281
9.88246054376
30.4687627568
221.0
7.02140913055
9.87945805529
30.7329018805
222.0
6.32910394345
10.4038180034
30.899968303
223.0
5.3619398471
0.189518402691
31.1082128625
224.0
4.90274730011
0.581136793055
31.2256177575
225.0
3.79341957644
1.62141311496
31.5029338732
226.0
2.54491477765
2.9382557976
31.7776226603
227.0
1.53140397987
4.10266812373
32.0228514998
228.0
0.212788573448
5.79572656299
32.3294623094
229.0
9.98566306445
7.5541830413
32.5258810792
229.0
9.81563664281
7.80172589845
32.5486869012
230.0
8.57166397765
9.48893433355
32.7179982545
231.0
7.36455353698
0.286379441707
32.7801302856
231.0
7.0363284724
0.823165125975
32.7929579507
232.0
6.26086676514
2.13858769319
32.8446910272
233.0
5.50228919232
3.46090933532
32.9111527494
234.0
4.5996432068
5.07886353614
33.0252111212
235.0
3.72704900569
6.72001004004
33.0729938438
236.0
2.73300412674
8.635016477
33.1295439465
237.0
2.17138277151
9.72657749488
33.1498811549
238.0
1.38277689207
0.389537189942
33.2001944518
239.0
0.485829137231
2.37192482283
33.2508729276
239.0
0.352583109279
2.64998987629
33.2643616107
240.0
10.4259381513
4.59796583714
33.3277151208
241.0
9.90661283949
5.72659190494
33.4281259365
242.0
9.28301224414
7.14823023209
33.5214153129
243.0
8.66072472837
8.54216281519
33.5655188587
244.0
8.27829575996
9.35826438692
33.6064283463
245.0
7.8807446629
10.2135564485
33.6536233993
246.0
7.40686940391
0.361633561404
33.6620038005
247.0
6.95360869536
1.53056866776
33.7478656138
248.0
6.63215724523
2.40240254058
33.8041086872
249.0
6.41989628293
2.97628262422
33.849905379
250.0
6.20516588927
3.56303475303
33.8899996787
251.0
6.10140506473
3.85347805959
33.9073925375
252.0
5.90770846871
4.4361525056
33.9722682112
253.0
5.71397425916
5.02978162161
34.0582908268
254.0
5.52891081555
5.62945298324
34.1329509159
255.0
5.43927254423
5.9192243261
34.1656254889
256.0
5.35082885547
6.22314798989
34.1894377702
257.0
5.3560898797
6.22291007542
34.7645964558
258.0
5.35705410902
6.2191872214
35.2983314182
259.0
5.31645550769
6.88330595026
35.6198818465
260.0
5.28868236378
7.50426623988
35.7286708409
261.0
5.26984810095
8.13262087719
35.8546198386
262.0
5.26371026692
8.45484068462
35.8700808361
263.0
5.25533281413
9.07900049344
35.9570952903
264.0
5.25728202914
9.11939923729
0.49274828603
265.0
5.26284149591
9.12762359038
1.05109093993
266.0
5.36917957847
9.7248352368
1.15452911807
267.0
5.47861822553
10.3477732069
1.23589383573
268.0
5.66749472931
0.280404249241
1.34309139414
269.0
5.79864572923
0.896879350637
1.43610887422
270.0
5.92988496688
1.51052488103
1.51865987726
271.0
6.01432386185
1.88430468726
1.86820581939
272.0
6.01340062369
1.88930094389
2.4060263192
273.0
6.28603289107
2.45538946131
2.78547536856
274.0
6.99459959593
3.8257761722
3.02295105308
275.0
7.73095148145
5.13639479257
3.27233207715
276.0
8.89242052359
6.92968086674
3.58633159345
277.0
9.98410829534
8.41322369266
4.02398163709
278.0
0.175192795647
9.57158479867
4.40405952758
279.0
1.9282264118
10.8376155865
4.58734548682
279.0
2.61347376413
0.47563336733
4.57033147538
280.0
4.15691106023
1.9719161938
4.518710338
280.0
4.80827033651
2.61789318821
4.50495134564
281.0
6.31535809713
4.1391283174
4.32912265917
281.0
6.94819864352
4.81463547522
4.29049187788
282.0
8.37640434852
6.39456979948
4.12046907915
282.0
8.77426156627
6.86095860684
4.05874393507
283.0
10.1132475968
8.49573334966
3.87143031098
283.0
0.221819961698
9.71644798265
3.75265791146
284.0
1.77357336973
0.204561235805
3.64720528195
284.0
2.52305839548
1.21778501179
3.53018529139
285.0
3.72316216003
3.01198457085
3.3875816051
285.0
3.88845241238
3.27030987493
3.37978559166
286.0
5.03909146671
5.08758157805
3.23294857829
286.0
6.05705420024
6.82900214894
2.98901320073
287.0
6.46979213483
7.6640161244
2.60677041963
288.0
7.31371570663
9.52728891594
2.46955461587
288.0
7.65867381628
10.4059419646
2.08005268925
289.0
8.35849837274
1.48692290062
2.09993738016
289.0
8.52563400886
1.96921227323
1.93793291719
290.0
8.76385040792
2.77116820302
1.45150953668
291.0
9.17761393932
4.80804275014
1.37873785478
292.0
9.44906803134
6.13426046155
0.991015742344
293.0
9.53067598428
6.75902612358
0.645236378875
294.0
9.64630780776
8.31590810318
0.40451690924
295.0
9.64439691385
9.76251720226
0.12587101079
296.0
9.55723035354
10.6295894665
35.9605366069
297.0
9.41854235066
0.913322091661
35.8197084962
298.0
9.33099019092
2.54254268708
35.6102617798
299.0
9.21653874171
4.43548575802
35.4633682574
300.0
9.06046849281
6.33101096654
35.3405981372
301.0
8.89654763151
7.90070988693
35.2912596941
302.0
8.6975650028
9.41208019119
35.291845475
303.0
8.42071883597
0.249806768189
35.3149733547
304.0
8.24608989817
1.836819587
35.3477551647
305.0
8.10416476955
3.41116936198
35.371620778
306.0
7.93943478334
5.2989584375
35.4559650643
307.0
7.79466812383
7.20149430195
35.5098133742
308.0
7.7301611607
8.14926718309
35.5712475834
309.0
7.61346526677
10.054272893
35.6432467658
310.0
7.52516508488
0.626033051854
35.7094421452
311.0
7.43382507721
2.5310368555
35.7210663267
312.0
7.36359079227
4.12556994217
35.7166648794
313.0
7.2812540971
6.02261348036
35.6886130133
314.0
7.20589718815
7.608279442
35.6114950973
315.0
7.1076065463
9.18285803156
35.4976399268
316.0
6.92649057554
0.378203091575
35.3429690726
317.0
6.7369809071
2.26884011267
35.2653822673
318.0
6.57710131697
3.82076147771
35.2110494951
319.0
6.40235203429
5.39047917786
35.2198465728
320.0
6.26498426981
6.64270595814
35.2830286836
321.0
6.17062903735
7.58793035433
35.3233522418
322.0
6.05525247743
8.8564830619
35.4195533304
323.0
5.98149507204
9.80576583455
35.4754612527
324.0
5.91512402383
10.7486121882
35.5318092478
325.0
5.84064934313
1.00010449803
35.6415881443
326.0
5.77852190137
2.26999237121
35.7369274749
327.0
5.72973252089
3.53848001988
35.7654869821
328.0
5.69414007149
4.48753964547
35.801776906
329.0
5.66285521076
5.44325422716
35.8112106209
330.0
5.63320607198
6.38928104627
35.8284589949
331.0
5.61815747978
7.01945536839
35.9441559556
332.0
5.60843819079
7.96077143179
35.9901950517
333.0
5.60742833015
8.62062402142
0.0744507042917
334.0
5.61106336825
8.93376632624
0.0826775160269
335.0
5.62159135975
9.57957185143
0.159752848305
336.0
5.63712521868
10.2090597022
0.189022856685
337.0
5.65858113973
10.8454338041
0.258842939924
338.0
5.66915470593
0.161020128195
0.258450949847
339.0
5.68021716675
0.457719076523
0.56417806504
340.0
5.6690392348
0.457330365631
1.3651834282
341.0
5.66521361769
0.45955175844
1.89738400311
342.0
5.66325062188
0.458646087989
2.44644613452
343.0
5.7870773271
0.686391041318
2.97533720847
344.0
6.08956664907
1.23810866827
3.03719957461
345.0
6.38107667326
1.76990432362
3.11269365058
346.0
6.68969495612
2.30872144888
3.18930691415
347.0
6.69189381325
2.31825448844
3.93562377119
348.0
6.84881555371
2.49879048773
4.20840642162
349.0
7.48116531975
3.20070041219
4.37567091492
350.0
7.91661106613
3.64361815757
4.5225767317
351.0
8.34470149627
4.06602197349
4.65750971799
352.0
8.79334749949
4.47850993347
4.74725193944
353.0
9.46107124363
5.08891977017
4.89821068346
354.0
9.47559106464
5.09733597065
5.68496241492
355.0
9.69234206253
5.21880143019
6.18396429144
356.0
0.0902104298056
5.88166743635
6.55350386735
357.0
1.52259473571
6.42620240495
6.90328697139
358.0
3.587445158
7.08663720705
7.14353519539
358.0
4.47840164632
7.34585279313
7.20428308911
359.0
6.57632699388
7.93916694433
7.21728730712
359.0
8.07753615799
8.35275665166
7.24306820624
360.0
10.1608201682
8.91267301497
7.17680491173
360.0
0.969344304766
9.30908605102
7.12163592864
361.0
3.102944709
9.91897866368
7.06560813475
361.0
5.16792982146
10.5781301041
6.96646657
361.0
4.0184744336
8.09866865534
17.9122721362
1.0
4.01026617225
1.43583318695
17.9738651798
3.0
4.01069824695
1.12198338504
17.9739696466
362.0
3.10837956149
10.7184257651
18.0627053625
363.0
3.09312865221
8.50165774155
18.145077353
364.0
3.05379293763
6.28593982087
18.1947513266
365.0
3.0107652754
4.68953444402
18.2404203287
366.0
2.96573993101
3.44253994337
18.3204929889
367.0
2.90817890329
2.18571000286
18.3911741952
368.0
2.84982216941
1.23588097388
18.4542286191
369.0
2.78566306717
0.290356914804
18.4923148214
370.0
2.68970856283
10.0257434937
18.5652090674
371.0
2.63694621322
9.39639133654
18.5868136054
372.0
2.58318575181
8.76569058497
18.6247065308
373.0
2.49865282671
7.81869342521
18.6915766401
374.0
2.43740193447
7.19348756093
18.7709900763
375.0
2.36530669571
6.57403047657
18.8346916265
376.0
2.25228157363
5.63488833024
18.9306165402
377.0
2.07279034641
4.36329249453
19.1002266347
378.0
1.91946479523
3.43657457036
19.191764684
379.0
0.866995959921
0.304153834354
19.1852727031
19.0
0.0908098517359
9.27131710882
19.1325931013
380.0
6.51954991045
5.51764763464
19.9386495056
29.0
4.33302902552
0.199307316
19.8038289137
32.0
2.85033133329
7.58053555215
19.0367532995
36.0
2.68033692716
5.06516339378
18.8391783813
37.0
1.87883658394
3.4462618117
19.3736506466
381.0
1.67931355057
2.66364927833
19.8391275111
382.0
1.3499246824
1.71156050795
20.4292820086
383.0
0.934803533306
0.784034748444
20.9592800979
384.0
0.358034615346
10.739658254
21.500825576
385.0
10.5318598244
8.90391792463
22.0715424574
386.0
9.22386528857
7.20773951032
21.9718168191
386.0
9.0278581709
6.9679432569
21.9755300136
387.0
7.67706011118
5.30228995202
21.9404002687
387.0
6.90486579969
4.35188978358
22.0252218849
388.0
5.51679052975
2.71225891387
22.1663618182
388.0
5.31284817377
2.4784471847
22.2024873397
389.0
3.86221298376
0.906095448537
22.379389947
389.0
3.25267078218
9.81263375842
23.7121551777
115.0
0.0513412398043
7.69037344267
24.9088454834
115.0
2.93911543333
4.22774041921
23.7056861787
118.0
1.82819207666
8.14305153854
23.2034082679
122.0
10.7967105723
7.1905402044
23.6377431268
390.0
8.84176144976
6.04595552982
23.9030796998
390.0
8.30799238061
5.76840536347
24.2746961165
391.0
7.27259575974
5.31714297181
24.80464046
392.0
5.32445742985
4.63790755254
25.34139378
392.0
5.12625478027
4.58074973354
25.4587828413
393.0
2.96788925084
4.1889892026
25.94863361
394.0
0.79171618853
3.90184304262
26.4906213735
394.0
0.175025815005
3.85708342408
26.4918592556
395.0
8.96640295649
3.70869142759
26.5777229177
396.0
6.74735261021
3.5861214033
26.7918723459
396.0
6.53317282229
3.57839012975
26.9403099308
397.0
4.42588213232
3.62074402727
27.244723276
397.0
3.80247426098
3.64425171543
27.2620987814
398.0
2.20475710208
3.72899614628
27.6938984302
399.0
0.0534273167223
4.03728023224
28.0610369153
399.0
10.2381730324
4.1908469558
28.5347923558
400.0
8.14831923776
4.71867145098
28.9043033679
400.0
7.92810100491
4.7886949163
28.9859020979
401.0
6.68688564744
5.26520996102
29.5251202103
402.0
4.90038255834
6.03887020287
29.9422748592
403.0
4.21195855163
6.43305862252
30.4179615836
404.0
2.1991558502
3.86492344394
11.717371064
405.0
2.25413207144
1.63675149441
11.506841385
405.0
2.31835224363
0.054684062274
11.5418886959
406.0
2.38946768062
8.83443691624
11.6540552171
406.0
2.42112977354
6.62588984965
11.8343266457
406.0
2.42102071856
5.98812120725
11.8899054415
407.0
2.37768197674
3.76003650121
12.085467726
407.0
2.32114175308
2.48612068634
12.1773289542
408.0
2.19185094055
0.276860413412
12.2777393371
408.0
2.10054285199
10.0111981841
12.3254726892
409.0
1.91633190142
7.80221179436
12.4054952386
409.0
1.8077715438
6.5463372989
12.4228035804
410.0
1.62195788431
4.33816968378
12.3724670369
410.0
1.5947632326
4.01952013729
12.3757458488
411.0
1.41708194041
1.83334053971
12.3151619202
411.0
1.36713962473
1.20244029087
12.274734317
412.0
1.26358078934
9.97677140343
11.9706859689
412.0
1.25414176075
9.33464305394
11.8872796525
413.0
1.26006809751
7.13772719591
11.6281550062
413.0
1.27603608643
6.501337982
11.5526449568
414.0
1.39216406112
4.28929840279
11.258538243
415.0
1.60249828841
2.10190312658
10.9833660949
415.0
1.63958207064
1.7840778104
10.9482135176
416.0
1.95663098801
10.6164733819
10.5929718636
416.0
2.01341254646
10.3046339686
10.5406106752
417.0
2.38435693945
8.46839565445
10.2686765798
418.0
2.95297247515
6.36074244392
9.86113759187
418.0
3.04569368966
6.06020696276
9.80131165252
419.0
3.71080154597
4.12128271523
9.66699149301
419.0
4.15678402889
2.44289557938
10.562514065
420.0
4.55116889454
0.40041701598
10.9118099065
420.0
4.70389029851
9.82613053516
11.1726917234
421.0
4.91059156764
7.73842038441
11.1229486284
421.0
5.09298394247
5.83808572453
11.1208808378
422.0
5.26518130636
3.75897619293
11.7359849711
422.0
5.28192206279
1.52277663727
11.7542422818
422.0
5.28435139011
1.21295397871
11.7696481978
423.0
5.2569813948
10.0266507262
11.8752183856
423.0
5.10017591763
7.93906911721
12.372299349
423.0
5.04890984465
7.30003060151
12.3726664701
424.0
4.84762645307
5.35762656057
12.9600255064
424.0
4.56789476515
3.79832280565
12.8636344915
425.0
4.1490780437
1.64677970858
13.525516402
426.0
3.61825230944
10.6199649198
13.8050029529
426.0
3.422614634
10.0603412623
14.1546387255
427.0
2.69559345719
8.4800086172
14.4365125143
428.0
2.20469128841
7.4793925682
14.8940904433
429.0
1.6709904985
6.6261815053
15.4882934218
430.0
1.04248895154
5.83610551975
16.0378160343
431.0
0.200824634324
5.00313360215
16.7710516785
432.0
10.5674016746
4.49339902769
17.1919180157
433.0
9.55209317067
3.85958272173
17.9357721946
434.0
8.36891334436
3.29342248241
18.1473849891
435.0
6.68263919131
2.52289512428
18.1106532643
436.0
5.00675922512
1.71851127975
17.9161632281
437.0
3.64390839484
1.00726530527
17.8717964823
438.0
2.0076454835
0.152521326389
17.9391720805
439.0
0.633299476019
10.4687678791
18.073668905
440.0
9.70721192035
9.58586873232
18.338633178
440.0
9.44980855582
9.46376751709
18.4032365835
441.0
8.28490893321
8.87072555985
18.5839996321
442.0
6.82140480669
8.05498830232
18.9829074128
443.0
5.27982811128
7.54945616348
19.1245186291
444.0
3.55248645196
7.12777952804
19.4925149514
445.0
1.79375980694
3.38233388867
19.305349583
38
10.5650970212
8.64517034367
21.1588175122
385
2.74743908479
10.1137005644
22.1472521446
389
6.7443559759
4.39249940283
24.2155341764
391
9.30530153936
2.80339496876
26.3071961976
395
1.9112557767
2.93620281288
27.0685900743
398
4.4615234097
5.48767630753
29.0410487055
402
2.35337349101
6.89867946617
30.0937861818
446
1.2648603501
7.57518174865
30.7316051271
447
0.346083619607
8.32967781407
31.4203568868
448
10.5737885869
9.12316964653
32.0960131404
449
9.89616199091
9.85808203058
32.8522209919
450
9.32882853745
10.517750277
33.4461886323
451
8.62988788129
0.823803943713
34.2874178998
452
3.04735526592
3.84195484604
9.81734028935
405
5.24583060758
3.63601073987
9.35614766263
405
3.82902697448
1.48260388412
10.1299948175
406
4.24718730058
10.4053572231
10.6344806761
406
6.27000312689
9.56288343239
10.7656788599
406
3.93900085151
7.44007286362
11.4228261682
407
4.25876150821
4.79569638643
12.0511037713
407
4.38188483087
1.73872188788
12.2220146681
408
4.02104189154
8.89981469622
12.1536850722
409
3.19028163396
0.100045079541
11.8068906907
412
3.16904317955
8.04050894312
11.6461137596
413
3.4141490943
6.40332524455
10.7489708099
414
3.25589201357
3.39473170515
10.6069548687
415
4.44836287883
8.86502887495
9.4450417739
418
5.11660432858
5.65535164841
9.54524049897
419
-
498.0
0.0
