0
6.93889390391e-18
5.55111512313e-17
0.0
0
0.000000000000000000e+00 

0
-1
-1
1
-0.117333406611
0.34148257827
1.90622679241
1
1.000000000000000000e+00 
0.000000000000000000e+00 
0
-1
-1
2
-0.212792537662
0.610992163845
1.9130444848
2
2.000000000000000000e+00 
1.000000000000000000e+00 
0
-1
-1
3
-0.315910657001
0.892712184545
1.92395279263
3
3.000000000000000000e+00 
2.000000000000000000e+00 
0
-1
-1
4
-0.413353703211
1.15238633467
1.93077048502
4
4.000000000000000000e+00 
3.000000000000000000e+00 
0
-1
-1
5
-0.485459491993
1.33893469413
1.94304233132
5
5.000000000000000000e+00 
4.000000000000000000e+00 
0
-1
-1
6
-0.558962610982
1.52493796596
1.94849648523
6
6.000000000000000000e+00 
5.000000000000000000e+00 
0
-1
-1
7
-0.633099409917
1.71068972625
1.95122356219
7
7.000000000000000000e+00 
6.000000000000000000e+00 
0
-1
-1
8
-0.657397427907
1.80769285157
1.81623325286
8
8.000000000000000000e+00 
7.000000000000000000e+00 
0
-1
-1
9
-0.676638920203
1.90582421747
1.76441879069
9
9.000000000000000000e+00 
8.000000000000000000e+00 
0
-1
-1
10
-0.709755253875
2.10305872063
1.73033032874
10
1.000000000000000000e+01 
9.000000000000000000e+00 
0
-1
-1
11
-0.738021473006
2.30104819246
1.70715017461
11
1.100000000000000000e+01 
1.000000000000000000e+01 
0
-1
-1
12
-0.762368132505
2.49955959104
1.68942417439
12
1.200000000000000000e+01 
1.100000000000000000e+01 
0
-1
-1
13
-0.782649700728
2.69852628918
1.66760755874
13
1.300000000000000000e+01 
1.200000000000000000e+01 
0
-1
-1
14
-0.798993672453
2.89785437222
1.64715448157
14
1.400000000000000000e+01 
1.300000000000000000e+01 
0
-1
-1
15
-0.810577045491
3.09751488285
1.62261078896
15
1.500000000000000000e+01 
1.400000000000000000e+01 
0
-1
-1
16
-0.817393529126
3.39741059079
1.57761401919
16
1.600000000000000000e+01 
1.500000000000000000e+01 
0
-1
-1
17
-0.824879754365
3.69697091032
1.66351694331
17
1.700000000000000000e+01 
1.600000000000000000e+01 
0
-1
-1
18
-0.843049675971
3.79530632586
1.75351048286
18
1.800000000000000000e+01 
1.700000000000000000e+01 
0
-1
-1
19
-0.872208599167
3.89096068906
1.86668417655
19
1.900000000000000000e+01 
1.800000000000000000e+01 
0
-1
-1
20
-0.910854544763
3.9831913287
1.96758602393
20
2.000000000000000000e+01 
1.900000000000000000e+01 
0
-1
-1
21
-0.960025678493
4.07026715547
2.08485033305
21
2.100000000000000000e+01 
2.000000000000000000e+01 
0
-1
-1
22
-1.01893650008
4.15107257051
2.20075110369
22
2.200000000000000000e+01 
2.100000000000000000e+01 
0
-1
-1
23
-1.08599130162
4.22525918379
2.3057435665
23
2.300000000000000000e+01 
2.200000000000000000e+01 
0
-1
-1
24
-1.15971903531
4.29281820455
2.39982772149
24
2.400000000000000000e+01 
2.300000000000000000e+01 
0
-1
-1
25
-1.24171237291
4.35006410037
2.53209095387
25
2.500000000000000000e+01 
2.400000000000000000e+01 
0
-1
-1
26
-1.33329835178
4.39021392571
2.72844049472
26
2.600000000000000000e+01 
2.500000000000000000e+01 
0
-1
-1
27
-1.52529697859
4.4457506168
2.89615572753
27
2.700000000000000000e+01 
2.600000000000000000e+01 
0
-1
-1
28
-1.77959355147
4.49468124361
3.0161471136
28
2.800000000000000000e+01 
2.700000000000000000e+01 
0
-1
-1
29
-1.87954856131
4.49768057838
3.11159480707
29
2.900000000000000000e+01 
2.800000000000000000e+01 
0
-1
-1
30
-1.97939233312
4.49209298224
-3.08568757599
30
3.000000000000000000e+01 
2.900000000000000000e+01 
0
-1
-1
31
-2.1976252064
4.47145772708
-3.02296480599
31
3.100000000000000000e+01 
3.000000000000000000e+01 
0
-1
-1
32
-2.44930634814
4.42357524859
-2.89342865057
32
3.200000000000000000e+01 
3.100000000000000000e+01 
0
-1
-1
33
-2.54413005699
4.39181892261
-2.81843403428
33
3.300000000000000000e+01 
3.200000000000000000e+01 
0
-1
-1
34
-2.73215730801
4.32367280264
-2.78707264928
34
3.400000000000000000e+01 
3.300000000000000000e+01 
0
-1
-1
35
-2.91890161158
4.25207601309
-2.77207372602
35
3.500000000000000000e+01 
3.400000000000000000e+01 
0
-1
-1
36
-3.10470322517
4.17806612921
-2.75980187972
36
3.600000000000000000e+01 
3.500000000000000000e+01 
0
-1
-1
37
-3.19729852466
4.14030225079
-2.7543477258
37
3.700000000000000000e+01 
3.600000000000000000e+01 
0
-1
-1
38
-3.38165355651
4.06275919982
-2.74071234102
38
3.800000000000000000e+01 
3.700000000000000000e+01 
0
-1
-1
39
-3.56515228521
3.98320957887
-2.73116757168
39
3.900000000000000000e+01 
3.800000000000000000e+01 
0
-1
-1
40
-3.74804736727
3.90228691245
-2.72025926385
40
4.000000000000000000e+01 
3.900000000000000000e+01 
0
-1
-1
41
-3.9302186081
3.81974619708
-2.71207803298
41
4.100000000000000000e+01 
4.000000000000000000e+01 
0
-1
-1
42
-4.11205220471
3.73646028506
-2.71207803298
42
4.200000000000000000e+01 
4.100000000000000000e+01 
0
-1
-1
43
-4.52317553604
3.5302491084
-2.57708772365
43
4.300000000000000000e+01 
4.200000000000000000e+01 
0
-1
-1
44
-4.68730840706
3.41598782365
-2.52254618452
44
4.400000000000000000e+01 
4.300000000000000000e+01 
0
-1
-1
45
-4.76771031141
3.35652746899
-2.50482018431
45
4.500000000000000000e+01 
4.400000000000000000e+01 
0
-1
-1
46
-4.84729400187
3.29597636485
-2.49118479953
46
4.600000000000000000e+01 
4.500000000000000000e+01 
0
-1
-1
47
-5.00462348826
3.17250339816
-2.46936818388
47
4.700000000000000000e+01 
4.600000000000000000e+01 
0
-1
-1
48
-5.08235524357
3.10959255476
-2.46118695301
48
4.800000000000000000e+01 
4.700000000000000000e+01 
0
-1
-1
49
-5.15974271898
3.04625868823
-2.4557327991
49
4.900000000000000000e+01 
4.800000000000000000e+01 
0
-1
-1
50
-5.2367836124
2.98250368262
-2.45027864518
50
5.000000000000000000e+01 
4.900000000000000000e+01 
0
-1
-1
51
-5.31338805671
2.91822492165
-2.44346095279
51
5.100000000000000000e+01 
5.000000000000000000e+01 
0
-1
-1
52
-5.46615750367
2.78914615211
-2.43800679888
52
5.200000000000000000e+01 
5.100000000000000000e+01 
0
-1
-1
53
-5.6177766936
2.65871868657
-2.42846202953
53
5.300000000000000000e+01 
5.200000000000000000e+01 
0
-1
-1
54
-5.7585740466
2.51734420452
-2.28529048933
54
5.400000000000000000e+01 
5.300000000000000000e+01 
0
-1
-1
55
-5.81792471494
2.43686129846
-2.2062052576
55
5.500000000000000000e+01 
5.400000000000000000e+01 
0
-1
-1
56
-5.87061565896
2.35186915519
-2.12575648739
56
5.600000000000000000e+01 
5.500000000000000000e+01 
0
-1
-1
57
-5.91374059682
2.26164587807
-2.01667340914
57
5.700000000000000000e+01 
5.600000000000000000e+01 
0
-1
-1
58
-5.95074567635
2.16874472582
-1.94986002371
58
5.800000000000000000e+01 
5.700000000000000000e+01 
0
-1
-1
59
-5.97398412977
2.0714823267
-1.80532494503
59
5.900000000000000000e+01 
5.800000000000000000e+01 
0
-1
-1
60
-5.98446409708
1.97203299143
-1.67578878961
60
6.000000000000000000e+01 
5.900000000000000000e+01 
0
-1
-1
61
-5.98323694325
1.87204052125
-1.55852448049
61
6.100000000000000000e+01 
6.000000000000000000e+01 
0
-1
-1
62
-5.9697788724
1.77295025771
-1.43580601746
62
6.200000000000000000e+01 
6.100000000000000000e+01 
0
-1
-1
63
-5.94693847538
1.67559361303
-1.34035832399
63
6.300000000000000000e+01 
6.200000000000000000e+01 
0
-1
-1
64
-5.9222438593
1.57869069286
-1.3212687853
64
6.400000000000000000e+01 
6.300000000000000000e+01 
0
-1
-1
65
-5.89530985391
1.48238617919
-1.29808863117
65
6.500000000000000000e+01 
6.400000000000000000e+01 
0
-1
-1
66
-5.86368285319
1.38751925753
-1.24900124596
66
6.600000000000000000e+01 
6.500000000000000000e+01 
0
-1
-1
67
-5.8206809783
1.29723726178
-1.12628278293
67
6.700000000000000000e+01 
6.600000000000000000e+01 
0
-1
-1
68
-5.77115406323
1.21036330317
-1.05265170511
68
6.800000000000000000e+01 
6.700000000000000000e+01 
0
-1
-1
69
-5.6664801705
1.03996853169
-1.00492785837
69
6.900000000000000000e+01 
6.800000000000000000e+01 
0
-1
-1
70
-5.45125228014
0.726739578893
-0.951749857728
70
7.000000000000000000e+01 
6.900000000000000000e+01 
0
-1
-1
71
-5.21069144495
0.40718735784
-0.910843703385
71
7.100000000000000000e+01 
7.000000000000000000e+01 
0
-1
-1
72
-5.08009002876
0.255992559768
-0.81266893296
72
7.200000000000000000e+01 
7.100000000000000000e+01 
0
-1
-1
73
-5.00645448291
0.18833307124
-0.743128470576
73
7.300000000000000000e+01 
7.200000000000000000e+01 
0
-1
-1
74
-4.79449704023
-0.0232352858226
-0.861756318172
74
7.400000000000000000e+01 
7.300000000000000000e+01 
0
-1
-1
75
-4.73329687721
-0.102320935893
-0.912207241863
75
7.500000000000000000e+01 
7.400000000000000000e+01 
0
-1
-1
76
-4.55251292447
-0.34173088816
-0.924479088166
76
7.600000000000000000e+01 
7.500000000000000000e+01 
0
-1
-1
77
-4.31324868339
-0.662281300986
-0.929933242078
77
7.700000000000000000e+01 
7.600000000000000000e+01 
0
-1
-1
78
-4.13333644295
-0.902347018148
-0.927206165122
78
7.800000000000000000e+01 
7.700000000000000000e+01 
0
-1
-1
79
-3.95233523447
-1.14159213903
-0.920388472731
79
7.900000000000000000e+01 
7.800000000000000000e+01 
0
-1
-1
80
-3.8880564735
-1.21819658334
-0.872664625997
80
8.000000000000000000e+01 
7.900000000000000000e+01 
0
-1
-1
81
-3.69668304754
-1.42804625399
-0.818123086872
81
8.100000000000000000e+01 
8.000000000000000000e+01 
0
-1
-1
82
-3.41765164469
-1.71111243995
-0.781307547963
82

8.100000000000000000e+01 
0
-1
-1
-
82
81
