0.361078218076
1.90175822977
1.90622679241
1
0
4.0
0.285915831002
0.00497725287228
0.0068176923906
2
1
7.0
0.299999194331
0.0086357447902
0.010908307825
3
2
10.0
0.277355027898
0.00583444934788
0.0068176923906
4
3
13.0
0.199998837978
0.00886300010778
0.0122718463031
5
4
15.0
0.199999814076
0.00409061543436
0.00545415391248
6
5
17.0
0.199999953519
0.00204530771718
0.00272707695624
7
6
19.0
0.1
-0.134990309334
-0.134990309334
8
7
20.0
0.1
-0.0518144621686
-0.0518144621686
9
8
21.0
0.199995351925
-0.0272707695624
-0.034088461953
10
9
23.0
0.199997025228
-0.0177260002156
-0.023180154128
11
10
25.0
0.199998837978
-0.0143171540203
-0.0177260002156
12
11
27.0
0.199997722439
-0.0170442309765
-0.0218166156499
13
12
29.0
0.199997025228
-0.0149989232593
-0.0204530771718
14
13
31.0
0.199996235057
-0.0184077694546
-0.0245436926062
15
14
33.0
0.29997316561
-0.0290888614003
-0.044996769778
16
15
36.0
0.299653847981
0.018167817582
0.0859029241216
17
16
39.0
0.1
0.089993539556
0.089993539556
18
17
40.0
0.1
0.113173693684
0.113173693684
19
18
41.0
0.1
0.100901847381
0.100901847381
20
19
42.0
0.1
0.117264309118
0.117264309118
21
20
43.0
0.1
0.11590077064
0.11590077064
22
21
44.0
0.1
0.104992462815
0.104992462815
23
22
45.0
0.1
0.0940841549903
0.0940841549903
24
23
46.0
0.1
0.132263232378
0.132263232378
25
24
47.0
0.1
0.196349540849
0.196349540849
26
25
48.0
0.199869449274
0.131581463139
0.167715232809
27
26
50.0
0.258961296763
0.0553445840614
0.119991386075
28
27
53.0
0.1
0.0954476934684
0.0954476934684
29
28
54.0
0.1
0.0859029241216
0.0859029241216
30
29
55.0
0.219206297208
0.0383707465627
0.0627227699935
31
30
58.0
0.256195489527
0.0693759190386
0.129536155421
32
31
61.0
0.1
0.0749946162966
0.0749946162966
33
32
62.0
0.199995351925
0.0245436926062
0.0313613849968
34
33
64.0
0.199998837978
0.011590077064
0.0149989232593
35
34
66.0
0.199999256306
0.00954476934684
0.0122718463031
36
35
68.0
0.1
0.00545415391248
0.00545415391248
37
36
69.0
0.199999256306
0.010908307825
0.0136353847812
38
37
71.0
0.199999814076
0.00818123086872
0.00954476934684
39
38
73.0
0.199997722439
0.00613592315154
0.010908307825
40
39
75.0
0.199998326689
0.00409061543436
0.00818123086872
41
40
77.0
0.2
-0.0
-0.0
42
41
79.0
0.459940695023
0.0353960652615
0.134990309334
43
42
85.0
0.199988101
0.0436332312999
0.0545415391248
44
43
87.0
0.1
0.0177260002156
0.0177260002156
45
44
88.0
0.1
0.0136353847812
0.0136353847812
46
45
89.0
0.199995351925
0.0149989232593
0.0218166156499
47
46
91.0
0.1
0.00818123086872
0.00818123086872
48
47
92.0
0.1
0.00545415391248
0.00545415391248
49
48
93.0
0.1
0.00545415391248
0.00545415391248
50
49
94.0
0.1
0.0068176923906
0.0068176923906
51
50
95.0
0.199999581672
0.0034088461953
0.00545415391248
52
51
97.0
0.199999256306
0.0068176923906
0.00954476934684
53
52
99.0
0.199526035358
0.0743128470576
0.143171540203
54
53
101.0
0.1
0.079085231731
0.079085231731
55
54
102.0
0.1
0.0804487702091
0.0804487702091
56
55
103.0
0.1
0.10908307825
0.10908307825
57
56
104.0
0.1
0.0668133854279
0.0668133854279
58
57
105.0
0.1
0.144535078681
0.144535078681
59
58
106.0
0.1
0.129536155421
0.129536155421
60
59
107.0
0.1
0.117264309118
0.117264309118
61
60
108.0
0.1
0.122718463031
0.122718463031
62
61
109.0
0.1
0.0954476934684
0.0954476934684
63
62
110.0
0.1
0.0190895386937
0.0190895386937
64
63
111.0
0.1
0.023180154128
0.023180154128
65
64
112.0
0.1
0.0490873852123
0.0490873852123
66
65
113.0
0.1
0.122718463031
0.122718463031
67
66
114.0
0.1
0.0736310778185
0.0736310778185
68
67
115.0
0.199977503652
0.0327249234749
0.0477238467342
69
68
117.0
0.380046604594
0.0361651588042
0.0531780006467
70
69
121.0
0.399978921202
0.0262480739914
0.0409061543436
71
70
125.0
0.199791383385
0.0524962314076
0.0981747704247
72
71
127.0
0.1
0.0695404623841
0.0695404623841
73
72
128.0
0.299478091386
-0.0413510108567
-0.118627847596
74
73
131.0
0.1
-0.0504509236905
-0.0504509236905
75
74
132.0
0.299999938025
-0.0118173335083
-0.0122718463031
76
75
135.0
0.399999930279
-0.00511326933256
-0.00545415391248
77
76
139.0
0.299999938025
0.0022725641615
0.00272707695624
78
77
142.0
0.299999442229
0.00409061458931
0.0068176923906
79
78
145.0
0.1
0.0477238467342
0.0477238467342
80
79
146.0
0.284008225995
0.041249168759
0.0545415391248
81
80
149.0
0.397473256227
0.0255469638089
0.0368155389093
82
81
153.0
