0
40
40
19.6136791076
1.0
0.000000000000000000e+00 
1
39.942682857
39.7484456956
19.9136791076
1.0
1.000000000000000000e+00 
2
39.8761815578
39.5522366493
19.949445954
1.0
2.000000000000000000e+00 
3
39.7904874768
39.2912724097
19.9953437819
1.0
3.000000000000000000e+00 
4
39.7225167894
39.0616564699
20.0275576727
1.0
4.000000000000000000e+00 
5
39.6706874631
38.8999675217
20.0512875836
1.0
5.000000000000000000e+00 
6
39.6120444773
38.740685297
20.0908594831
1.0
6.000000000000000000e+00 
7
39.5482378919
38.5761776403
20.1063928488
1.0
7.000000000000000000e+00 
8
39.5170708663
38.4940144168
20.1107568754
1.0
8.000000000000000000e+00 
9
39.4864181409
38.4116052794
19.3335773421
1.0
9.000000000000000000e+00 
10
39.4541020575
38.2419669286
18.9147173279
1.0
1.000000000000000000e+01 
11
39.4274346995
38.0681960336
18.7869428248
1.0
1.100000000000000000e+01 
12
39.4052194116
37.8974438235
18.6738764182
1.0
1.200000000000000000e+01 
13
39.3891499889
37.7269168646
18.5750991698
1.0
1.300000000000000000e+01 
14
39.3777546268
37.5513130521
18.4766534623
1.0
1.400000000000000000e+01 
15
39.3699341222
37.3728584085
18.3569146894
1.0
1.500000000000000000e+01 
16
39.3553526959
37.1092014342
18.1381907949
1.0
1.600000000000000000e+01 
17
39.347682407
36.8488222007
17.9681727517
1.0
1.700000000000000000e+01 
18
39.3474552723
36.7618457935
18.5861848681
1.0
1.800000000000000000e+01 
19
39.3421472701
36.6785806731
19.1092914719
1.0
1.900000000000000000e+01 
20
39.3286945318
36.5885480848
19.7585813891
1.0
2.000000000000000000e+01 
21
39.3056444047
36.5075467022
20.3445686901
1.0
2.100000000000000000e+01 
22
39.2774804263
36.4279256149
21.0187006092
1.0
2.200000000000000000e+01 
23
39.2378737634
36.3536234877
21.6876426463
1.0
2.300000000000000000e+01 
24
39.1863792177
36.2811288646
22.2977297244
1.0
2.400000000000000000e+01 
25
39.127616512
36.2189726063
22.8452881923
1.0
2.500000000000000000e+01 
26
39.066591568
36.1622544031
23.6003827214
1.0
2.600000000000000000e+01 
27
38.9184993073
36.087185211
25.277593264
1.0
2.700000000000000000e+01 
28
38.7129163365
36.0430976551
25.842270721
1.0
2.800000000000000000e+01 
29
38.628605238
36.0257740288
26.3761707059
1.0
2.900000000000000000e+01 
30
38.541357569
36.0202670003
26.9310181666
1.0
3.000000000000000000e+01 
31
38.3041864491
36.0349491746
27.6883130339
1.0
3.100000000000000000e+01 
32
38.1169453114
36.0577549662
27.9870681122
1.0
3.200000000000000000e+01 
33
38.031219508
36.0721892873
28.4721169041
1.0
3.300000000000000000e+01 
34
37.875407112
36.1200571218
28.9905357089
1.0
3.400000000000000000e+01 
35
37.7223024224
36.1767631411
29.0920664367
1.0
3.500000000000000000e+01 
36
37.5613215959
36.237295931
29.148833085
1.0
3.600000000000000000e+01 
37
37.477409014
36.2687881892
29.1709228509
1.0
3.700000000000000000e+01 
38
37.3108987942
36.3312093958
29.2337553265
1.0
3.800000000000000000e+01 
39
37.1490294779
36.3955298955
29.2891499545
1.0
3.900000000000000000e+01 
40
36.9879859482
36.4614450382
29.3017621536
1.0
4.000000000000000000e+01 
41
36.832946812
36.5307243153
29.3448017434
1.0
4.100000000000000000e+01 
42
36.673980357
36.6005855363
29.382554034
1.0
4.200000000000000000e+01 
43
36.3022045316
36.7494230383
29.5681433707
1.0
4.300000000000000000e+01 
44
36.1472634014
36.8325028678
30.3258871717
1.0
4.400000000000000000e+01 
45
36.0745221743
36.878203052
30.4360910993
1.0
4.500000000000000000e+01 
46
36.0068689671
36.9225013984
30.5231350142
1.0
4.600000000000000000e+01 
47
35.8722561587
37.0167574493
30.6337183992
1.0
4.700000000000000000e+01 
48
35.8034282639
37.0654016259
30.7092864934
1.0
4.800000000000000000e+01 
49
35.7373470072
37.1151507324
30.7495095663
1.0
4.900000000000000000e+01 
50
35.672190824
37.165110501
30.7730891502
1.0
5.000000000000000000e+01 
51
35.6045465935
37.2173852841
30.796770743
1.0
5.100000000000000000e+01 
52
35.4678015325
37.3233285356
30.8303793589
1.0
5.200000000000000000e+01 
53
35.3277155773
37.429001324
30.869810785
1.0
5.300000000000000000e+01 
54
35.1909808714
37.538242221
30.9211052018
1.0
5.400000000000000000e+01 
55
35.1256779927
37.5948137807
31.7037946868
1.0
5.500000000000000000e+01 
56
35.066776481
37.6619544301
32.1700916047
1.0
5.600000000000000000e+01 
57
35.018551432
37.7323314002
32.628078438
1.0
5.700000000000000000e+01 
58
34.9726325705
37.8038207693
33.2516891034
1.0
5.800000000000000000e+01 
59
34.9382192598
37.881166134
33.6451277386
1.0
5.900000000000000000e+01 
60
34.9046277628
37.9572679808
34.4660526283
1.0
6.000000000000000000e+01 
61
34.887860945
38.0385429486
35.2262295238
1.0
6.100000000000000000e+01 
62
34.8805133906
38.1217273329
35.9130077578
1.0
6.200000000000000000e+01 
63
34.8792757657
38.2031098838
0.623191818404
1.0
6.300000000000000000e+01 
64
34.8870763986
38.2855542349
1.18487141488
1.0
6.400000000000000000e+01 
65
34.90359125
38.3687133131
1.30113906289
1.0
6.500000000000000000e+01 
66
34.9212514819
38.4516316789
1.42383165029
1.0
6.600000000000000000e+01 
67
34.9407363676
38.5390480736
1.68939972926
1.0
6.700000000000000000e+01 
68
34.9625621706
38.6262481184
2.37411220558
1.0
6.800000000000000000e+01 
69
35.0368483598
38.7882240493
2.89567772485
1.0
6.900000000000000000e+01 
70
35.1936513355
39.0648624029
3.25670280668
1.0
7.000000000000000000e+01 
71
35.379512042
39.3486459402
3.44823653445
1.0
7.100000000000000000e+01 
72
35.4843604189
39.498438191
3.5361830121
1.0
7.200000000000000000e+01 
73
35.5333646829
39.5691040257
4.05002176977
1.0
7.300000000000000000e+01 
74
35.7105971897
39.7545396403
4.25924502585
1.0
7.400000000000000000e+01 
75
35.7693127182
39.8168552984
3.76031824557
1.0
7.500000000000000000e+01 
76
35.9106867982
40.0210630367
3.41886442979
1.0
7.600000000000000000e+01 
77
36.0945271485
40.3013430232
3.37861592007
1.0
7.700000000000000000e+01 
78
36.2328786035
40.5187408401
3.39306375316
1.0
7.800000000000000000e+01 
79
36.3814312816
40.7365206768
3.40541625254
1.0
7.900000000000000000e+01 
80
36.4295169171
40.8081402876
3.42890506949
1.0
8.000000000000000000e+01 
81
36.583510555
41.0131860041
3.91734250169
1.0
8.100000000000000000e+01 
82
36.8079870297
41.2599840653
4.09585846586
1.0
8.200000000000000000e+01 
-
82
81
