40.0
39.900865789
19.8676171605
0
39.9269320732
39.7024756821
19.928723602
1
39.8472745069
39.466797499
19.9514372938
2
39.7642135482
39.2041797314
19.998064908
3
39.6968759674
38.9803432399
20.0226887538
4
39.6424991846
38.8202103664
20.0835427012
5
39.5803908161
38.6593643067
20.102423416
6
39.5170708663
38.4940144168
20.1107568754
7
39.4864181409
38.4116052794
19.3335773421
8
39.4689778448
38.3262980905
19.0223576056
9
39.4400688851
38.1552493078
18.8486845452
10
39.4156707653
37.9812406256
18.730111867
11
39.3967400829
37.8133983196
18.6408594813
12
39.3829260592
37.6395144936
18.526602756
13
39.3741058281
37.4633351203
18.4195627559
14
39.3646082738
37.2839272234
18.2945846904
15
39.3514938264
37.022600883
18.0638511307
16
39.3474552723
36.7618457935
18.5861848681
17
39.3421472701
36.6785806731
19.1092914719
18
39.3286945318
36.5885480848
19.7585813891
19
39.3056444047
36.5075467022
20.3445686901
20
39.2774804263
36.4279256149
21.0187006092
21
39.2378737634
36.3536234877
21.6876426463
22
39.1863792177
36.2811288646
22.2977297244
23
39.127616512
36.2189726063
22.8452881923
24
39.066591568
36.1622544031
23.6003827214
25
38.9958434123
36.1163139134
24.7371872029
26
38.8369913152
36.0684133979
25.7033344254
27
38.628605238
36.0257740288
26.3761707059
28
38.541357569
36.0202670003
26.9310181666
29
38.4513001858
36.0230031876
27.4232984595
30
38.2591672556
36.0402116258
27.7582110017
31
38.031219508
36.0721892873
28.4721169041
32
37.9520015735
36.0946265958
28.8958421067
33
37.7985274693
36.1473739844
29.0577316498
34
37.6427928683
36.2066199278
29.1195605005
35
37.477409014
36.2687881892
29.1709228509
36
37.3939220304
36.3001125695
29.1941092634
37
37.2294047891
36.3633555502
29.2572876605
38
37.0674462759
36.4286137313
29.2976495079
39
36.91012548
36.4952565187
29.3547647139
40
36.754048874
36.5658128734
29.3894142481
41
36.5944368948
36.6334621606
29.3814298052
42
36.2225260361
36.7870904429
30.1413522199
43
36.0745221743
36.878203052
30.4360910993
44
36.0068689671
36.9225013984
30.5231350142
45
35.9396688299
36.9691833836
30.5922523195
46
35.8034282639
37.0654016259
30.7092864934
47
35.7373470072
37.1151507324
30.7495095663
48
35.672190824
37.165110501
30.7730891502
49
35.6045465935
37.2173852841
30.796770743
50
35.536840654
37.2706903195
30.8286163037
51
35.3976060757
37.3759197563
30.8511841533
52
35.2583015875
37.4831070328
30.8961444548
53
35.1256779927
37.5948137807
31.7037946868
54
35.066776481
37.6619544301
32.1700916047
55
35.018551432
37.7323314002
32.628078438
56
34.9726325705
37.8038207693
33.2516891034
57
34.9382192598
37.881166134
33.6451277386
58
34.9046277628
37.9572679808
34.4660526283
59
34.887860945
38.0385429486
35.2262295238
60
34.8805133906
38.1217273329
35.9130077578
61
34.8792757657
38.2031098838
0.623191818404
62
34.8870763986
38.2855542349
1.18487141488
63
34.90359125
38.3687133131
1.30113906289
64
34.9212514819
38.4516316789
1.42383165029
65
34.9407363676
38.5390480736
1.68939972926
66
34.9625621706
38.6262481184
2.37411220558
67
34.9981624301
38.7097846091
2.80664452516
68
35.0763489913
38.8659167439
3.05853421031
69
35.2375596956
39.1341350373
3.30413373764
70
35.4306035517
39.4235480649
3.50416285912
71
35.5333646829
39.5691040257
4.05002176977
72
35.5892832888
39.632898037
4.45075094888
73
35.7693127182
39.8168552984
3.76031824557
74
35.8182402246
39.8861449539
3.46828506332
75
35.9570682798
40.089597663
3.41638299154
76
36.1401389181
40.3740667723
3.37828848843
77
36.2820521687
40.5918213558
3.39227821557
78
36.4295169171
40.8081402876
3.42890506949
79
36.4781288633
40.8804368448
3.69885557135
80
36.6348167362
41.0684050325
3.96633439548
81
36.8625833601
41.3214390401
4.13573015586
82
-
82
0
