30.0
30.0
17.999999999999996
0.0
29.8404269058438
29.06785929526757
20.052118794861155
1.0
29.50626574526531
28.331239720600706
22.50910891553756
2.0
28.384756981133222
27.4865723471576
22.76340282529563
3.0
28.012894500414586
27.2175804556751
23.866440627621852
4.0
28.002947129169378
27.21186772411272
26.03643029763471
1.0
26.44237353420022
27.227859595084368
26.324722179267223
5.0
23.939807723671148
27.414267315314497
27.07510848856923
1.0
20.793079597410724
27.711192991443415
26.814401749351987
5.0
16.525564394932836
28.048110522523796
26.752322755860416
5.0
14.280295020880146
28.193782655035083
26.685681610635697
6.0
9.952138330624965
28.445448096627466
26.518154508378732
6.0
8.128949763538365
28.516606055424692
26.491826125483676
7.0
3.725910077744345
28.661184928903932
26.481306340867185
8.0
1.7738050647992618
28.72151735027945
26.217538973717613
9.0
0.895990206395004
28.709677719469926
23.009609379561155
10.0
79.58726158027544
27.362262626984176
21.288090377269214
11.0
78.46897890489187
24.6246286733478
17.844428525960677
11.0
78.4283865851346
22.83075915016166
17.116887139354287
12.0
78.9273706846541
18.718534765149396
16.19246886152842
12.0
79.73970422132066
14.542725317789355
16.253638675454177
12.0
0.6135653085593544
9.904827860453723
16.262624897717835
12.0
1.4565112129354167
5.163429154048547
16.418460184649216
12.0
2.3053462080994764
0.4091048562984796
16.55381785278671
12.0
2.645556305718622
78.59845474817774
16.494341566263703
13.0
3.3626275608397496
73.74242693932543
16.593112530302914
13.0
4.027680003138843
68.79458936691529
16.225680024361623
13.0
5.343420892915694
64.19376927700635
15.65905464733104
13.0
6.643134534771705
59.53363654394262
16.222821975020153
13.0
7.558907356465065
54.76182481300509
16.347725521949094
14.0
7.890249834631376
50.158037708574696
16.66598647794937
14.0
8.540161320552354
45.34579194399684
15.93288626291099
14.0
8.780294996247765
44.42043867436833
15.933118513241858
15.0
9.928497595673463
39.6999520129277
16.028774388709
15.0
10.379587220631535
37.76313401662174
16.03267695296923
16.0
10.78701213769668
35.10216678415552
16.827981684138827
17.0
11.1676481888425
31.634255744839855
16.10879785484234
18.0
11.713988489677398
28.97087952379202
16.146205212744
19.0
12.241504255532218
26.2714975455384
16.242322270300836
20.0
12.720623681457466
23.689577116738207
16.173918270221595
21.0
12.919559891177277
22.717244669013755
15.563260576488378
22.0
13.596188325162775
21.07974713683926
14.029983608299766
23.0
14.638411273246716
19.75066027645002
11.71725895497506
24.0
17.014861896680483
18.532364663353594
9.754045596742893
25.0
21.415574756381716
18.460188843852517
8.079418454320631
26.0
26.26972496332997
19.15611716932066
7.8260207134875035
26.0
28.144653721830853
19.400368180705467
7.778432827659735
27.0
32.60765644386696
20.101689787748963
7.118328584034538
28.0
35.5845626205823
20.91223057013288
7.091548240843741
29.0
37.234846875083974
21.307466410063153
7.979592815662613
30.0
40.31094130842884
21.57801011621236
7.971494959547453
31.0
43.36979742039316
21.87992403969088
8.068558114920993
32.0
47.371951755483494
22.190459470681304
7.190584226228644
33.0
50.079851749383124
22.91555337240083
6.908330384942401
34.0
52.24580304495561
23.689204469054083
7.472639090187471
35.0
57.00610368132071
24.371930027621378
7.759047622593394
35.0
57.97838200416379
24.501885075741367
7.648357202628237
36.0
62.299564311344454
25.08934454599895
7.726458937544528
36.0
64.34817994782762
25.487430971707436
6.789015206939575
37.0
68.47430945537134
26.944076656054207
6.445499313920861
37.0
72.61951593228294
28.262365093867324
7.090484135475311
37.0
74.04475351194434
28.542959537903457
7.852242326631986
38.0
78.5034330046277
29.10819265173359
7.886237524641357
38.0
2.8001921718236034
29.394674607090433
8.815214992610542
38.0
6.928767509747427
29.79107174048384
7.966948727409459
38.0
10.99544399724745
30.065340448322488
9.134701308065017
38.0
15.122217023323191
30.028896349597964
8.398368382920873
38.0
16.99573129394505
30.14526384460049
8.423349065313392
39.0
21.39479941915713
30.52481179093475
7.828838213727494
39.0
25.81346409391078
30.80471104518055
8.39456323714964
39.0
26.696337459096128
30.85045816233376
8.313984330254272
40.0
28.576630247351492
30.955949868921728
8.38125248801371
41.0
30.390290166190763
31.043582585862417
8.51659878396761
42.0
33.89156935744724
31.331002045051342
8.185919946126157
43.0
37.49936958810713
31.674834460137248
7.970710485704759
44.0
39.0045321775172
31.871092777202826
8.048583480266418
45.0
40.021180251162434
31.970162167003075
7.459227576825208
46.0
41.477531128772426
32.36299243742108
6.489670445796958
47.0
42.83913839522791
33.00242764019971
5.263647809256012
48.0
44.75822026750751
34.926445159101014
3.349298119904181
49.0
45.77888168516824
36.69008922456987
2.1725479052135883
50.0
46.39695201713374
38.28594615432414
2.1746838415929965
51.0
46.67431416651076
39.02172135322292
1.0963404686266767
52.0
46.92616273886809
41.50426668310664
0.270847754227276
53.0
46.95870066984061
42.996389803181316
0.11091864537214491
54.0
47.00218763946572
45.90090285983031
0.1815872695848051
55.0
47.053095410255935
49.32496879767324
33.472524345086256
56.0
46.36464932436158
51.65803458842596
33.30820741912916
57.0
45.803074522920724
53.218115882400504
32.26550671068695
58.0
44.96750458235938
54.93195228184134
32.94492820947643
59.0
44.34596767326898
56.685113815511215
32.55948292171096
60.0
42.67316849665659
59.7885512522915
31.728607188666963
61.0
40.19658454663354
63.751301761384745
30.947397442341128
61.0
38.30190075673652
65.53459759897734
30.43248053606478
62.0
36.07057415492702
67.23452446621602
28.665913037334466
63.0
34.307139044312606
67.96322798659786
28.530760726700148
64.0
32.626213896128746
68.59318605868384
27.781832179700054
65.0
30.62635287768724
68.96269205044162
26.313172142537226
66.0
28.98144206954146
68.91383909940443
26.128848476567853
67.0
26.74596990218143
68.87267851886044
26.284133328433924
68.0
24.884429194848767
68.86211487656125
26.265318340872177
69.0
23.771980147680335
68.86173252973659
25.061334359183583
70.0
22.101273174838244
68.35013896605923
23.86962116729635
71.0
18.207088047527414
66.4698221657819
23.27990283529479
72.0
16.502299806201798
65.51656304436369
23.215029140788143
73.0
15.676991635138997
65.05126511973523
23.23719481123522
74.0
14.189455885901074
64.23397461812996
23.35953345650623
75.0
12.499278656992043
63.292190763331845
22.855855639889466
76.0
11.078463804973048
62.36295314076759
22.835873441839407
77.0
8.48772874108822
60.63938338726908
22.85856400748963
78.0
6.752593532954058
59.453241010476766
22.82666710958253
79.0
5.053346812526696
58.28651066140374
22.327476151602802
80.0
3.5955901308880316
57.04167568147621
22.131238957584934
81.0
2.804186099286356
56.33388181703084
22.13258314707086
82.0
1.9681790417596106
55.585984035807606
22.12369879200169
83.0
1.1888399241016239
54.88487705225991
22.107426760530448
84.0
79.6312578197095
53.483433445802405
22.070152252828997
85.0
76.49024140820141
50.592934047406985
22.085224265520807
85.0
74.90939703473214
49.16231497125425
22.045741557577614
86.0
71.8074382640748
46.27651222854168
22.016213087497505
86.0
68.64514381352933
43.328474379954415
22.067656702490183
87.0
67.16453501443455
41.9935109089494
25.258862279041733
88.0
64.60446564745496
41.57510238046346
25.539272366007452
89.0
61.90837287252515
42.33493729151015
28.86843748108307
90.0
59.05263395298792
44.40024814380085
30.11678516114138
91.0
56.93809079998227
46.326250875388624
31.15962891899681
92.0
55.74266372038795
47.74103755489014
30.311791073948662
93.0
52.909800768560274
50.30026291401652
30.35323274449488
85.0
50.29922675137868
52.675123484928314
29.857787399683872
94.0
46.43875592459803
55.430599181479906
30.172782633068103
85.0
45.62891971132497
56.07961368295589
30.157581737752874
95.0
42.576363389974915
58.621891992789706
31.121690919226445
95.0
40.00382450080043
61.74331755053518
31.193432922373816
95.0
39.33924868101182
62.56507681548773
31.159777089315753
86.0
37.25822451836165
65.12981877006237
31.141060485727518
96.0
34.58019156670427
68.43355937930832
31.081345426505955
96.0
31.89329497626423
71.58121274499806
31.193341934657767
96.0
29.140248469000568
75.04247026515094
31.24910628467849
97.0
26.93584206293455
77.50163683060383
30.24251378631461
98.0
25.30360408937749
78.90963668549779
29.67476355303354
99.0
24.381417326891846
79.56726161219378
28.12306273222206
100.0
23.297139611240578
79.93415497372007
25.979279338316466
101.0
22.128213193487085
79.87358132761082
23.470804360122262
102.0
19.715064381467013
78.00137809017556
21.94149619033468
103.0
16.771577008063954
74.88838045855374
21.19155582438857
104.0
14.16717154852804
71.5060832650006
21.113736145114984
104.0
11.583025831779034
68.07007440465372
20.676764016234912
104.0
10.538778354118588
66.36063606219336
20.58639818859769
1.0
10.543285875816531
66.32424291608316
20.56895460822483
1.0
9.96780349255484
65.36803628263084
20.5542502719168
1.0
9.41751171627031
64.43981593628632
20.58169053808833
1.0
8.893082207900063
63.552773810500426
20.534625297850308
1.0
8.399602743903602
62.70784029130071
20.516579746704895
1.0
7.896063435455188
61.830413935360305
20.701769241594086
1.0
7.306462975926305
60.877162311043215
20.485633108344793
1.0
6.768043497971307
59.93398028889553
20.47307837298772
1.0
6.28574083049303
59.0785407167252
20.25526554263712
5.0
5.360924518171681
57.219098695730665
20.230688539915597
6.0
3.522160737127109
53.51338947334857
19.93923058783463
6.0
1.8456739939122473
49.66421204293207
19.871076030105673
6.0
1.4326545007473928
48.690643541321336
19.856966539519835
7.0
79.91549207579033
44.883056591200436
19.749281085976563
7.0
79.10701452727815
42.76724214085252
19.62527735794214
8.0
78.07611671516946
39.955115239871226
19.584466069176422
9.0
77.69531707006485
38.8888222752098
17.926336905498033
10.0
78.18918377496834
37.00343840344319
13.409370556651462
11.0
79.6459303987273
35.524597131387324
12.703700611376847
12.0
3.3160582795712905
33.49380736494566
9.888943530778333
12.0
7.5128636223130965
32.873667052674406
9.669727584648859
12.0
10.638796120813934
32.44368261236369
9.669087585779138
13.0
14.984319252153146
31.9016480885443
9.529642227712522
13.0
19.259776426598155
31.621925409081122
9.033312146468097
13.0
23.59652297902877
31.51530074815605
9.047756532202746
13.0
27.820905676862502
31.397646053083278
8.961702574934765
13.0
32.0739830917817
31.39187333229009
8.640276670224843
13.0
36.4216893883992
31.516450766455364
8.453082830547013
13.0
40.62220444257645
31.756692771438992
8.084020411887606
13.0
44.770476200006826
32.16536136870353
8.067206557324202
13.0
45.886305699295505
32.27217555304565
8.193963446713552
14.0
50.173531962951884
32.66077416938628
7.810425615055465
14.0
53.191924216256304
33.0908298008493
7.527343407062695
15.0
57.554747902711895
33.87176245378333
7.597119814231382
15.0
61.74828283623657
34.77875406893215
7.2543899041586055
15.0
63.73611367993131
35.212505671213734
7.218741385874106
16.0
67.94822424051907
36.13400470270212
7.250808225502475
17.0
71.19592129252678
36.81361063523
7.4053403324200655
18.0
74.30306071151107
37.430330343122954
7.448875656256455
19.0
14.523947461364083
19.070752201541165
12.57075104973504
105.0
40.13184515972978
21.066271719162348
7.293971536506328
106.0
42.15747341046114
21.61388397803751
7.353930402709661
107.0
43.2763108430017
21.883088625853773
7.7234657145711125
108.0
46.4121094642123
22.07964739512302
8.116023886467223
109.0
53.19624121737393
23.702016111674034
8.107203850509135
36.0
64.8764920735258
27.971698811409922
5.800864023164104
38.0
69.38160500251124
30.415320004565928
5.803605285505878
38.0
74.1442091744028
32.58313269273913
7.011881966594126
38.0
78.67350492423311
34.176537699537974
6.626099160847385
38.0
3.4339265771258347
35.514724249296506
7.170414452471915
38.0
5.420122801511435
36.00293105298669
7.137733371795365
39.0
9.559856581866462
36.99903349369051
7.61412382552977
39.0
13.871718062222643
37.55279420495035
7.971978063741075
39.0
18.124739365607923
38.23163626750706
7.4614096768268485
39.0
21.22232404382715
38.7534853667843
7.464174446031178
40.0
24.340549440368214
39.33341087251985
7.562336758973393
41.0
26.57707277966582
39.6743011909233
7.637640938649287
42.0
31.18343282248962
40.46644114935702
7.505844861341233
43.0
19.766347644090455
67.32929926053038
23.371546415040463
110.0
17.73026734999107
66.21726421770991
23.29000427461724
111.0
16.026962265972525
65.23262065760176
23.32168069763559
112.0
15.013542651383112
64.65429719121805
23.331936508393525
113.0
14.005014352031967
64.09203389213192
23.345279900525007
114.0
9.315385305358056
61.15418073058225
23.17077942615336
115.0
71.40442253884372
44.984138502431115
21.290138285568318
116.0
65.13668738002455
40.20922457207198
24.222549631367528
117.0
52.988422499497915
49.20623923877764
30.687917046069305
118.0
48.649088744617
52.98106817616157
30.543267597375735
95.0
43.602139411178825
57.38389189884356
30.725972399640987
119.0
40.36072856317819
61.69410326245071
31.287517537021298
119.0
35.57215540262569
67.55200117937736
31.28517595183591
97.0
12.100154550957816
67.65132434519413
20.61496656402845
1.0
11.64563451929359
66.88818069353452
20.654632026154268
1.0
11.164171258351802
66.09249108619969
20.541468818989678
1.0
10.707581781633234
65.30674715397987
20.603484775257247
1.0
10.243848506348508
64.5132207315579
20.551087311004697
1.0
9.80963663636212
63.755407143024584
20.551344921546587
1.0
9.431088871878003
63.10347660607013
20.549658094946953
1.0
9.02128545366881
62.4002339816128
20.54997580751894
1.0
9.035231374744047
62.37854803810173
20.5423377646123
1.0
8.847610820575694
62.05345344263952
20.47411405351436
1.0
8.73737426972795
61.862327909864675
20.54165516766447
1.0
8.710412324537174
61.81862072542484
20.510940682424987
1.0
8.610835906468045
61.65455981423901
21.42357090306796
3.0
8.540019634647525
61.56804913566569
22.731425535095493
120.0
8.494289179635961
61.539827267208366
23.812043872105498
4.0
8.478118379096069
61.534621974261455
25.204918877370723
1.0
8.402211874047664
61.51976416095546
26.612495427227515
121.0
6.294547320568839
53.46917154081111
6.6260652544734135
122.0
6.15923540465749
51.96139304827535
7.139259530307136
123.0
5.899356934806843
50.245321941683954
6.978223071147887
124.0
5.659843962691426
48.47219072323668
6.969445193297929
125.0
5.378065625449235
46.35624416757415
6.896673142206787
126.0
5.240877438829575
45.24038175483332
5.983979321993342
127.0
5.292404284503064
44.19397027419903
4.784034499546003
128.0
5.528161706894945
43.251521929804994
3.927663312481563
129.0
6.280540062537362
41.3659323184161
4.038046649960879
130.0
6.966189647912554
39.50960660526948
3.8870309393909785
131.0
7.734090722775598
37.535211953217356
2.970851238578911
132.0
8.235216056481207
36.685500860557056
2.537759115058501
133.0
8.786268905558977
35.88989954326297
1.8685566447296935
134.0
9.454646413641399
35.15708895754611
1.7580334610699353
135.0
10.234736470915365
34.34799191261314
1.4992676955719748
136.0
11.794986639844424
32.85845132619275
0.8698830703954563
137.0
12.378670611252609
32.46735123164673
0.9660408013065531
138.0
13.201145383992255
31.85099245449255
0.9795324539462573
139.0
14.132784109252547
31.154507034347773
0.7908736018264193
140.0
15.083853868599562
30.489785594064973
0.7894540744825935
141.0
16.77070708809009
29.35550448532934
0.527836049688041
142.0
17.729533549120113
28.756900453635282
0.13599276888692913
143.0
19.672436734323703
27.78171217078667
34.81782599715203
144.0
21.668686631507732
27.00696568253805
34.36787718050437
145.0
23.78809953401572
26.32253207251199
33.89559328443822
146.0
25.828310234105736
25.866126174728596
33.76676713480282
147.0
27.972999407766764
25.456082920473925
33.01818517540479
148.0
29.068335141078336
25.391246860725683
32.114465594401764
149.0
31.141313983787114
25.587116392416952
31.102002090157477
150.0
33.10579623273471
26.069650297067586
30.57708057924431
151.0
34.15655431666195
26.34897832098837
30.083717328707646
152.0
35.22080667532687
26.81343375267491
29.35666703758041
153.0
36.97164722913967
27.877658349434032
28.61919224334222
154.0
39.54246043618361
29.920091981239814
27.67366141107183
155.0
40.293839601113376
30.6593678708159
26.92708818456161
156.0
40.89320562131887
31.456005809003997
26.147811784451363
157.0
41.336252558899545
32.39944063448441
25.202507192990115
158.0
42.0294438921041
36.60313757382618
24.165827284697272
159.0
41.96556477432168
39.68526958842824
23.470561224078438
160.0
41.58190871885478
41.865119433374154
21.22543912966993
161.0
39.568535077903476
45.773901705190376
19.828722846119994
162.0
36.61503597512779
48.97548797588712
19.220623473035317
162.0
35.83781952732399
49.740319340798976
19.221380984469313
163.0
33.21119027994223
52.05345510457968
17.690501744954123
164.0
29.257728510358504
54.02336935204252
17.35946641202114
164.0
26.165385398814337
55.11035483286076
16.239865100601904
165.0
21.77997964893415
55.8992954170307
15.744092878185807
165.0
20.75903650706732
55.96147730873124
15.707987072659353
166.0
18.69628752317537
56.20882380666731
15.605995842998663
167.0
17.287519866516817
56.314330170715884
14.552737574100249
168.0
16.2744999519378
56.223176601756585
13.370803380697225
169.0
13.349611666000193
55.28222616036838
12.858305068164697
170.0
10.5199913907513
54.09050300228648
11.811423303381137
171.0
6.437819888748756
51.45713743268328
11.230812990211497
172.0
5.550690340219077
50.80765796081787
10.332805323964486
173.0
4.184617870357375
49.20964276388932
8.881159561319492
174.0
2.779661464799908
46.18233628781302
8.283883588080823
175.0
2.422885156871569
45.180076510884675
7.231861319978144
176.0
2.2592677967016357
44.17443311985666
6.29278703909339
177.0
2.276530644318477
43.057329361228895
5.425546970747998
123.0
2.4564063315853737
41.93811264277027
4.7027264414534535
124.0
2.7388863965739816
40.92392675893876
3.9289943554766786
125.0
3.1133724102022597
40.0077027644201
3.0857010770527555
178.0
4.315648824148301
38.28470832143317
2.868745644582244
179.0
5.445324380927715
36.44715447880194
2.8572547989143615
128.0
5.991559481028098
35.55868099001647
2.900967374466644
180.0
7.161463397893911
33.63883612418612
2.362379960830964
130.0
7.740356529897461
32.94463399882444
1.6028042546463421
131.0
10.776837805934683
33.47105017365836
0.6894673008302341
181.0
11.52283550090393
33.13280840484781
0.3936566143242235
182.0
12.515976046058363
32.34110536375147
0.2856031948874289
183.0
13.413854032535724
31.665056075008064
0.24737001078052323
184.0
21.4700428872342
26.52537700851508
34.6613250684925
185.0
24.39650539353468
25.655127853160593
32.81947860970833
186.0
25.4524818237783
25.618503650907947
32.38517299258056
187.0
30.768485667687003
25.373160209873898
31.827157527803887
188.0
37.443055977753616
28.18259049855525
27.925917390455478
189.0
39.112763832099745
29.93001655951227
26.831379817883427
190.0
14.779885296501945
53.277008623003695
13.716821819846093
168.0
10.477785089398665
52.36855853799709
12.107681606576122
170.0
7.6423971248408336
50.963569057126264
11.261654143872743
171.0
2.3772385625343055
43.85999922177727
6.154141571222478
191.0
2.5115290512899158
41.82510906816531
5.1765046842217615
192.0
2.7766754559834546
39.932532987474644
4.936469115800605
193.0
3.2655569777275275
38.21489310493207
3.523478018845095
126.0
3.7323686557624463
37.19090614067069
3.177468271120002
194.0
6.141733646982111
34.1822686863548
1.6636211299774644
129.0
8.855441423644805
35.28183999707716
0.3180568867140039
195.0
10.678573478691675
33.89295492901681
0.862368731436904
196.0
11.686213611945433
32.933129716553935
0.6699035118039891
197.0
13.591925002299789
31.606242746584066
0.5514393442028762
198.0
14.139730967258814
30.985189503846343
0.5544753858893667
199.0
15.074402231596032
30.244547290778733
0.3738678935970068
200.0
16.711558141109755
29.387798297329407
34.229163627397924
201.0
17.075841863490233
28.821199205681033
34.42183436882465
202.0
19.422794427490167
27.70702341360711
34.37083404734068
203.0
22.850874842789118
26.250293680738285
33.75055878516107
204.0
29.194370529673762
25.60792247863647
32.394753167174244
205.0
31.20675894638557
25.494111557921418
30.62961759194731
206.0
12.956677090589729
53.849547446706204
12.866425046532655
169.0
2.2241022501084693
44.57066009788585
7.233169475476455
207.0
3.1317873871407116
38.215858183717174
3.997351383585549
208.0
8.467088243261408
30.822119961365257
0.5870266539484685
132.0
10.25394122163079
30.025698414100873
34.89641345375969
133.0
11.414627852435828
30.583920148075613
0.5560321795466283
209.0
12.423421277253972
29.84079194443078
0.3396585716952423
210.0
12.449557542506483
31.880506175853114
0.05262960647579895
211.0
14.195561765856702
29.181639410421916
34.46127149930203
212.0
14.996728664387291
29.11774062653108
34.58700966737595
213.0
36.01135804328139
27.14209475779454
30.174455109976037
214.0
37.7654715977521
27.81333916923304
30.076794933504626
215.0
39.43389361286155
28.482164860989794
30.08265248280606
216.0
40.82859780106298
29.030318472090336
30.01463792677808
217.0
41.51821421835518
29.315656069466957
29.94797175132336
218.0
42.33363010853884
29.616163035180325
31.233868208075585
219.0
42.87190097733068
29.717592280544142
31.692931111344386
220.0
43.507796274079865
29.774836464498424
33.3606911969914
221.0
44.61443305326928
29.55368551681057
34.14497412560154
222.0
45.35289558081348
29.320487252696118
34.40404025816263
223.0
46.26704806091497
28.992945009799023
0.2940382945550084
224.0
46.289201115315294
29.010202643441342
0.2833026857302947
225.0
47.881751659110606
28.13630134285875
0.27976827255943704
226.0
50.72343276385763
26.609954419351805
0.28441432869276717
227.0
51.64666185848718
26.097666900815582
34.760169391020156
228.0
52.52878452039754
25.72455472629214
34.1093915743538
229.0
53.476971241317045
25.44954492061432
33.686617929114746
230.0
54.57733825458128
25.216180193085123
33.54273566138999
231.0
55.697326723337596
25.02628526488947
33.50341911460423
232.0
57.717723622480186
24.626867894763922
33.42805726578728
233.0
58.00296636417486
24.511594923518754
33.44077091372386
234.0
59.09440688504472
24.325629737720046
33.433974811652476
235.0
60.23038682525622
24.145295512960256
33.377394758286286
236.0
61.2741577109306
24.006949589398122
33.16183938357099
237.0
62.265946744626646
23.923423896747863
33.05395064414757
238.0
63.32570357930307
23.810114727020952
32.46337920224986
239.0
64.41177068683422
23.88077725390792
31.979304957277765
240.0
65.39759538870786
23.981082551568004
31.953183727984666
241.0
66.35149012692648
24.068365714398585
31.849657277418117
242.0
67.41105393780414
24.174480052823252
31.86244637124649
243.0
68.63123427369182
24.292255855530744
31.852760161088142
244.0
69.74638023147948
24.397377021969522
31.900676037139156
245.0
70.72684492794828
24.472361944214533
31.90497129424505
246.0
71.64838571355118
24.540084784552125
31.869323861188526
247.0
73.79830003099825
24.669311884300576
32.88026553721548
248.0
74.77091458114492
24.569405928033838
33.637738470375325
249.0
79.01615477007506
23.63459355974406
33.648422204805996
249.0
0.023533677820275045
23.438670368761734
33.72786364139314
250.0
4.22535616980948
22.580743286426753
33.663442837039
250.0
5.250036224524834
22.398820709425593
33.567524957318675
251.0
9.356463485595228
21.674776140150755
33.55147970664052
251.0
11.334823514568285
21.529561674522427
34.12888949619482
252.0
15.132504436964894
20.32130067515598
0.16470036385728548
253.0
15.883220648011083
19.84977975566531
1.9215713358476414
254.0
16.511995658183373
19.20684095345149
3.8613444653118876
255.0
17.264880913760457
17.19411112142953
4.963441628995632
256.0
17.604629321086847
15.351319306240555
6.325068460113979
257.0
17.4987150681833
13.232324035363064
7.166271674084506
258.0
17.327875213657173
12.302882549161893
9.522581177879601
259.0
16.874499943753406
11.642471769517812
10.429768857389291
260.0
15.533898713692047
10.395528418128748
11.886082120525039
261.0
14.638165422379032
9.868107151704152
14.376393340133244
262.0
12.749026485672047
9.819311416178266
15.48408545979365
263.0
8.728153193995759
10.477190186013985
15.927681406080975
263.0
7.715444341934138
10.642965668377542
15.903395276183062
264.0
5.696429702977198
10.954964487838566
16.824671139469523
265.0
1.638148333636046
12.309220979009979
16.48624857288355
265.0
0.6722821412294522
12.572962411978523
16.349797244506448
266.0
76.51333795609133
13.55930739510859
16.38776002225779
266.0
75.5699189848818
13.771674538485058
16.983599808694052
267.0
73.47834329435835
14.504712312691112
16.95041253832483
268.0
71.45467830754787
15.184703065965266
16.65275307561661
269.0
70.5188795610565
15.451323121466373
16.672826823684925
270.0
69.48076455813876
15.74532216612684
15.91072476948171
271.0
68.36506159292445
15.89536995608205
15.795831318859051
272.0
67.26096977772474
16.031246949743178
15.84237529896983
273.0
66.19207048164697
16.158123226246204
15.805889015097453
274.0
65.16681592231816
16.334366501590637
15.724380402950565
275.0
64.10985109912437
16.454185532639286
15.259846203701798
276.0
62.999162692383
16.3971653687737
15.109262807006036
277.0
61.91613214915117
16.57708879611633
15.141717389797048
278.0
60.895571233865105
16.528832976835048
15.071674350191465
279.0
59.90239428623012
16.424654633569332
15.082004873470456
280.0
57.70666779502557
16.419822203567463
15.009583651398156
281.0
57.44281445757538
16.38781691601676
14.959150807461867
282.0
56.29175268316199
16.39393949052146
15.025682996959812
283.0
55.19790026036277
16.59440437394136
15.009177764274963
284.0
54.07808234991471
16.59600726880285
15.022683644559258
285.0
53.00269132955272
16.59951063188109
14.83204432472462
286.0
51.99943174392128
16.582527611486
14.599034645225064
287.0
51.02628028967324
16.54039011610837
14.599508366666996
288.0
50.06287977336868
16.499661451828928
14.378334403394614
225.0
49.071299082735095
16.42526544949294
13.902783881033749
226.0
46.967434051692024
15.945429195140122
13.795885284065466
225.0
46.043757807090316
15.780899557955337
13.93684777748604
224.0
44.96612536067437
15.621118203012088
13.816453096832458
289.0
43.89896350820804
15.445903585926146
12.890945602428815
290.0
43.067564651082265
15.07378477603811
11.811278399928632
291.0
42.27254469896964
14.671543556471391
11.011940336484955
292.0
40.85063688698675
13.526687909113548
9.067241897551408
293.0
40.45876378032153
12.742152150622417
8.76883864037066
294.0
32.19197111608854
24.542398084797988
11.534355033651877
295.0
31.292352764705782
23.9599603980222
11.43127961171811
295.0
30.34410493627955
23.329936607461633
11.50457599070231
295.0
27.431412674421466
22.410023497870213
14.601994243761002
296.0
24.926153596142143
23.01692964389747
14.519708041153294
297.0
23.85818275377101
23.10962192283222
14.57114080495706
298.0
19.262314602731323
24.991246799063468
15.397837545958797
299.0
18.20528189593599
25.220559296014912
16.6484091830685
300.0
16.171268960394087
26.772854252750843
16.836209809772214
301.0
13.062094458518452
28.21845680840301
16.331460615549403
302.0
12.902927081737317
28.57432793179224
16.36906097372703
202.0
11.77674839687834
28.87697606108961
16.322777993350893
303.0
9.87408710955956
29.87504997141836
16.95172432699607
304.0
8.924968822375142
30.2986260076065
16.941083905112915
305.0
7.9612560605764955
30.636333810201428
16.983801882605935
306.0
6.968331435701042
30.976248284335323
16.902478370151904
307.0
6.01456493394225
31.35090187451926
16.951142273482066
308.0
5.0555434010066165
31.786852894731066
16.983899058501954
134.0
4.133066389267064
32.38505249411418
17.359336080387216
133.0
3.044631570935799
32.40642115930768
18.002203853686
132.0
2.025828047317976
32.703325178268464
17.960174704311772
309.0
1.1046513088788785
33.22929567743255
17.867757605150565
309.0
0.12374716136669761
33.71233100445079
17.83657082775683
310.0
3.306076263196246
47.2943351209588
22.188584337879917
311.0
3.046880443112798
48.38449925755726
23.250549847139737
312.0
3.016882479290956
49.34555116775857
23.905462510868475
313.0
3.088742275780561
50.3535468868784
23.93550324329271
314.0
3.1578348165939794
51.4650621566136
24.092357548162873
315.0
3.243885910959566
52.49497710303585
24.855961255523745
316.0
3.445840071744417
53.44059791713319
25.526402952579907
317.0
3.7714863133156413
54.4121933422136
25.837168091804266
176.0
4.1692797273930715
55.4581232376785
27.12623102173336
175.0
4.747080059090958
56.311322437605256
27.17683698290377
318.0
5.327876812248636
57.152785064647546
27.137720118098773
318.0
6.686906512660553
59.063301192122964
27.257200050342078
318.0
7.230957863086001
59.56672102254094
27.049708850347688
319.0
7.850614139362769
60.4557185957438
27.23879112590167
319.0
8.441753651908869
61.2735728464416
28.208819555156207
173.0
9.107877265935336
61.88219614263503
28.468874381074667
320.0
9.9678975412007
62.62660284420964
28.53839797208033
320.0
10.878808922943506
63.376630575887496
30.096340772992072
321.0
11.858134244115448
63.78061465249026
29.985417218198116
321.0
12.828789178454876
64.15018485070378
30.21673276323915
321.0
13.88530942674155
64.59738357791034
30.123679531101118
321.0
14.941113174930926
64.97909441102324
30.144425306765726
170.0
15.97460515558172
65.3317020260793
30.121845473816066
170.0
17.02021195711
65.76589002842664
30.1898659536177
170.0
20.13957565887587
66.79133232462661
31.4319724728062
322.0
21.218505377638103
66.92288860264958
31.54534632264688
322.0
21.450914915130532
56.963211901672096
32.50073946660653
322.0
23.35263524952795
67.09502785246087
32.4842339058334
167.0
24.42944945521957
67.08297152267195
32.69113313780258
165.0
25.508604683418937
67.00608681599539
32.60921679222025
165.0
26.633534706067252
66.94253102417554
32.54032273493852
165.0
27.721555295068235
66.91079280515606
32.54164042624622
165.0
28.771554896520122
66.88543964375327
32.543905959039606
165.0
29.77742180453489
66.85977328216772
32.62772814296811
165.0
30.805972729321226
66.81991705742425
32.592547406373164
165.0
31.90581845408682
66.77947820925313
32.560840062227854
164.0
33.0090374664058
66.74472205172833
32.516115788964356
323.0
34.06192220393389
66.71511505502235
32.539282554575905
323.0
35.0918954887213
66.68805381367446
32.59995851961306
323.0
36.13527155591403
66.6535466171755
32.525156550337215
323.0
37.18440682826955
66.6279584680513
33.36968553800271
324.0
38.211627762346524
66.44034910061073
33.7263221141041
163.0
39.27734646594306
66.20825274736114
34.21055172254314
163.0
40.23090774699392
65.91213035183668
34.15525799308486
324.0
41.14598176735528
65.65057356041092
34.20931775032761
325.0
42.12080375674539
65.34564205990247
34.269711704014966
325.0
43.15910341182028
65.02774614080167
0.1386027451472973
326.0
44.151552960940066
64.54425724216253
0.1610710260709478
326.0
45.06109753437232
64.08306871085844
0.05852712417164341
326.0
46.84747475577737
63.194970703592
34.79118888637496
161.0
47.42249124602314
62.84181889600332
34.639226114510265
161.0
48.471042219829044
62.4399140378725
34.59806501043537
161.0
49.40605223026607
62.06141225451259
0.54138160812842
160.0
50.16617560347689
61.623381500714224
2.491996598372584
327.0
50.76844665717836
60.886896474321304
1.7966219216489154
327.0
51.618174580564954
60.043721261943446
0.984987433820848
328.0
52.6110521560738
59.323493706532744
0.8216912534639302
328.0
53.409666093363015
58.78385308658851
0.6450510819586057
328.0
54.20001130039478
58.2933058826771
0.023663867973533925
329.0
55.177897266965516
57.82314759875369
34.22298148956013
330.0
56.23574097587597
57.4955708868302
34.006479063318224
331.0
57.06381500741245
57.27683061411443
33.49083451411943
332.0
57.77373799852374
57.156794658011826
32.31420168762895
333.0
58.64556634070557
57.1626590599291
31.629143372724386
334.0
59.525314367392866
57.289552909529675
31.418212537337684
335.0
60.45648346041329
57.429811504044615
30.934849583639803
336.0
61.387276679189114
57.65673430087574
30.336850791439616
224.0
62.306846497728074
57.96931339009581
29.78439192427681
337.0
64.08679825825911
58.85135251630303
29.21308252044647
226.0
65.76522702383869
59.84931143187237
29.25410951645988
338.0
66.70436036688646
60.36201035130215
29.23549340959559
339.0
67.59563286553056
60.91061939147367
29.060431534972523
340.0
68.47121402139666
61.478806173519594
28.389964811303592
341.0
69.24216042686217
62.11517723121824
27.937971541206963
342.0
70.69847305921006
63.57683630441597
27.962797025759897
343.0
71.3086716429059
64.20330223074103
27.951728701042825
344.0
72.1082995032619
64.99773205014453
27.930154298711994
345.0
72.85219558004738
65.75851441487953
27.98257330067185
346.0
63.3120036173573
23.341475411459726
32.56852989073037
347.0
64.33469757434945
23.41960883643185
32.58784986437418
348.0
65.431791110202
23.48738357245892
32.571875649324774
349.0
66.54943425248918
23.53415467097924
32.30817989621312
350.0
67.2084989797709
23.603815086175665
32.3263577025906
351.0
67.57587158918238
23.643589158998882
32.2437473675001
352.0
68.36689244487243
23.67587707761151
32.27765715105843
353.0
69.79944910300657
23.686650705228697
32.25508217841539
354.0
71.0496776411134
23.706861399130776
32.25643894307663
355.0
72.88398484147748
23.74960678558342
32.042211784793864
356.0
75.78847945076267
24.024951307070573
31.636116353841757
357.0
79.8088229678948
24.438886131767777
31.686488599856933
357.0
1.6070725574581672
24.620167784173155
31.705723108641003
358.0
6.6902037321302394
24.892770102958053
33.67176970681353
359.0
11.161694269353937
23.97720149326314
33.59560084080567
359.0
15.460008388708602
23.15635331814815
33.731387913989664
252.0
17.224516875664087
21.382461084319885
4.900077215065092
256.0
17.959604557698476
16.65824342850351
5.314563198458803
360.0
17.859986845543418
14.452306751072712
9.914461610005112
361.0
17.44943599072853
13.968345449651451
11.87085859722093
362.0
16.8405464386082
13.623841876947097
13.438848527918108
259.0
16.203192108398795
13.486096903810221
14.804953927212999
260.0
15.555108937412903
13.495372649551001
15.007547155662525
363.0
14.815638049948355
13.524292055613643
14.960933545983956
363.0
14.004712721027808
13.540848979128384
14.932194641302196
363.0
13.197350975451464
13.551524465672372
14.992197570898742
363.0
12.476206162483066
13.567132717285375
14.984613123098363
363.0
11.685844642465788
13.581838226856718
14.956593971309182
363.0
10.790491153783307
13.590609147743805
15.002248153266656
363.0
9.882192800288543
13.604761039887876
14.96249394553832
363.0
9.013413292276518
13.615172754693333
14.890351743886171
363.0
8.13952523442245
13.61586005883592
14.896211217058113
364.0
7.154621129653567
13.618396875738796
14.955254169687226
364.0
6.190891258510458
13.627801338268199
14.912982252084767
364.0
5.284065436264612
13.632730799124772
14.86521202110795
364.0
4.347995081821892
13.630758934048629
14.840418214016008
364.0
3.293025955968936
13.624214927570364
14.872433797212611
364.0
2.3038766031595266
13.621567969325099
14.8702438267682
365.0
1.3729668163180513
13.619961417282951
14.870404179836527
365.0
0.435378351656702
13.619165510739833
14.871209600418872
365.0
79.42201282233509
13.619448042229266
14.851434705032347
365.0
78.40023001894099
13.61593890223395
14.852563947714028
365.0
77.4069809182954
13.61266250820475
14.81333702355942
365.0
76.43413659253142
13.60334122493515
14.776910776276154
366.0
75.41087570715078
13.588260377051284
14.728603761150964
366.0
74.35179907768516
13.564945529177152
14.312540447660083
366.0
73.33529098145836
13.46997865903296
14.099477603727237
366.0
72.34611215182201
13.343652986163022
14.010577518036836
367.0
71.33487509261538
13.202930355655297
13.976545301357625
367.0
70.29741725521444
13.0581297203953
13.827021087382036
368.0
69.26557472729453
12.887920740389916
13.762158844754012
368.0
68.26154470247579
12.71739266619673
13.759887943826804
369.0
67.20315627464366
12.538589476157028
13.334611102002789
370.0
66.12995027627333
12.281654771609226
13.278205771869814
371.0
65.12702530500252
12.033981071087823
13.303052953518193
372.0
64.14218358873634
11.80267372854874
13.372566096820442
373.0
63.06897335492316
11.548514758104147
13.371598357000163
374.0
62.03214100727607
11.307743314973521
13.310003490272415
375.0
61.04758606044528
11.078248421292784
13.374901609604855
376.0
60.06562581575635
10.857115471129362
13.395797349927467
377.0
59.006195091976856
10.600377986523569
13.338265826271083
378.0
57.9555840464848
10.357270123872013
13.31673520064993
379.0
56.979803162116404
10.135808262394619
13.29832716395699
380.0
56.0784454879349
9.919230240078633
13.013991781838563
381.0
55.10199519710015
9.638851913532761
12.58280496927106
382.0
54.054363540815686
9.248898636577565
12.515235878018046
383.0
53.13173026809993
8.90875376288082
12.59336194487096
384.0
52.25995653720243
8.563084517896641
12.593301620096515
385.0
51.34134420941706
8.220474717691388
12.512957005445173
386.0
50.384020095385736
7.863269782117641
12.637046482382786
337.0
49.425770859620826
7.485304952464816
12.69668723825859
226.0
47.5089206466465
6.764778126133166
12.860642601131651
338.0
46.56055678806818
6.460829743030644
12.818133172959815
225.0
45.693770232813065
6.181301675092129
12.852580279488755
224.0
44.737665253216605
5.8519614079286555
12.793325196785613
387.0
43.75419046688974
5.523509559810293
12.795476921870982
388.0
42.92566995723699
5.240740713366023
13.072571347057966
389.0
42.20592919855787
5.080570535677353
14.532040757040583
390.0
41.551737261341586
5.081131608039186
14.456016340974323
391.0
40.80681812855828
5.060227153890594
17.402915330973695
392.0
40.07742875226314
5.424259243239817
18.362495602484355
392.0
39.37777077816534
5.925428612944671
18.565622569498437
393.0
38.66774598076295
6.460873643278788
18.557831579379183
393.0
37.9560689961332
6.999592414817613
17.55828552628607
394.0
37.15489888167701
7.415841724322689
17.577046076299112
394.0
36.34586204428935
7.825825456907921
17.453098498212924
394.0
35.55723975936438
8.193977386170388
17.126350105799823
394.0
34.707217448283174
8.538086708049349
17.142233682158874
161.0
30.08918105246987
10.326981714741862
17.02647321065377
161.0
28.27390066029239
10.9520211212496
15.96379213329396
162.0
25.214280159490755
11.239472984410241
15.093682374366583
325.0
24.22540202421594
11.259890282577487
14.581682452484017
163.0
20.578125095090407
10.856701343438345
14.259730767110938
324.0
19.56880395711844
10.763583287020566
13.818471387152442
395.0
18.537911021993274
10.582163579017362
13.092321174584029
395.0
17.64159179164963
10.308656398800508
12.5303538166457
395.0
16.7982295780878
9.968411634381596
12.250266050201834
323.0
15.902258211384108
9.568388514310186
12.014917960222917
395.0
14.962094450684035
9.09302135573779
12.066531546265157
164.0
14.05779565021085
8.63165460989373
12.043605002904393
165.0
10.432255688838936
6.790192577895198
12.073354779055741
165.0
8.601231937131772
5.851637865521269
12.192559010368996
395.0
18.41871123886856
63.49062502631709
13.381644465521603
165.0
17.49923224278092
63.28565424428142
12.85653777077101
167.0
4.123262792856657
3.440056406333497
10.778756003015886
322.0
3.265580670746246
2.697718570904783
10.416275259478098
322.0
14.70289455495287
61.921046694585826
11.616836003604256
322.0
1.8295325154524278
1.1979782136937729
9.577791067249319
169.0
1.255631779220316
0.3962159500697453
8.566167343618613
396.0
12.345528550525309
59.552066665752065
9.919044077237388
396.0
79.83167858597514
75.32723635676953
7.384226217779336
171.0
79.17508702986001
71.26879351785254
6.8885650287001425
172.0
78.99329062736192
69.15563023107674
6.141565995248641
173.0
79.11997110736598
67.12758596831773
5.485445221089972
397.0
79.59326244366775
64.04498046399726
3.5743127886403627
398.0
0.002764705050417149
63.16977840031185
2.17067648970467
399.0
0.6289794178914185
62.37012956345539
1.1753583368763572
400.0
1.4259450588741487
61.68632557935676
0.3502925442121896
123.0
2.323983759603543
61.12923565894868
34.7195421466092
401.0
4.236824468922361
60.41809667021176
33.38450748317396
178.0
8.434760774980909
59.74111945018742
33.43929960045821
179.0
7.200068651225788
32.60233050837048
2.6198004874973044
402.0
8.972675937463556
30.052172315819693
0.4892047382305016
309.0
15.759383465953839
59.19029010687422
30.865414391321657
132.0
10.31830889404501
33.5089884976978
0.39026301085645976
403.0
11.574278995329145
32.59763908437722
0.2434808772828685
404.0
12.838148456173911
31.69898515282607
34.6224941468766
405.0
13.711776649145591
31.35813497083913
34.02665755488981
406.0
14.741829751292364
31.036985669787914
34.06630066121879
407.0
16.602705618167377
29.827670202923482
34.21564614373767
408.0
20.068057420812387
27.86360464335713
34.620880176476035
409.0
23.58525480652048
25.925020298162973
34.681428618669756
410.0
25.43810645963481
24.976260975193636
34.21649442739615
411.0
26.421466644152574
24.606733083879984
33.46388927548614
412.0
29.548767189940257
24.326263133700888
31.613977735470932
413.0
34.284580799346884
25.66928995505424
30.36421612794298
414.0
38.25789518359487
27.188397787419078
29.604892480995524
415.0
39.52472884839814
28.061736756434662
29.633322640519246
416.0
41.54413825292447
29.063648852951246
29.80334643615856
417.0
42.50687155923559
29.510982774216302
29.686374360042006
418.0
43.003967400162125
29.724361515108587
29.7772714818848
419.0
11.90148192417098
33.30067123353111
15.569962899654538
420.0
11.835609912990705
32.475463160568744
16.78480198390244
421.0
11.693876382415937
32.06616266262656
16.88979211981554
422.0
11.42545575321239
31.236775176052497
16.772797303827456
423.0
11.440915191901674
31.22378127693299
16.764204643172132
424.0
11.230655420037323
30.540103774229912
17.259314627824487
425.0
10.861172782427573
29.59813608364677
17.574397989023936
426.0
10.279806152325108
28.329438635832126
17.222506107944042
427.0
9.802976959728007
27.165231943425617
16.665271949006403
428.0
9.389209693324716
25.469607967242972
16.132098847529864
429.0
8.59041444527643
21.165308583674744
15.60551698627031
429.0
8.529314844754325
20.0741790616905
15.57954523227847
430.0
8.251367660452239
15.845684834354188
15.55548831794012
430.0
6.090937141262916
51.21675618806421
6.540453537394047
365.0
5.863961792672242
48.82738733895675
6.556090343636225
366.0
5.704586388024321
46.66613115807928
6.6425892988829
365.0
5.54871006487209
44.55168289381743
6.674580460070139
366.0
5.375690949496839
42.43021646768496
6.607847683244266
365.0
5.2299249014995155
40.29234034695494
6.685427937471545
366.0
5.152989879295085
39.27291239401798
6.6771945438784925
367.0
4.9910764293566245
37.04587218555939
6.425446336006907
368.0
4.913882933789477
35.02215651697633
4.475102817968612
431.0
5.651402107004845
32.89920966958679
7.803528575167832
432.0
5.330010390463155
31.957714779239126
6.005189656879573
433.0
5.381662538789058
30.904406914498438
5.860093417031333
434.0
5.44089867894402
29.761822009576935
5.830593463786062
435.0
5.497231765181159
28.756415253063533
5.8412440870193585
436.0
5.557773489002383
27.746887312172767
6.072835843137696
437.0
5.553681662409684
26.637115569628453
6.151107025247956
280.0
5.547675305708712
25.504593156421144
6.494958513142748
438.0
5.4872515639257
24.64089276464559
6.659293237714287
439.0
5.406754148972745
23.707795134887938
6.859282284226733
440.0
5.286334555377287
22.664225098533734
6.757010779881199
441.0
5.17475360350004
21.550768032963674
7.031728550234945
442.0
5.047220562630923
20.637384518316622
7.0044788189537925
443.0
4.9260867409752045
19.722885317125474
6.852566429798692
444.0
4.811677397568388
18.66728144408313
7.082923797035875
445.0
4.654496249991578
17.642525694187185
6.650551740095906
225.0
4.5894106644395585
16.623394106153967
6.4332595788930504
338.0
4.569864302220733
15.645960604059951
6.949837115983577
226.0
3.967752040105232
12.883832895738209
7.847394605617538
337.0
3.721375423142163
11.976943559674538
7.861749196843796
446.0
3.489083173465545
11.06796755925535
7.141594365824545
447.0
3.35820032066583
10.13866510338488
5.308845973639912
448.0
3.516368274407263
9.307693826834594
3.6925805666960976
449.0
3.8203216231096953
8.67560250320409
1.6270177292256012
450.0
4.4492120987552894
8.062251401832015
1.1019824113114325
451.0
5.376185617759472
7.324035732258949
0.8782787860148193
452.0
6.3888050501879405
6.567611194569253
0.844902359626019
453.0
7.21153909151456
5.958729342442382
0.982547581565818
454.0
8.028729740003428
5.359556787021376
0.830876292673203
454.0
8.956927125554422
4.715953961202445
0.9037613208226531
455.0
10.720069039906654
3.440760925837239
1.2520280908882828
455.0
11.218418340144297
2.9181021552532798
1.1782498136087032
456.0
12.041258997349715
2.240017450374893
1.4233636891056651
456.0
12.940031636018922
1.4546048418226576
2.0591382199138604
457.0
13.734965523469612
0.5854679357718453
1.794744833894395
457.0
14.465884882838694
79.84520086005618
2.3602485457175426
458.0
15.110941230400698
79.04799048195056
2.5351008890926874
459.0
15.810704263397724
78.09566968603028
2.435839338218118
459.0
16.49596159955086
77.18078327970204
2.5656538154035307
412.0
17.15396233257939
76.28877970869482
2.622613816319035
412.0
17.797835303186744
75.38175360629313
3.37411593292482
411.0
18.31965368449338
74.35974254655528
3.278068396388207
460.0
56.27122590223448
33.84259194393295
7.4989455511494505
460.0
56.057108767190385
32.80310339284146
7.619541497146592
461.0
55.836734940588286
31.81508873791242
7.220052729832233
461.0
55.6803895356132
30.76283912615954
7.013524367096423
462.0
15.834588992876107
27.882429294774866
16.222309176315285
463.0
14.807292574488038
28.147549831302097
16.26397745787131
463.0
11.771186419380697
29.191635879922337
16.566914288395218
201.0
10.745634504315895
29.504235818179104
16.515401887981877
464.0
9.778048537433044
29.77576305696493
16.468867510373464
465.0
8.6958610099744
30.051184396095643
16.26453729067472
466.0
6.434471002302022
30.57925987827617
16.786158497398024
467.0
5.353230444752466
30.90612105838662
17.275172053658785
468.0
4.317027267099117
31.363601625980078
17.420261298832276
133.0
3.3161822644344667
31.785297975154638
17.635446619140247
469.0
79.4619516643309
34.36731697700826
19.1777457462794
130.0
78.65941862082047
35.115969569494325
19.099076407876936
129.0
77.84087356823925
35.8535986703508
20.47687145372119
470.0
77.20497308112321
36.805917711838596
20.59431715219113
470.0
76.62132993259902
37.76887336984771
20.656124734891897
127.0
3.419760425773699
49.107896558534996
22.521515666246465
471.0
3.2973111466225298
54.15677480080217
26.677584759913266
175.0
3.79779692438391
55.1052744447538
26.40066645499363
175.0
5.201639205957417
57.92190865073212
26.845386978015917
174.0
10.446802767750043
63.72812295677453
29.020832999909178
171.0
11.403445847265608
64.37617413119595
28.59747890462448
171.0
12.314996223955504
65.06903689521542
29.367217411218533
472.0
13.290382499076252
65.61668817394938
29.39496701700555
472.0
14.261816373944214
66.15111556152058
29.522560035375562
472.0
15.212950435559613
66.63494119525438
30.215379189335515
396.0
16.27230327925647
66.99615137569187
30.19517824704323
473.0
17.3658862782979
67.43833716709557
30.709751551592184
473.0
20.567721505617385
67.83158607362512
32.154457877435135
167.0
21.74279969565658
67.85594299784202
32.15169866401298
167.0
22.784135461243736
67.88102621895918
32.5335703887297
165.0
23.794552307693237
67.83755441372352
32.35886106418894
323.0
25.966731299391896
67.87066973636266
31.962957094734392
165.0
27.028981342737154
67.93228062994723
33.58574248262575
323.0
28.03818590342243
67.69389033976685
33.563501711621726
323.0
29.050278858167815
67.47801400672216
33.26263738958002
323.0
30.14878004446028
67.31341423944883
33.0662461505049
323.0
31.20551580768317
67.20383290788118
33.17303792300429
323.0
32.31712474619741
67.07325857677343
33.62587502171745
323.0
33.33714013659227
66.86231000486258
33.54517957040408
323.0
34.434363955940725
66.66374412785926
33.590619760335365
164.0
35.494840092072266
66.4730181637346
33.229334818973314
323.0
45.693508409629075
65.17227425690554
34.6224700631136
474.0
53.714738744085295
61.757840688408976
0.3322509310825126
475.0
57.60745248090042
60.108841102924835
29.038967566229523
391.0
57.96739029771179
60.43745603509643
28.233314616442147
390.0
58.769935026038816
61.35103688094231
26.895963179230932
476.0
59.435690879504406
62.0842676120996
26.612354972291683
223.0
46.50529584776267
28.56606976254235
33.15601167467586
338.0
49.371461291079086
27.717933695505597
34.500376325990004
337.0
50.46607708093022
27.312285275026753
34.266501067600785
386.0
51.510926231083516
26.960820698400518
34.123444823274006
477.0
52.4912912147595
26.676360431084316
34.01832433500342
478.0
53.46164824101719
26.41598825801524
33.988068530063835
479.0
54.61218576230638
26.11611831365269
33.951763439363276
480.0
55.6693927123181
25.852030961584564
33.94890469842024
481.0
56.69262104615797
25.628975934851393
33.95940500319715
482.0
57.69313336543896
25.406788544453565
33.62678720090967
483.0
58.74767239101794
25.201228644116394
33.896039581757165
484.0
60.80345236647863
24.67011494316666
32.44948480028351
485.0
61.205232857431845
24.72633942222584
32.28672134498827
486.0
62.37679345360869
24.73638644951548
32.55172035317043
487.0
63.40959705029202
24.675465509611573
32.41501685568106
488.0
64.41977636605637
24.604113352134256
32.599823652236665
489.0
65.52550976402169
24.470901147539287
32.61340271854225
490.0
66.59094344925104
24.35030329701832
32.55646813319881
491.0
67.60226727449752
24.284876192654878
32.6019888965368
491.0
68.62790035802176
24.25763619272265
32.57084566087377
492.0
69.66479712458185
24.26907881580187
32.528527852545636
492.0
70.809925943183
24.290268271393536
32.626964483147454
493.0
71.89561926696399
24.290987159155947
32.616184391242214
493.0
72.98151687828545
24.276388634285485
32.71975785745582
494.0
74.01156819066497
24.242756887835107
32.90627360975782
494.0
75.0920966021418
24.168547399473972
33.192158255587174
495.0
76.15877006642904
24.045709165336355
32.65583096795271
495.0
77.22845830602998
24.026918398086206
32.452512637714946
495.0
78.30346346865039
23.987948245417723
32.33787140228603
496.0
79.32916050967943
24.00833102912474
32.24703568658214
496.0
0.445676811733108
24.04096027843779
32.30446495752697
496.0
1.5236685915919175
24.05701874882458
32.31248640213578
496.0
2.5663075706328655
24.070794379963253
32.198137554793774
496.0
3.594732599114952
24.177840257791008
32.0983241675431
496.0
4.6371517131859825
24.230831359786087
32.04026477219845
496.0
5.778765142452695
24.226065211986487
32.20213104232607
497.0
6.8946515544611024
24.259625597389945
32.196848984469774
497.0
7.887477460283108
24.37046369972103
32.21095681156011
497.0
8.957441729461934
24.39908247302651
32.189741095111344
497.0
10.04187697365984
24.430475463928875
31.976603164424763
497.0
11.167906447205226
24.503142810442156
31.940255100767004
497.0
12.229042713486898
24.574541245290593
31.945374451079843
497.0
13.240358608391965
24.635915651348487
31.848933949672226
363.0
14.1950987663351
24.70674228735311
31.846268392827184
363.0
14.97014012373608
24.568275190150214
31.352650528058224
430.0
15.95803536562451
24.717289693261478
31.346544236645993
430.0
16.775341078228983
24.871734930118123
31.476980535267444
498.0
17.5522619434509
25.057578754684922
31.508623696955606
498.0
18.424563221977806
25.17538371529071
31.423337967157863
498.0
19.357977517786445
25.301672129222037
31.311302400509422
498.0
20.05811771805285
25.415488532840204
31.34630430834023
429.0
20.47957111149107
25.44622033407876
31.403808323789953
429.0
21.169467532255823
25.57001143912893
31.497520211365448
429.0
21.81069254870937
25.665009768362935
31.455953145965672
429.0
22.15893505773952
25.68490110278811
31.326127630482766
499.0
22.23093171559841
25.67298422555433
31.33387478722487
499.0
22.266114820830275
25.664105874359503
31.334356976460626
428.0
22.615231123940212
25.715054931059804
31.295434784880673
428.0
22.6137724723869
25.71581590384334
31.300195685268427
499.0
22.749754203325786
25.739894927727356
31.309211740333556
499.0
22.749494570519374
25.740006103064914
31.309312684405977
499.0
22.80349351917311
25.758931855472554
31.306222711021103
499.0
22.844776170387924
25.767823413522454
31.252790108198724
499.0
22.871800258871936
25.77565339689131
31.317122473829052
499.0
22.880484862231746
25.778186203495082
31.328529897027686
499.0
22.879888896607888
25.77879106189551
31.319136449068875
499.0
23.009128048057043
25.804381187548383
31.26967465135879
499.0
23.16766012248604
25.834579500663953
31.268573641208754
500.0
23.430679841261636
25.884643123329035
31.262051677474403
500.0
23.672625118205517
25.93218198570426
31.283048380225065
500.0
23.939185417776095
25.983122590042854
31.2916708787838
500.0
24.23672301163264
26.038070465528676
31.2134315861278
501.0
24.593040073591176
26.106812887599915
31.125881486428426
501.0
24.985531709763734
26.18767194618306
31.131479210946303
502.0
25.35088781889273
26.26152189360449
31.21507297503545
502.0
25.837753128653418
26.34902758396676
31.117453497895973
503.0
26.350147241479142
26.453460603762434
31.269112409454944
504.0
26.422129312862566
26.445687081850817
31.289675647125268
504.0
26.464009764549786
26.448960018653022
31.399222503154313
505.0
27.010489688648605
26.545130743035475
31.739810007524643
423.0
27.629691146058263
26.603587678580364
31.524116345053514
422.0
27.70290177375682
26.597120492859936
31.35206683507832
422.0
27.80523193757601
26.61523739916946
30.04821398060318
506.0
27.88366344214394
26.652143294624736
27.623589733807048
507.0
28.132532426948337
26.943175089397393
26.09152381999663
508.0
-
235.0
0.0
