0.0
30.0
30.0
17.904745236938613
1.5
0.000000000000000000e+00 
1.0
29.967831516418435
29.642338451166975
18.704745236938614
17.199999999999992
1.000000000000000000e+00 5.000000000000000000e+00 7.000000000000000000e+00 1.470000000000000000e+02 1.480000000000000000e+02 1.490000000000000000e+02 1.500000000000000000e+02 1.510000000000000000e+02 1.520000000000000000e+02 1.530000000000000000e+02 1.540000000000000000e+02 1.550000000000000000e+02 2.190000000000000000e+02 2.200000000000000000e+02 2.210000000000000000e+02 2.220000000000000000e+02 2.230000000000000000e+02 2.240000000000000000e+02 2.250000000000000000e+02 2.260000000000000000e+02 2.270000000000000000e+02 2.280000000000000000e+02 2.290000000000000000e+02 2.300000000000000000e+02 2.340000000000000000e+02 
2.0
29.8404269058438
29.06785929526757
20.052118794861155
1.5
2.000000000000000000e+00 
3.0
28.66717854690818
27.694957231448406
22.635209796780142
1.5
3.000000000000000000e+00 2.310000000000000000e+02 
4.0
28.02936551087649
27.232305406007868
22.89385730611216
1.5
4.000000000000000000e+00 2.330000000000000000e+02 
5.0
26.524436752514
27.226681569035147
26.35046859922728
1.5
6.000000000000000000e+00 8.000000000000000000e+00 9.000000000000000000e+00 1.560000000000000000e+02 
6.0
15.005420314529378
28.158360688120162
26.618256511463102
1.5
1.000000000000000000e+01 1.100000000000000000e+01 1.570000000000000000e+02 1.580000000000000000e+02 1.590000000000000000e+02 
7.0
8.73027203841114
28.489732813943
26.53584616499915
1.5
1.200000000000000000e+01 1.600000000000000000e+02 1.610000000000000000e+02 
8.0
4.265853198885282
28.64494500559258
26.43878539121535
1.5
1.300000000000000000e+01 1.620000000000000000e+02 
9.0
2.861567198836199
28.694950243498205
26.408056674565795
1.5
1.400000000000000000e+01 1.630000000000000000e+02 
10.0
1.7738050647992618
28.72151735027945
26.217538973717613
1.5
1.500000000000000000e+01 1.640000000000000000e+02 
11.0
79.58388024695527
27.374868200582522
21.303733449038837
1.5
1.600000000000000000e+01 1.700000000000000000e+01 1.650000000000000000e+02 
12.0
78.4353492416728
23.644842896690076
17.621122117327186
1.5
1.800000000000000000e+01 1.900000000000000000e+01 2.000000000000000000e+01 2.100000000000000000e+01 2.200000000000000000e+01 2.300000000000000000e+01 1.660000000000000000e+02 1.670000000000000000e+02 1.680000000000000000e+02 
13.0
2.4787721131452223
79.51049362634923
16.509827341897278
36.500000000000924
2.400000000000000000e+01 2.500000000000000000e+01 2.600000000000000000e+01 2.700000000000000000e+01 2.800000000000000000e+01 1.690000000000000000e+02 1.700000000000000000e+02 1.710000000000000000e+02 1.720000000000000000e+02 1.730000000000000000e+02 1.740000000000000000e+02 1.750000000000000000e+02 1.760000000000000000e+02 1.770000000000000000e+02 
14.0
7.374140023438828
55.71852879574577
16.220409841211683
1.5
2.900000000000000000e+01 3.000000000000000000e+01 3.100000000000000000e+01 1.780000000000000000e+02 1.790000000000000000e+02 
15.0
8.540161320552354
45.34579194399684
15.93288626291099
1.5
3.200000000000000000e+01 3.300000000000000000e+01 1.800000000000000000e+02 1.810000000000000000e+02 1.820000000000000000e+02 
16.0
10.155377289178968
38.73095628987221
16.00422635368446
1.5
3.400000000000000000e+01 1.830000000000000000e+02 
17.0
10.708618091832568
36.065524241686795
16.80276432771347
1.5
3.500000000000000000e+01 1.840000000000000000e+02 
18.0
11.022601336046028
32.40297837290603
16.2488899554237
1.5
3.600000000000000000e+01 1.850000000000000000e+02 
19.0
11.564279986066811
29.73882935779894
16.158933490542356
1.5
3.700000000000000000e+01 1.860000000000000000e+02 
20.0
12.066042193988869
27.18602623125991
16.18298570445098
1.5
3.800000000000000000e+01 
21.0
12.54002159338402
24.5967627046206
16.17417011155069
1.5
3.900000000000000000e+01 
22.0
12.720623681457466
23.689577116738207
16.173918270221595
1.5
4.000000000000000000e+01 
23.0
13.191319397183168
21.847269683318295
14.511490416387295
1.5
4.100000000000000000e+01 
24.0
14.058388539990478
20.37659069187077
13.18349428228639
1.5
4.200000000000000000e+01 
25.0
16.18266390651696
18.898842802974215
11.201990292360495
1.5
4.300000000000000000e+01 
26.0
20.473196326152195
18.380979290623895
8.25219869377387
1.5
4.400000000000000000e+01 4.500000000000000000e+01 
27.0
27.22097919159148
19.280018709411852
7.795273233221927
1.5
4.600000000000000000e+01 
28.0
31.693803255829593
19.974771757024772
7.755279452030745
1.5
4.700000000000000000e+01 
29.0
34.666590483478686
20.660973498953528
7.050698450436018
1.5
4.800000000000000000e+01 
30.0
36.39523480606449
21.11273687742631
7.175844245568429
1.5
4.900000000000000000e+01 
31.0
39.36775377044187
21.500190702115113
8.071722321061365
1.5
5.000000000000000000e+01 
32.0
42.367635387293205
21.79082895264739
8.019550134036049
1.5
5.100000000000000000e+01 
33.0
46.395830934770736
22.112967707670173
8.062260516179158
1.5
5.200000000000000000e+01 
34.0
49.12612082890951
22.63086645487926
6.941529678431896
1.5
5.300000000000000000e+01 
35.0
51.91628977796031
23.47416869359
6.912199904254505
1.5
5.400000000000000000e+01 5.500000000000000000e+01 
36.0
57.00610368132071
24.371930027621378
7.759047622593394
1.5
5.600000000000000000e+01 5.700000000000000000e+01 1.920000000000000000e+02 
37.0
63.66115711384026
25.331122551384368
7.097571391383262
4.849999999999895
5.800000000000000000e+01 5.900000000000000000e+01 6.000000000000000000e+01 
38.0
73.34948885576044
28.453573387483733
7.705643474880576
15.999999999999847
6.100000000000000000e+01 6.200000000000000000e+01 6.300000000000000000e+01 6.400000000000000000e+01 6.500000000000000000e+01 6.600000000000000000e+01 1.930000000000000000e+02 1.940000000000000000e+02 1.950000000000000000e+02 1.960000000000000000e+02 1.970000000000000000e+02 
39.0
16.100633579151655
30.086811379040466
8.326913991663467
12.39999999999986
6.700000000000000000e+01 6.800000000000000000e+01 6.900000000000000000e+01 1.980000000000000000e+02 1.990000000000000000e+02 2.000000000000000000e+02 2.010000000000000000e+02 
40.0
25.81346409391078
30.80471104518055
8.39456323714964
1.5
7.000000000000000000e+01 2.020000000000000000e+02 
41.0
27.61956533267593
30.907858780265613
8.373557406683142
1.5
7.100000000000000000e+01 2.030000000000000000e+02 
42.0
29.525674054769713
31.002536301900605
8.373129444112507
1.5
7.200000000000000000e+01 2.040000000000000000e+02 
43.0
33.00437436186223
31.25263903502681
8.14907597777025
1.5
7.300000000000000000e+01 2.050000000000000000e+02 
44.0
35.688861141457316
31.482336675628467
8.059310191147048
1.5
7.400000000000000000e+01 
45.0
37.98425668258084
31.77253066783871
8.081174627315253
1.5
7.500000000000000000e+01 
46.0
39.0045321775172
31.871092777202826
8.048583480266418
1.5
7.600000000000000000e+01 
47.0
40.837948366983795
32.12882410398819
6.5005823006002705
1.5
7.700000000000000000e+01 
48.0
42.16159220391793
32.61774481500972
5.603876686291428
1.5
7.800000000000000000e+01 
49.0
44.33933865291087
34.318290183773016
3.402336973742303
1.5
7.900000000000000000e+01 
50.0
45.511840308720934
36.062400139964396
2.3545252018667213
1.5
8.000000000000000000e+01 
51.0
46.07512471433586
37.45525677067992
2.2146084810122937
1.5
8.100000000000000000e+01 
52.0
46.39695201713374
38.28594615432414
2.1746838415929965
1.5
8.200000000000000000e+01 
53.0
46.85152833370121
40.571427333597825
0.5590587545577819
1.5
8.300000000000000000e+01 
54.0
46.93993180651503
42.26596064983773
0.23333474243167873
1.5
8.400000000000000000e+01 
55.0
46.98416244816158
44.965880794263654
0.15827346051338242
1.5
8.500000000000000000e+01 
56.0
47.048585321613004
47.69885676551823
0.011008569560384318
1.5
8.600000000000000000e+01 
57.0
46.609172986223314
50.686640943575355
33.48929042976596
1.5
8.700000000000000000e+01 
58.0
46.13361579951666
52.50743935988932
32.28280175519591
1.5
8.800000000000000000e+01 
59.0
45.408078296152276
54.03297795898477
32.29624650850657
1.5
8.900000000000000000e+01 
60.0
44.67140546316563
55.80808852326326
32.744559850089594
1.5
9.000000000000000000e+01 
61.0
43.147885298472495
59.02235785528927
31.686740138596697
1.7000000000000113
9.100000000000000000e+01 9.200000000000000000e+01 
62.0
38.99881875389909
64.85103209560032
30.526312033948336
1.5
9.300000000000000000e+01 
63.0
36.854432627723575
66.74457216316233
29.458984844316152
1.5
9.400000000000000000e+01 
64.0
35.17581963716156
67.6273808900099
28.467080877567312
1.5
9.500000000000000000e+01 
65.0
33.49113201383006
68.27626089126674
28.419000977696903
1.5
9.600000000000000000e+01 
66.0
31.686090946907335
68.825123091835
27.197544672641698
1.5
9.700000000000000000e+01 
67.0
29.778141124745016
68.93503367682266
26.192698672169655
1.5
9.800000000000000000e+01 
68.0
27.88849907218219
68.88377497848573
26.228773902682754
1.5
9.900000000000000000e+01 
69.0
25.869258332326442
68.87270434730384
26.178872002978302
1.5
1.000000000000000000e+02 
70.0
24.884429194848767
68.86211487656125
26.265318340872177
1.5
1.010000000000000000e+02 
71.0
22.845354360587386
68.66790180392913
23.797830857921102
1.5
1.020000000000000000e+02 
72.0
18.91996675382483
66.85634832165849
23.333169761692403
1.5
1.030000000000000000e+02 
73.0
17.396979369221985
66.01809482000564
23.302053549612637
1.5
1.040000000000000000e+02 
74.0
16.502299806201798
65.51656304436369
23.215029140788143
1.5
1.050000000000000000e+02 
75.0
14.956120783843307
64.64907068347682
23.289699960371436
1.5
1.060000000000000000e+02 
76.0
13.31101295879378
63.759173037125336
23.174843733097184
1.5
1.070000000000000000e+02 
77.0
11.84322474612125
62.879037534511255
22.837267497831505
1.5
1.080000000000000000e+02 
78.0
9.270506859531302
61.15836239630572
22.827805203882708
1.5
1.090000000000000000e+02 
79.0
7.6423343455028725
60.06640132057652
22.826426991504107
1.5
1.100000000000000000e+02 
80.0
5.870121602548772
58.840457128156686
22.82566267251923
1.5
1.110000000000000000e+02 
81.0
4.305115159204562
57.67909512124784
22.084259175903316
1.5
1.120000000000000000e+02 
82.0
3.5955901308880316
57.04167568147621
22.131238957584934
1.5
1.130000000000000000e+02 
83.0
2.804186099286356
56.33388181703084
22.13258314707086
1.5
1.140000000000000000e+02 
84.0
1.9681790417596106
55.585984035807606
22.12369879200169
1.5
1.150000000000000000e+02 
85.0
0.42073874098086406
54.19616475176635
22.085297120677055
1.5
1.160000000000000000e+02 1.170000000000000000e+02 1.270000000000000000e+02 1.290000000000000000e+02 
86.0
75.72588855670091
49.900627247618345
22.115773647313418
5.699999999999977
1.180000000000000000e+02 1.190000000000000000e+02 1.330000000000000000e+02 
87.0
69.43599962758739
44.04663198720872
22.147887534500157
1.5
1.200000000000000000e+02 
88.0
67.84661267777966
42.59357231316579
22.244331670950338
1.5
1.210000000000000000e+02 
89.0
65.51213242008305
41.706223065768235
25.353421778882428
1.5
1.220000000000000000e+02 
90.0
62.61653724938174
42.02073502339624
28.748811140393794
1.5
1.230000000000000000e+02 
91.0
59.872620668728224
43.72290315142468
30.11950507246204
1.5
1.240000000000000000e+02 
92.0
57.501338245559296
45.67035086809728
31.10628868331009
1.5
1.250000000000000000e+02 
93.0
56.35452577878176
47.03576785949234
30.96394469077162
1.5
1.260000000000000000e+02 
94.0
50.960634655445475
52.09378160127078
30.24851743865689
1.5
1.280000000000000000e+02 
95.0
46.43875592459803
55.430599181479906
30.172782633068103
2.900000000000011
1.300000000000000000e+02 1.310000000000000000e+02 1.320000000000000000e+02 2.150000000000000000e+02 
96.0
38.04425438733774
64.1557569713947
31.213224010135317
9.49999999999997
1.340000000000000000e+02 1.350000000000000000e+02 1.360000000000000000e+02 
97.0
29.78123133855872
74.23045739129107
31.188673268720006
4.000000000000007
1.370000000000000000e+02 2.180000000000000000e+02 
98.0
27.787468248345064
76.72035615890564
30.294876418997468
1.5
1.380000000000000000e+02 
99.0
26.111168899244294
78.2404513318081
30.06945313145107
1.5
1.390000000000000000e+02 
100.0
25.30360408937749
78.90963668549779
29.67476355303354
1.5
1.400000000000000000e+02 
101.0
24.381417326891846
79.56726161219378
28.12306273222206
1.5
1.410000000000000000e+02 
102.0
23.297139611240578
79.93415497372007
25.979279338316466
1.5
1.420000000000000000e+02 
103.0
20.446818862694418
78.67897625031694
22.008916883400694
3.050000000000005
1.430000000000000000e+02 
104.0
17.380646167219567
75.67168203131466
21.18877564291317
13.699999999999985
1.440000000000000000e+02 1.450000000000000000e+02 1.460000000000000000e+02 
105.0
13.83312023553023
19.936105467014936
13.653037129644302
1.5
1.870000000000000000e+02 
106.0
39.10780817390916
20.80405718585163
7.398654321890419
1.5
1.880000000000000000e+02 
107.0
41.132910100304805
21.37456030644334
7.404436883844086
1.5
1.890000000000000000e+02 
108.0
42.15747341046114
21.61388397803751
7.353930402709661
1.5
1.900000000000000000e+02 
109.0
45.366189943856924
21.96798657631781
8.259624702837456
1.5
1.910000000000000000e+02 
110.0
20.777232370196582
67.6599795776865
24.33814306638371
1.5
2.060000000000000000e+02 
111.0
18.715013277634853
66.76785269100692
23.249871182218783
1.5
2.070000000000000000e+02 
112.0
16.896728597000955
65.72752189556184
23.29067132581538
1.5
2.080000000000000000e+02 
113.0
16.026962265972525
65.23262065760176
23.32168069763559
1.5
2.090000000000000000e+02 
114.0
15.013542651383112
64.65429719121805
23.331936508393525
1.5
2.100000000000000000e+02 
115.0
10.240699424589293
61.76177099848135
23.136190196593397
1.5
2.110000000000000000e+02 
116.0
72.08692358328973
45.83348093904035
21.324032779768345
1.5
2.120000000000000000e+02 
117.0
66.22418068506155
40.598974244310675
24.1166087313334
1.5
2.130000000000000000e+02 
118.0
53.81460485660382
48.32215825878296
30.708080649186286
1.5
2.140000000000000000e+02 
119.0
44.49700033617193
56.65854504668268
30.12453223882294
1.5
2.160000000000000000e+02 2.170000000000000000e+02 
120.0
8.610835906468045
61.65455981423901
21.42357090306796
1.5
2.320000000000000000e+02 
121.0
8.478118379096069
61.534621974261455
25.204918877370723
1.5
2.350000000000000000e+02 
122.0
6.82919344052868
54.220953682862124
2.5183403761349012
1.5
2.360000000000000000e+02 
123.0
6.755768290977191
53.31991376736969
3.3183403761348984
1.5
2.370000000000000000e+02 2.950000000000000000e+02 6.540000000000000000e+02 
124.0
6.569692137400864
51.95121139896595
3.5829830167731487
1.5
2.380000000000000000e+02 2.960000000000000000e+02 
125.0
6.308000701859381
50.06984295481133
3.550746707578462
1.5
2.390000000000000000e+02 2.970000000000000000e+02 
126.0
6.070582457143651
48.24704311981263
3.573789277086256
1.5
2.400000000000000000e+02 3.200000000000000000e+02 
127.0
5.9127117454090765
47.10802630962516
3.440359118990294
1.5
2.410000000000000000e+02 7.600000000000000000e+02 
128.0
5.775523558789416
45.992163896884335
2.527665298776853
1.5
2.420000000000000000e+02 3.000000000000000000e+02 
129.0
5.827050404462906
44.945752416250045
1.3277204763295103
1.5
2.430000000000000000e+02 3.220000000000000000e+02 7.570000000000000000e+02 
130.0
6.431709593169547
43.08104379705637
0.4492281706361325
1.5
2.440000000000000000e+02 3.020000000000000000e+02 7.560000000000000000e+02 
131.0
7.157039066628499
41.16554817530756
0.44315392541670917
1.5
2.450000000000000000e+02 3.030000000000000000e+02 
132.0
7.874465031267395
39.290568031897294
0.40290158808272736
1.5
2.460000000000000000e+02 3.380000000000000000e+02 4.550000000000000000e+02 6.600000000000000000e+02 
133.0
8.26873684273544
38.28699409526837
34.51453721536242
1.5
2.470000000000000000e+02 3.390000000000000000e+02 4.540000000000000000e+02 7.540000000000000000e+02 
134.0
8.769862176441048
37.43728300260807
34.081445091842006
1.5
2.480000000000000000e+02 4.530000000000000000e+02 
135.0
9.320915025518818
36.64168168531398
33.4122426215132
1.5
2.490000000000000000e+02 
136.0
9.98929253360124
35.90887109959712
33.30171943785344
1.5
2.500000000000000000e+02 
137.0
10.769382590875207
35.09977405466415
33.04295367235548
1.5
2.510000000000000000e+02 
138.0
12.329632759804266
33.61023346824376
32.41356904717897
1.5
2.520000000000000000e+02 
139.0
12.91331673121245
33.219133373697744
32.50972677809006
1.5
2.530000000000000000e+02 
140.0
13.735791503952097
32.60277459654356
32.52321843072976
1.5
2.540000000000000000e+02 
141.0
14.667430229212389
31.906289176398786
32.33455957860993
1.5
2.550000000000000000e+02 
142.0
16.45480875275707
30.67802752846911
32.35406130750222
1.5
2.560000000000000000e+02 
143.0
17.305353208049933
30.107286627380354
32.07152202647155
1.5
2.570000000000000000e+02 
144.0
19.26506684479371
29.00094814184033
31.631275963837183
1.5
2.580000000000000000e+02 
145.0
21.17661454597513
28.112412593974717
30.961724960488297
1.5
2.590000000000000000e+02 
146.0
23.24734661078244
27.39575000533327
30.730775214825222
1.5
2.600000000000000000e+02 
147.0
25.343405341458183
26.83367374603316
30.31561898860199
1.5
2.610000000000000000e+02 
148.0
27.4219417675688
26.40451076604221
30.24691635994442
1.5
2.620000000000000000e+02 
149.0
28.507645527726606
26.207865062524938
29.561871152188296
1.5
2.630000000000000000e+02 
150.0
30.646895615298757
26.174799344800476
28.282653907031936
1.5
2.640000000000000000e+02 
151.0
32.69000668999304
26.56989103942023
27.331373241869194
1.5
2.650000000000000000e+02 
152.0
33.64044235269455
26.8214324391186
27.120766556027817
1.5
2.660000000000000000e+02 
153.0
34.6912004366218
27.100760463039382
26.627403305491153
1.5
2.670000000000000000e+02 
154.0
36.688316650173604
28.106186334479666
25.394378766863383
1.5
2.680000000000000000e+02 
155.0
39.214052600004464
29.86604313639412
24.692992384163446
1.5
2.690000000000000000e+02 
156.0
40.07710655614345
30.671874123290827
24.217347387855337
1.5
2.700000000000000000e+02 
157.0
40.82848572107322
31.411150012866912
23.47077416134512
1.5
2.710000000000000000e+02 
158.0
41.427851741278715
32.20778795105501
22.69149776123487
1.5
2.720000000000000000e+02 
159.0
42.2871740800844
35.4010468859899
20.809477561263122
1.5
2.730000000000000000e+02 
160.0
42.52344589253114
39.24066268597109
20.268604649065434
1.5
2.740000000000000000e+02 5.110000000000000000e+02 
161.0
42.42187097690575
41.591823975482185
18.75610846781165
1.5
2.750000000000000000e+02 5.080000000000000000e+02 5.090000000000000000e+02 5.100000000000000000e+02 6.240000000000000000e+02 6.250000000000000000e+02 
162.0
40.690796046516226
45.61686666069282
16.926599292161598
1.5
2.760000000000000000e+02 2.770000000000000000e+02 6.260000000000000000e+02 
163.0
37.14968209508763
49.72727011793813
15.764309449818825
1.5
2.780000000000000000e+02 5.000000000000000000e+02 5.010000000000000000e+02 6.280000000000000000e+02 
164.0
34.68961642391518
52.09933963779367
14.922900676689622
1.5
2.790000000000000000e+02 2.800000000000000000e+02 4.940000000000000000e+02 6.350000000000000000e+02 7.850000000000000000e+02 
165.0
27.751471367605117
55.580097990250394
13.120485178510904
1.5
2.810000000000000000e+02 2.820000000000000000e+02 4.870000000000000000e+02 4.880000000000000000e+02 4.890000000000000000e+02 4.900000000000000000e+02 4.910000000000000000e+02 4.920000000000000000e+02 4.930000000000000000e+02 6.360000000000000000e+02 6.370000000000000000e+02 6.390000000000000000e+02 7.750000000000000000e+02 7.770000000000000000e+02 
166.0
21.57119171359928
56.692203609034856
12.43004935782011
1.5
2.830000000000000000e+02 
167.0
20.35361577663959
56.823779024614716
12.232503496084192
1.5
2.840000000000000000e+02 4.860000000000000000e+02 6.400000000000000000e+02 7.730000000000000000e+02 7.740000000000000000e+02 
168.0
18.525191059703165
57.0294269429295
11.922076746711
1.5
2.850000000000000000e+02 3.140000000000000000e+02 
169.0
17.82216598647666
57.0661123127669
11.096423550883756
1.5
2.860000000000000000e+02 3.350000000000000000e+02 6.440000000000000000e+02 
170.0
14.727452790436278
56.338330725407964
9.353749474705467
1.5
2.870000000000000000e+02 3.150000000000000000e+02 4.800000000000000000e+02 4.810000000000000000e+02 4.820000000000000000e+02 
171.0
12.025237177977491
55.33215964591086
8.643555919630373
1.5
2.880000000000000000e+02 3.160000000000000000e+02 6.470000000000000000e+02 7.650000000000000000e+02 7.660000000000000000e+02 
172.0
7.86955152620023
52.795519733772196
8.06385999719894
1.5
2.890000000000000000e+02 6.480000000000000000e+02 
173.0
6.972466008708597
52.208919574734296
7.774498966995004
1.5
2.900000000000000000e+02 4.730000000000000000e+02 6.490000000000000000e+02 
174.0
5.357542145058055
50.8098914775182
6.249355522520574
1.5
2.910000000000000000e+02 7.640000000000000000e+02 
175.0
3.7182852652184266
47.94501490166661
4.947588810594468
1.5
2.920000000000000000e+02 4.670000000000000000e+02 7.620000000000000000e+02 7.630000000000000000e+02 
176.0
3.3143075847597494
46.934118429864036
4.8275695648643335
1.5
2.930000000000000000e+02 4.660000000000000000e+02 
177.0
2.9575312768314106
45.93185865293569
3.7755472967616512
1.5
2.940000000000000000e+02 
178.0
3.273532516533823
41.675708900989775
0.47268033226018247
1.5
2.980000000000000000e+02 6.560000000000000000e+02 
179.0
4.239497563453881
39.98415682080618
34.41747825923525
1.5
2.990000000000000000e+02 6.570000000000000000e+02 
180.0
5.979970500887557
37.198936620852955
34.40094077569787
1.5
3.010000000000000000e+02 
181.0
10.485243101119249
35.1101906160815
32.8702577192449
1.5
3.040000000000000000e+02 
182.0
11.311483925894525
34.222832315709375
32.23315327761374
1.5
3.050000000000000000e+02 
183.0
12.057481620863772
33.88459054689882
31.93734259110773
1.5
3.060000000000000000e+02 
184.0
13.050622166018204
33.09288750580248
31.829289171670936
1.5
3.070000000000000000e+02 
185.0
21.116204846805342
27.73057208474021
31.41428187050533
1.5
3.080000000000000000e+02 
186.0
23.887201573594762
26.583219876844314
30.03319801410048
1.5
3.090000000000000000e+02 
187.0
24.931151513494523
26.406909995211606
29.363164586491834
1.5
3.100000000000000000e+02 
188.0
30.185288476514653
26.186847355083124
29.096990353931957
1.5
3.110000000000000000e+02 
189.0
37.15144410739897
28.313743734230584
25.11872759141043
1.5
3.120000000000000000e+02 
190.0
38.86182275230509
29.76285941639597
23.995728023549997
1.5
3.130000000000000000e+02 
191.0
3.081194611770705
45.661851068859846
3.614442396717152
1.5
3.170000000000000000e+02 
192.0
2.903420285685435
43.57930878078156
1.8188688902598216
1.5
3.180000000000000000e+02 
193.0
3.1972630447296417
41.557815328055725
1.7786302425536888
1.5
3.190000000000000000e+02 
194.0
3.800203097687369
38.96667524698308
0.06716399562860431
1.5
3.210000000000000000e+02 
195.0
8.517748041080825
37.15824426175415
33.46512235939897
1.5
3.230000000000000000e+02 
196.0
10.182439376139936
35.67930139147418
32.333568720075704
1.5
3.240000000000000000e+02 
197.0
11.213219598651516
34.64473707106782
32.40605470822041
1.5
3.250000000000000000e+02 
198.0
12.220859731905275
33.68491185860495
32.213589488587495
1.5
3.260000000000000000e+02 
199.0
14.12657112225963
32.35802488863508
32.095125320986384
1.5
3.270000000000000000e+02 
200.0
14.674377087218655
31.736971645897356
32.098161362672876
1.5
3.280000000000000000e+02 
201.0
15.609048351555874
30.996329432829747
31.917553870380516
1.5
3.290000000000000000e+02 7.480000000000000000e+02 
202.0
16.72218319312677
29.920643415356107
30.97753246922361
1.5
3.300000000000000000e+02 4.460000000000000000e+02 
203.0
19.123927132339336
28.865725527041683
31.00114688878824
1.5
3.310000000000000000e+02 
204.0
22.478797016004503
27.28196984889219
30.444786914698902
1.5
3.320000000000000000e+02 
205.0
28.738727585982044
26.46861226060579
28.93110391301208
1.5
3.330000000000000000e+02 
206.0
30.763719993713888
26.202938231066227
28.31426254937287
1.5
3.340000000000000000e+02 
207.0
2.9450114983075473
46.088549561752465
4.06167016802037
1.5
3.360000000000000000e+02 
208.0
3.1161012761492373
40.524363020625785
0.6370145311500295
1.5
3.370000000000000000e+02 
209.0
10.332134070442219
35.11896565415879
32.60683523396168
1.5
3.400000000000000000e+02 
210.0
11.94927397239567
31.335702290126626
32.099718156330134
1.5
3.410000000000000000e+02 
211.0
12.958067397213814
30.592574086481793
31.88334454847875
1.5
3.420000000000000000e+02 
212.0
12.984203662466324
32.63228831790413
31.596315583259305
1.5
3.430000000000000000e+02 
213.0
14.730207885816544
29.93342155247293
31.004957476085536
1.5
3.440000000000000000e+02 
214.0
35.589254794914154
27.517390970826483
26.627170568079997
1.5
3.450000000000000000e+02 
215.0
37.464751380592915
28.249113406549917
26.699025995938733
1.5
3.460000000000000000e+02 
216.0
39.1534383239449
28.904997181267486
26.573105042524055
1.5
3.470000000000000000e+02 
217.0
40.69950122714812
29.518345154404123
26.52236950324932
1.5
3.480000000000000000e+02 
218.0
41.36324392102283
29.78210061414135
26.558323903561586
1.5
3.490000000000000000e+02 
219.0
42.551372752173606
30.267534305973157
26.778508174146705
1.5
3.500000000000000000e+02 
220.0
42.86827622849869
30.367945177231338
27.777554184859092
1.5
3.510000000000000000e+02 
221.0
43.40654709729053
30.469374422595155
28.236617088127893
1.5
3.520000000000000000e+02 
222.0
44.04244239403971
30.526618606549437
29.904377173774904
1.5
3.530000000000000000e+02 
223.0
45.149079173229126
30.305467658861584
30.68866010238505
1.5
3.540000000000000000e+02 7.920000000000000000e+02 
224.0
45.887541700773326
30.07226939474713
30.94772623494614
1.5
3.550000000000000000e+02 4.290000000000000000e+02 5.250000000000000000e+02 6.100000000000000000e+02 
225.0
46.80169418087482
29.744727151850036
31.837724271338516
1.5
3.560000000000000000e+02 4.260000000000000000e+02 4.280000000000000000e+02 6.090000000000000000e+02 7.150000000000000000e+02 
226.0
47.620931394584886
29.314005433867415
31.816168373949026
1.5
3.570000000000000000e+02 4.270000000000000000e+02 5.270000000000000000e+02 6.070000000000000000e+02 7.170000000000000000e+02 
227.0
50.25095953305528
27.906567582251476
31.791809244519428
1.5
3.580000000000000000e+02 
228.0
51.258078883817475
27.361736561402818
31.828100305476276
1.5
3.590000000000000000e+02 
229.0
52.18130797844702
26.849449042866596
31.303855367803664
1.5
3.600000000000000000e+02 
230.0
53.06343064035738
26.476336868343154
30.653077551137308
1.5
3.610000000000000000e+02 
231.0
54.01161736127689
26.20132706266533
30.230303905898253
1.5
3.620000000000000000e+02 
232.0
55.11198437454112
25.967962335136136
30.086421638173498
1.5
3.630000000000000000e+02 
233.0
56.23197284329744
25.778067406940483
30.047105091387735
1.5
3.640000000000000000e+02 
234.0
58.252369742440024
25.378650036814935
29.97174324257079
1.5
3.650000000000000000e+02 
235.0
58.537612484134705
25.263377065569767
29.984456890507367
1.5
3.660000000000000000e+02 
236.0
59.62905300500456
25.07741187977106
29.977660788435983
1.5
3.670000000000000000e+02 
237.0
60.76503294521606
24.89707765501127
29.921080735069797
1.5
3.680000000000000000e+02 
238.0
61.80880383089044
24.758731731449135
29.7055253603545
1.5
3.690000000000000000e+02 
239.0
62.800592864586484
24.675206038798876
29.597636620931077
1.5
3.700000000000000000e+02 
240.0
63.86034969926291
24.561896869071965
29.00706517903337
1.5
3.710000000000000000e+02 
241.0
64.94641680679406
24.632559395958932
28.522990934061273
1.5
3.720000000000000000e+02 
242.0
65.9322415086677
24.732864693619018
28.496869704768173
1.5
3.730000000000000000e+02 
243.0
66.88613624688631
24.820147856449598
28.393343254201625
1.5
3.740000000000000000e+02 
244.0
67.94570005776399
24.926262194874266
28.40613234803
1.5
3.750000000000000000e+02 
245.0
69.16588039365166
25.044037997581757
28.39644613787165
1.5
3.760000000000000000e+02 
246.0
70.28102635143932
25.149159164020535
28.444362013922664
1.5
3.770000000000000000e+02 
247.0
71.26149104790812
25.224144086265547
28.44865727102856
1.5
3.780000000000000000e+02 
248.0
73.25320086233995
25.424731778585947
28.603435636398224
1.5
3.790000000000000000e+02 
249.0
74.3329461509581
25.42109402635159
29.423951513998983
1.5
3.800000000000000000e+02 3.810000000000000000e+02 
250.0
79.5508008900349
24.386375701795075
30.1921081815895
1.5
3.820000000000000000e+02 3.830000000000000000e+02 
251.0
4.7600022897693215
23.332525428477766
30.207128813822504
1.5
3.840000000000000000e+02 3.850000000000000000e+02 
252.0
10.926634844038343
22.27346080409083
30.08253260195524
1.5
3.860000000000000000e+02 5.520000000000000000e+02 
253.0
14.601906322082396
21.23409815329626
31.134726499999285
1.5
3.870000000000000000e+02 
254.0
15.667150556924735
21.073082817206995
31.708386340640793
1.5
3.880000000000000000e+02 
255.0
16.417866767970924
20.601561897716323
33.46525731263115
1.5
3.890000000000000000e+02 
256.0
17.49163443154526
18.978855146026092
1.1009695200581575
1.5
3.900000000000000000e+02 5.530000000000000000e+02 
257.0
17.994153060530703
17.005358435332937
1.7157182328540657
1.5
3.910000000000000000e+02 
258.0
18.08571617268458
15.072275083870608
2.9890752173188986
1.5
3.920000000000000000e+02 
259.0
18.033361188143143
13.984106177414077
3.709957650868013
1.5
3.930000000000000000e+02 5.570000000000000000e+02 
260.0
17.862521333617014
13.054664691212906
6.066267154663109
1.5
3.940000000000000000e+02 5.580000000000000000e+02 
261.0
16.82681131816017
11.790813906161247
7.499783031690242
1.5
3.950000000000000000e+02 
262.0
16.068544833651888
11.147310560179761
8.429768097308546
1.5
3.960000000000000000e+02 
263.0
14.224348283231716
10.550943108936337
11.509967520712394
1.5
3.970000000000000000e+02 3.980000000000000000e+02 
264.0
9.2627993139556
11.228972328064998
12.471367382864486
1.5
3.990000000000000000e+02 
265.0
7.238845640113475
11.552131383476734
12.444750077453833
1.5
4.000000000000000000e+02 4.010000000000000000e+02 
266.0
2.1727944535958876
13.061003121060992
13.029934549667061
1.5
4.020000000000000000e+02 4.030000000000000000e+02 
267.0
77.04798407605118
14.311089537159603
12.931445999041301
1.5
4.040000000000000000e+02 
268.0
75.10007924671508
14.865642162480668
13.528894638186578
1.5
4.050000000000000000e+02 
269.0
72.97248793288642
15.613437437660764
13.385720583380646
1.5
4.060000000000000000e+02 
270.0
71.98932442750771
15.936485208016279
13.196439052400116
1.5
4.070000000000000000e+02 
271.0
71.05352568101634
16.203105263517386
13.216512800468436
1.5
4.080000000000000000e+02 
272.0
70.0154106780986
16.497104308177853
12.454410746265218
1.5
4.090000000000000000e+02 
273.0
68.8997077128843
16.647152098133063
12.339517295642558
1.5
4.100000000000000000e+02 
274.0
67.79561589768457
16.78302909179419
12.386061275753335
1.5
4.110000000000000000e+02 
275.0
66.72671660160681
16.909905368297217
12.349574991880957
1.5
4.120000000000000000e+02 
276.0
65.701462042278
17.08614864364165
12.268066379734073
1.5
4.130000000000000000e+02 
277.0
64.64449721908422
17.2059676746903
11.803532180485306
1.5
4.140000000000000000e+02 
278.0
63.53380881234284
17.148947510824712
11.65294878378954
1.5
4.150000000000000000e+02 
279.0
62.450778269111005
17.32887093816734
11.685403366580559
1.5
4.160000000000000000e+02 
280.0
61.43021735382494
17.28061511888606
11.615360326974972
1.5
4.170000000000000000e+02 7.060000000000000000e+02 
281.0
60.437040406189965
17.176436775620346
11.62569085025396
1.5
4.180000000000000000e+02 
282.0
58.24131391498541
17.171604345618476
11.553269628181667
1.5
4.190000000000000000e+02 
283.0
57.977460577535226
17.139599058067773
11.502836784245375
1.5
4.200000000000000000e+02 
284.0
56.82639880312183
17.145721632572474
11.569368973743323
1.5
4.210000000000000000e+02 
285.0
55.73254638032262
17.346186515992372
11.552863741058474
1.5
4.220000000000000000e+02 
286.0
54.612728469874554
17.347789410853864
11.566369621342766
1.5
4.230000000000000000e+02 
287.0
53.53733744951256
17.3512927739321
11.375730301508128
1.5
4.240000000000000000e+02 
288.0
52.53407786388112
17.334309753537013
11.142720622008568
1.5
4.250000000000000000e+02 
289.0
46.57840392705016
16.53268170000635
10.480533754269544
1.5
4.300000000000000000e+02 
290.0
45.500771480634214
16.3729003450631
10.360139073615969
1.5
4.310000000000000000e+02 
291.0
44.433609628167886
16.19768572797716
9.434631579212322
1.5
4.320000000000000000e+02 
292.0
43.60221077104211
15.825566918089123
8.35496437671214
1.5
4.330000000000000000e+02 
293.0
42.807190818929485
15.423325698522405
7.555626313268462
1.5
4.340000000000000000e+02 
294.0
41.385283006946594
14.278470051164561
5.610927874334919
1.5
4.350000000000000000e+02 
295.0
33.68865949210132
25.92065652478542
8.000730739646201
1.5
4.360000000000000000e+02 4.370000000000000000e+02 4.380000000000000000e+02 
296.0
28.87295909186194
23.45454752125218
9.152294618438297
1.5
4.390000000000000000e+02 
297.0
26.567760202828115
23.968549914325962
11.038614616637254
1.5
4.400000000000000000e+02 
298.0
25.460799716101985
23.768711785948483
11.063394017936801
1.5
4.410000000000000000e+02 
299.0
20.847765662636785
25.51030679481179
11.809724404215878
1.5
4.420000000000000000e+02 
300.0
19.796960722691164
25.74302894111448
11.941523522742301
1.5
4.430000000000000000e+02 
301.0
17.68649142291024
27.09589083884529
13.536696486433634
1.5
4.440000000000000000e+02 
302.0
15.690809330886385
28.288691498524862
12.94777748511239
1.5
4.450000000000000000e+02 
303.0
13.437573201697159
29.326110073843253
12.912746950510538
1.5
4.470000000000000000e+02 
304.0
11.327555980651194
30.214200723989393
13.509115706612022
1.5
4.480000000000000000e+02 
305.0
10.408733229519402
30.626832113469373
13.495410303779579
1.5
4.490000000000000000e+02 
306.0
9.459614942334984
31.050408149657514
13.484769881896426
1.5
4.500000000000000000e+02 
307.0
8.495902180536337
31.38811595225244
13.527487859389439
1.5
4.510000000000000000e+02 
308.0
7.502977555660884
31.728030426386336
13.446164346935412
1.5
4.520000000000000000e+02 
309.0
3.5792776908956405
33.1582033013587
14.545889830469505
1.5
4.560000000000000000e+02 4.570000000000000000e+02 6.590000000000000000e+02 
310.0
1.63929742883872
33.981077819483566
14.411443581934073
1.5
4.580000000000000000e+02 
311.0
4.096560771675474
46.9475813560436
18.69015636317463
1.5
4.590000000000000000e+02 
312.0
3.8407223831560877
48.04611726300981
18.732270314663424
1.5
4.600000000000000000e+02 
313.0
3.5815265630726394
49.13628139960827
19.794235823923245
1.5
4.610000000000000000e+02 
314.0
3.5515285992507977
50.097333309809585
20.449148487651982
1.5
4.620000000000000000e+02 
315.0
3.6233883957404025
51.10532902892941
20.47918922007622
1.5
4.630000000000000000e+02 
316.0
3.692480936553821
52.21684429866461
20.63604352494638
1.5
4.640000000000000000e+02 
317.0
3.7785320309194077
53.246759245086864
21.399647232307252
1.5
4.650000000000000000e+02 
318.0
4.703925847352913
56.20990537972951
23.669916998516868
1.5
4.680000000000000000e+02 4.690000000000000000e+02 4.700000000000000000e+02 
319.0
7.221552632620394
59.81508333417398
23.800886027125586
1.5
4.710000000000000000e+02 4.720000000000000000e+02 
320.0
8.97639977186871
62.025354988492616
24.752505531939715
1.5
4.740000000000000000e+02 4.750000000000000000e+02 
321.0
10.50254366116054
63.378384986260656
25.082083948863836
1.5
4.760000000000000000e+02 4.770000000000000000e+02 4.780000000000000000e+02 4.790000000000000000e+02 
322.0
18.773891305800763
57.59622921328248
27.69918494954544
1.5
4.830000000000000000e+02 4.840000000000000000e+02 4.850000000000000000e+02 6.410000000000000000e+02 6.420000000000000000e+02 6.430000000000000000e+02 
323.0
32.44046457404666
67.53126035130414
29.10452603901136
5.799999999999957
4.950000000000000000e+02 4.960000000000000000e+02 4.970000000000000000e+02 4.980000000000000000e+02 6.330000000000000000e+02 7.760000000000000000e+02 7.780000000000000000e+02 7.790000000000000000e+02 7.800000000000000000e+02 7.810000000000000000e+02 7.820000000000000000e+02 7.830000000000000000e+02 7.840000000000000000e+02 7.860000000000000000e+02 
324.0
36.669917675873876
67.4053287592265
29.06884252712072
1.5
4.990000000000000000e+02 5.020000000000000000e+02 6.290000000000000000e+02 
325.0
40.765553866953766
66.6639124938877
30.69894396986837
1.5
5.030000000000000000e+02 5.040000000000000000e+02 6.270000000000000000e+02 
326.0
42.655449876705234
66.09742420195349
30.813397680798474
1.5
5.050000000000000000e+02 5.060000000000000000e+02 5.070000000000000000e+02 
327.0
49.940698350225915
62.8131943965636
32.085067584911926
1.5
5.120000000000000000e+02 5.130000000000000000e+02 
328.0
51.303092777138204
61.63867861637232
33.34030789843242
1.5
5.140000000000000000e+02 5.150000000000000000e+02 5.160000000000000000e+02 
329.0
53.94431221332286
59.53563522863952
32.18873705874211
1.5
5.170000000000000000e+02 
330.0
54.73465742035462
59.045088024728116
31.56734984475704
1.5
5.180000000000000000e+02 
331.0
55.71254338692536
58.574929740804706
30.76666746634363
1.5
5.190000000000000000e+02 
332.0
56.770387095835815
58.247353028881214
30.550165040101735
1.5
5.200000000000000000e+02 
333.0
57.59846112737229
58.028612756165444
30.034520490902935
1.5
5.210000000000000000e+02 
334.0
58.30838411848359
57.90857680006284
28.857887664412456
1.5
5.220000000000000000e+02 
335.0
59.180212460665416
57.91444120198011
28.172829349507893
1.5
5.230000000000000000e+02 
336.0
60.05996048735271
58.04133505158069
27.96189851412119
1.5
5.240000000000000000e+02 
337.0
61.92192279914895
58.408516442926754
26.880536768223124
1.5
5.260000000000000000e+02 6.060000000000000000e+02 7.180000000000000000e+02 7.940000000000000000e+02 
338.0
65.47652631112746
60.098315066460316
25.659605412225332
1.5
5.280000000000000000e+02 6.080000000000000000e+02 7.160000000000000000e+02 7.930000000000000000e+02 
339.0
51.10614737605535
25.956153963998858
30.55627489264582
1.5
5.290000000000000000e+02 
340.0
67.2390064868463
61.113792493353166
25.7791793863791
1.5
5.300000000000000000e+02 
341.0
68.1302789854904
61.66240153352469
25.60411751175603
1.5
5.310000000000000000e+02 
342.0
69.00586014135651
62.23058831557061
24.9336507880871
1.5
5.320000000000000000e+02 
343.0
69.77680654682202
62.86695937326925
24.48165751799047
1.5
5.330000000000000000e+02 
344.0
71.2331191791699
64.32861844646698
24.506483002543405
1.5
5.340000000000000000e+02 
345.0
71.84331776286575
64.95508437279204
24.495414677826332
1.5
5.350000000000000000e+02 
346.0
72.64294562322175
65.74951419219555
24.4738402754955
1.5
5.360000000000000000e+02 
347.0
62.818489552204355
24.036909764890396
29.159725422146003
1.5
5.370000000000000000e+02 
348.0
63.846649737317136
24.09325755351074
29.112215867513875
1.5
5.380000000000000000e+02 
349.0
64.8693436943093
24.17139097848286
29.131535841157685
1.5
5.390000000000000000e+02 
350.0
65.96643723016184
24.239165714509934
29.11556162610828
1.5
5.400000000000000000e+02 
351.0
67.08408037244902
24.285936813030254
28.851865872996626
1.5
5.410000000000000000e+02 
352.0
67.74314509973073
24.355597228226678
28.870043679374106
1.5
5.420000000000000000e+02 
353.0
68.11051770914223
24.395371301049895
28.787433344283606
1.5
5.430000000000000000e+02 
354.0
70.16066150690585
24.440752796317113
28.846777983482504
1.5
5.440000000000000000e+02 
355.0
71.13571671392307
24.452284934015665
28.784909385740082
1.5
5.450000000000000000e+02 
356.0
72.71018374092453
24.478258344730907
28.70632721720057
1.5
5.460000000000000000e+02 
357.0
75.5434068773811
24.689174901141314
28.175890274144464
1.5
5.470000000000000000e+02 5.480000000000000000e+02 
358.0
1.2653640955629726
25.28503248935209
28.221911864474766
1.5
5.490000000000000000e+02 
359.0
6.562417029388154
25.671134829299206
29.6776948640619
1.5
5.500000000000000000e+02 5.510000000000000000e+02 
360.0
18.388936883878035
18.11639968403665
1.8393527979756499
1.5
5.540000000000000000e+02 
361.0
18.37686971181336
15.190558490264124
6.457207793153941
1.5
5.550000000000000000e+02 
362.0
18.39463296550326
15.204088893123725
6.45814758678862
1.5
5.560000000000000000e+02 
363.0
16.737838228358637
14.237879045861234
11.348639903996506
1.5
5.590000000000000000e+02 5.600000000000000000e+02 5.610000000000000000e+02 5.620000000000000000e+02 5.630000000000000000e+02 5.640000000000000000e+02 5.650000000000000000e+02 5.660000000000000000e+02 5.670000000000000000e+02 8.350000000000000000e+02 8.360000000000000000e+02 
364.0
9.54805941223636
14.366954896744346
11.434037720669679
1.5
5.680000000000000000e+02 5.690000000000000000e+02 5.700000000000000000e+02 5.710000000000000000e+02 5.720000000000000000e+02 5.730000000000000000e+02 
365.0
3.8276720759287777
14.375997069621377
11.416119773996115
1.5
5.740000000000000000e+02 5.750000000000000000e+02 5.760000000000000000e+02 5.770000000000000000e+02 5.780000000000000000e+02 5.790000000000000000e+02 6.910000000000000000e+02 6.930000000000000000e+02 6.950000000000000000e+02 
366.0
77.94162703825523
14.364444650255763
11.357023000342927
1.5
5.800000000000000000e+02 5.810000000000000000e+02 5.820000000000000000e+02 5.830000000000000000e+02 6.920000000000000000e+02 6.940000000000000000e+02 6.960000000000000000e+02 
367.0
73.8699371014182
14.221760801083974
10.643163580510745
1.5
5.840000000000000000e+02 5.850000000000000000e+02 6.970000000000000000e+02 
368.0
71.86952121257522
13.95471249770631
10.520231278141132
1.5
5.860000000000000000e+02 5.870000000000000000e+02 6.980000000000000000e+02 
369.0
69.80022084725437
13.639702882440929
10.30584482153752
1.5
5.880000000000000000e+02 
370.0
68.79619082243563
13.469174808247743
10.303573920610312
1.5
5.890000000000000000e+02 
371.0
67.7378023946035
13.290371618208042
9.878297078786296
1.5
5.900000000000000000e+02 
372.0
66.66459639623318
13.033436913660239
9.821891748653321
1.5
5.910000000000000000e+02 
373.0
65.66167142496236
12.785763213138836
9.846738930301697
1.5
5.920000000000000000e+02 
374.0
64.67682970869619
12.554455870599753
9.91625207360395
1.5
5.930000000000000000e+02 
375.0
63.603619474883004
12.30029690015516
9.915284333783674
1.5
5.940000000000000000e+02 
376.0
62.56678712723591
12.059525457024534
9.853689467055922
1.5
5.950000000000000000e+02 
377.0
61.58223218040513
11.830030563343797
9.918587586388362
1.5
5.960000000000000000e+02 
378.0
60.600271935716194
11.608897613180375
9.93948332671097
1.5
5.970000000000000000e+02 
379.0
59.5408412119367
11.352160128574582
9.88195180305459
1.5
5.980000000000000000e+02 
380.0
58.49023016644465
11.109052265923026
9.860421177433437
1.5
5.990000000000000000e+02 
381.0
57.51444928207624
10.887590404445632
9.842013140740498
1.5
6.000000000000000000e+02 
382.0
56.613091607894745
10.671012382129646
9.55767775862207
1.5
6.010000000000000000e+02 
383.0
55.63664131706
10.390634055583774
9.126490946054567
1.5
6.020000000000000000e+02 
384.0
54.58900966077553
10.000680778628578
9.058921854801554
1.5
6.030000000000000000e+02 
385.0
53.666376388059774
9.660535904931834
9.13704792165447
1.5
6.040000000000000000e+02 
386.0
52.79460265716227
9.314866659947654
9.136987596880019
1.5
6.050000000000000000e+02 7.950000000000000000e+02 
387.0
46.22841635277291
6.933083817143142
9.396266256272263
1.5
6.110000000000000000e+02 
388.0
45.27231137317645
6.603743549979669
9.337011173569124
1.5
6.120000000000000000e+02 
389.0
44.288836586849584
6.275291701861306
9.339162898654493
1.5
6.130000000000000000e+02 
390.0
43.460316077196836
5.992522855417036
9.616257323841474
1.5
6.140000000000000000e+02 7.900000000000000000e+02 
391.0
42.74057531851771
5.832352677728366
11.07572673382409
1.5
6.150000000000000000e+02 7.890000000000000000e+02 
392.0
42.08638338130143
5.832913750090199
10.99970231775783
1.5
6.160000000000000000e+02 6.170000000000000000e+02 
393.0
40.612074872222976
6.17604138529083
14.906181579267866
1.5
6.180000000000000000e+02 6.190000000000000000e+02 
394.0
39.20239210072279
7.212655785329801
15.10151755616269
1.5
6.200000000000000000e+02 6.210000000000000000e+02 6.220000000000000000e+02 3.000000000000000000e+00 
395.0
21.11277121505025
11.608483485489359
10.803416743894445
1.5
6.300000000000000000e+02 6.310000000000000000e+02 6.320000000000000000e+02 6.340000000000000000e+02 6.380000000000000000e+02 
396.0
2.3641786354122694
1.949760355744786
6.121477044032829
1.5
6.450000000000000000e+02 6.460000000000000000e+02 7.700000000000000000e+02 
397.0
79.56594624946337
68.86903633024488
2.2892528735991036
1.5
6.500000000000000000e+02 
398.0
79.93678938496134
65.7992918110343
1.53830346543225
1.5
6.510000000000000000e+02 
399.0
0.1279085636275994
64.79676260604828
0.11799876542387011
1.5
6.520000000000000000e+02 
400.0
0.5374108250102587
63.92156054236286
33.714362466488176
1.5
6.530000000000000000e+02 
401.0
1.9605911788339903
62.438107721407775
31.893978520995695
1.5
6.550000000000000000e+02 
402.0
7.05729149003453
34.235710189986136
34.004290480143666
1.5
6.580000000000000000e+02 
403.0
10.18319055035722
34.74440127476489
32.043151092503834
1.5
6.610000000000000000e+02 
404.0
10.852955014004852
34.26077063974881
31.933948987639965
1.5
6.620000000000000000e+02 
405.0
12.108925115288987
33.349421226428234
31.787166854066378
1.5
6.630000000000000000e+02 
406.0
13.372794576133753
32.45076729487708
31.166180123660105
1.5
6.640000000000000000e+02 
407.0
14.246422769105433
32.109917112890145
30.570343531673316
1.5
6.650000000000000000e+02 
408.0
16.241020504459446
30.91850962118855
30.887103721657336
1.5
6.660000000000000000e+02 
409.0
19.707089902858822
29.058349540043643
31.05664604379644
1.5
6.670000000000000000e+02 
410.0
23.224269203622537
27.141878888502912
31.24638799522631
1.5
6.680000000000000000e+02 
411.0
25.04632866203311
26.1932079682122
31.208050676111124
1.5
6.690000000000000000e+02 7.400000000000000000e+02 
412.0
25.97275257959465
25.72804311724465
30.760180404179657
1.5
6.700000000000000000e+02 7.380000000000000000e+02 7.390000000000000000e+02 
413.0
29.057810671111678
25.068641276189236
28.897264215257756
1.5
6.710000000000000000e+02 
414.0
33.90395254499617
26.159778778083943
26.99945044327072
1.5
6.720000000000000000e+02 
415.0
36.86512716266793
27.139186760490592
26.55424092160338
1.5
6.730000000000000000e+02 
416.0
39.088149694156655
28.3761712913898
26.217494393498413
1.5
6.740000000000000000e+02 
417.0
41.04329772104583
29.300692559058252
26.24596648813082
1.5
6.750000000000000000e+02 
418.0
42.078784372884314
29.81543099500226
26.347032412942067
1.5
6.760000000000000000e+02 
419.0
43.504668499682595
30.462833671758904
26.20655279268694
1.5
6.770000000000000000e+02 
420
13.261875020675365
32.918563379558144
10.546291629035522
1.5
6.780000000000000000e+02 
421
13.224098902449125
32.49852719071327
11.34629162903552
1.5
6.790000000000000000e+02 
422
13.19189714364401
32.05817698458676
12.885239661262077
2.750000000000001
6.800000000000000000e+02 8.730000000000000000e+02 8.740000000000000000e+02 
423
13.054269478920329
31.684054808653592
12.7411950005595
1.5
6.810000000000000000e+02 8.720000000000000000e+02 
424
12.785848849716768
30.854667322079543
12.624200184571421
1.5
6.820000000000000000e+02 
425
12.801308288406059
30.84167342296002
12.615607523916097
1.5
6.830000000000000000e+02 
426
12.591048516541715
30.15799592025696
13.110717508568456
1.5
6.840000000000000000e+02 
427
12.221565878931951
29.216028229673803
13.425800869767897
1.5
6.850000000000000000e+02 
428
11.640199248829493
27.947330781859158
13.073908988688004
1.5500000000000032
6.860000000000000000e+02 8.490000000000000000e+02 8.500000000000000000e+02 
429
10.920688596640726
25.92747718754601
12.214703921273554
4.250000000000006
6.870000000000000000e+02 6.880000000000000000e+02 8.430000000000000000e+02 8.440000000000000000e+02 8.450000000000000000e+02 8.460000000000000000e+02 
430
9.950807541780815
20.783200729701804
11.456919867014278
1.5
4.780000000000000000e+02 6.900000000000000000e+02 8.370000000000000000e+02 8.380000000000000000e+02 
431
5.483581794374324
36.733314618601014
2.97607822709778
1.5
6.990000000000000000e+02 
432
5.804606675674265
34.66333272492174
0.6714778067728346
1.5
7.000000000000000000e+02 
433
6.186048226964687
33.6509918116378
4.347214551951339
1.5
7.010000000000000000e+02 
434
5.864656510422996
32.70949692129014
2.54887563366308
1.5
7.020000000000000000e+02 
435
5.9163086587489
31.65618905654945
2.403779393814844
1.5
7.030000000000000000e+02 
436
5.9755447989038615
30.51360415162795
2.374279440569566
1.5
7.040000000000000000e+02 
437
6.031877885141
29.508197395114546
2.3849300638028694
1.5
7.050000000000000000e+02 
438
6.088327782369525
27.388897711679466
2.69479300203146
1.5
7.070000000000000000e+02 
439
6.082321425668553
26.256375298472157
3.0386444899262557
1.5
7.080000000000000000e+02 
440
6.021897683885541
25.3926749066966
3.2029792144977947
1.5
7.090000000000000000e+02 
441
5.941400268932586
24.45957727693895
3.402968261010244
1.5
7.100000000000000000e+02 
442
5.820980675337129
23.416007240584747
3.3006967566647063
1.5
7.110000000000000000e+02 
443
5.709399723459882
22.302550175014687
3.5754145270184523
1.5
7.120000000000000000e+02 
444
5.581866682590764
21.389166660367636
3.5481647957373
1.5
7.130000000000000000e+02 
445
5.460732860935046
20.474667459176487
3.3962524065821995
1.5
7.140000000000000000e+02 
446
4.5023981600650735
13.635615037789222
4.391080582401045
1.5
7.190000000000000000e+02 
447
4.256021543102005
12.728725701725551
4.405435173627303
1.5
7.200000000000000000e+02 
448
4.0237292934253865
11.819749701306364
3.6852803426080527
1.5
7.210000000000000000e+02 
449
3.8928464406256715
10.890447245435894
1.852531950423419
1.5
7.220000000000000000e+02 
450
4.051014394367105
10.059475968885607
0.2362665434796014
1.5
7.230000000000000000e+02 
451
4.354967743069537
9.427384645255103
33.17070370600911
1.5
7.240000000000000000e+02 
452
4.983858218715131
8.814033543883028
32.64566838809494
1.5
7.250000000000000000e+02 
453
5.910831737719313
8.075817874309962
32.421964762798325
1.5
7.260000000000000000e+02 
454
6.923451170147782
7.319393336620266
32.388588336409526
1.5
7.270000000000000000e+02 7.280000000000000000e+02 
455
8.56337585996327
6.111338929072389
32.37456226945671
1.5
7.290000000000000000e+02 7.300000000000000000e+02 
456
11.254715159866496
4.192543067888252
32.79571406767179
1.5
7.310000000000000000e+02 7.320000000000000000e+02 
457
12.575905117309556
2.991799592425906
32.96704966588917
1.5
7.330000000000000000e+02 7.340000000000000000e+02 
458
14.269611643429453
1.3372500778228584
33.338430810677906
1.5
7.350000000000000000e+02 
459
15.000531002798535
0.5969830021071942
33.903934522501046
1.5
7.360000000000000000e+02 7.370000000000000000e+02 
460
18.332481423146586
76.13353574834414
34.91780190970833
1.5
7.410000000000000000e+02 7.420000000000000000e+02 
461
56.80587202219432
34.594374085983965
4.042631527932954
1.5
7.430000000000000000e+02 7.440000000000000000e+02 
462
56.37138106054813
32.56687087996343
3.76373870661574
1.5
7.450000000000000000e+02 
463
17.46620279068927
28.28618966168871
12.943876025853172
1.5
7.460000000000000000e+02 7.470000000000000000e+02 
464
12.305832539340539
29.94341802197335
13.110600265178725
1.5
7.490000000000000000e+02 
465
11.280280624275736
30.256017960230118
13.059087864765388
1.5
7.500000000000000000e+02 
466
10.312694657392885
30.527545199015943
13.012553487156971
1.5
7.510000000000000000e+02 
467
7.982751499196457
31.095029107358584
12.937961748036763
1.5
7.520000000000000000e+02 
468
6.9691171222618635
31.33104202032718
13.329844474181527
1.5
7.530000000000000000e+02 
469
4.851673387058959
32.115383768031094
13.96394727561578
1.5
7.550000000000000000e+02 
470
79.1940647407803
35.86775171154534
15.642762384660443
1.5
7.580000000000000000e+02 7.590000000000000000e+02 
471
4.138286587159737
48.78214975593303
19.252417164045852
1.5
7.610000000000000000e+02 
472
11.93809196722545
65.12795627324697
25.141164881407988
1.5
7.670000000000000000e+02 7.680000000000000000e+02 7.690000000000000000e+02 
473
15.747596555519454
67.3867233373054
26.759065166119022
1.5
7.710000000000000000e+02 7.720000000000000000e+02 
474
45.23469617311892
66.16416871768963
30.17421510664139
1.5
7.870000000000000000e+02 
475
53.31546940251691
63.073586568807706
31.67518991068738
1.5
7.880000000000000000e+02 
476
58.502036417671626
61.189238177147445
24.777000593225655
1.5
7.910000000000000000e+02 
477
51.000723200890064
28.064067417077766
30.81018704438429
1.5
7.960000000000000000e+02 
478
52.04557235104336
27.71260284045153
30.667130800057514
1.5
7.970000000000000000e+02 
479
53.025937334719345
27.42814257313533
30.562010311786928
1.5
7.980000000000000000e+02 
480
53.99629436097703
27.167770400066253
30.531754506847342
1.5
7.990000000000000000e+02 
481
55.14683188226623
26.867900455703705
30.49544941614678
1.5
8.000000000000000000e+02 
482
56.204038832277945
26.603813103635577
30.49259067520375
1.5
8.010000000000000000e+02 
483
57.227267166117805
26.380758076902406
30.503090979980655
1.5
8.020000000000000000e+02 
484
58.2277794853988
26.15857068650458
30.170473177693175
1.5
8.030000000000000000e+02 
485
59.28231851097779
25.953010786167408
30.439725558540673
1.5
8.040000000000000000e+02 
486
61.33809848643847
25.421897085217672
28.993170777067014
1.5
8.050000000000000000e+02 
487
61.73987897739168
25.478121564276854
28.83040732177178
1.5
8.060000000000000000e+02 
488
62.911439573568536
25.48816859156649
29.09540632995394
1.5
8.070000000000000000e+02 
489
63.944243170251866
25.427247651662586
28.958702832464564
1.5
8.080000000000000000e+02 
490
64.9544224860162
25.35589549418527
29.143509629020173
1.5
8.090000000000000000e+02 
491
66.06015588398154
25.2226832895903
29.157088695325754
1.5
8.100000000000000000e+02 8.110000000000000000e+02 
492
68.13691339445737
25.03665833470589
29.14567487332031
1.5
8.120000000000000000e+02 8.130000000000000000e+02 
493
70.1994432445417
25.020860957852882
29.07221382932914
1.5
8.140000000000000000e+02 8.150000000000000000e+02 
494
72.43026538692382
25.04276930120696
29.15987036802572
1.5
8.160000000000000000e+02 8.170000000000000000e+02 
495
74.5462143106248
24.99453902988612
29.449959586541322
1.5
8.180000000000000000e+02 8.190000000000000000e+02 8.200000000000000000e+02 
496
77.76310442598982
24.77870054013722
28.996198614498454
1.5
8.210000000000000000e+02 8.220000000000000000e+02 8.230000000000000000e+02 8.240000000000000000e+02 8.250000000000000000e+02 8.260000000000000000e+02 8.270000000000000000e+02 
497
5.171797833145824
24.9826135018371
28.583950748981955
1.5
8.280000000000000000e+02 8.290000000000000000e+02 8.300000000000000000e+02 8.310000000000000000e+02 8.320000000000000000e+02 8.330000000000000000e+02 8.340000000000000000e+02 
498
16.492681485584352
25.46907183531249
27.8902302134295
1.5
8.390000000000000000e+02 8.400000000000000000e+02 8.410000000000000000e+02 8.420000000000000000e+02 
499
22.34533866866921
26.41679191041395
27.99963912274918
1.5
8.470000000000000000e+02 8.480000000000000000e+02 8.510000000000000000e+02 8.520000000000000000e+02 8.530000000000000000e+02 8.540000000000000000e+02 8.550000000000000000e+02 8.560000000000000000e+02 8.570000000000000000e+02 8.580000000000000000e+02 8.590000000000000000e+02 
500
23.543774168016885
26.556163329599396
27.8133606281423
1.5
8.600000000000000000e+02 8.610000000000000000e+02 8.620000000000000000e+02 8.630000000000000000e+02 
501
24.473831537735936
26.734904732093867
27.83535685556731
1.5
8.640000000000000000e+02 8.650000000000000000e+02 
502
25.127686193551018
26.858595029650928
27.669567463211934
1.5
8.660000000000000000e+02 8.670000000000000000e+02 
503
25.88553393885257
27.0133040356555
27.758758951818958
1.5
8.680000000000000000e+02 
504
26.37239924861326
27.100809726017772
27.66113947467948
1.5
8.690000000000000000e+02 8.700000000000000000e+02 
505
26.956775432822408
27.19746922390183
27.833361623908775
1.5
8.710000000000000000e+02 
506
28.237547893716663
27.34890263491095
27.895752811861826
1.5
8.750000000000000000e+02 
507
28.339878057535852
27.367019541220472
26.591899957386687
1.5
8.760000000000000000e+02 
508
28.418309562103783
27.40392543667575
24.167275710590555
1.5
8.770000000000000000e+02 
-
121.0

