0
-0.147118563605
-0.857468461854
-0.68077667512
0
0.000000000000000000e+00 

0
-1
-1
1
-0.155074565808
-0.824667898537
1.84209773711
0
1.000000000000000000e+00 
0.000000000000000000e+00 
0
-1
-1
2
-0.162277924562
-0.800818795788
1.88056791299
1
2.000000000000000000e+00 
1.000000000000000000e+00 4.010000000000000000e+02 
0
-1
-1
3
-0.173541609754
-0.768221909996
1.91383365263
1
3.000000000000000000e+00 4.020000000000000000e+02 
2.000000000000000000e+00 
0
-1
-1
4
-0.188464776032
-0.731510877284
1.95072959751
2
4.000000000000000000e+00 
3.000000000000000000e+00 4.030000000000000000e+02 
0
-1
-1
5
-0.197267388428
-0.708450115989
1.95942730793
2
5.000000000000000000e+00 
4.000000000000000000e+00 
0
-1
-1
6
-0.202991437129
-0.694903888942
1.9708962392
3
6.000000000000000000e+00 
5.000000000000000000e+00 
0
-1
-1
7
-0.216545566836
-0.663004090596
1.98142013342
3
7.000000000000000000e+00 4.040000000000000000e+02 
6.000000000000000000e+00 
0
-1
-1
8
-0.227158825849
-0.639363671379
1.98978887216
4
8.000000000000000000e+00 
7.000000000000000000e+00 
0
-1
-1
9
-0.242882875196
-0.605106389477
2.01846733649
4
9.000000000000000000e+00 4.070000000000000000e+02 
8.000000000000000000e+00 4.060000000000000000e+02 
0
-1
-1
10
-0.244608294522
-0.602281445743
2.03092140919
5
1.000000000000000000e+01 
9.000000000000000000e+00 
0
-1
-1
11
-0.260380775016
-0.570697682806
2.04491931087
6
1.100000000000000000e+01 
1.000000000000000000e+01 
0
-1
-1
12
-0.272104486026
-0.548211126002
2.0597713912
7
1.200000000000000000e+01 
1.100000000000000000e+01 
0
-1
-1
13
-0.281888527219
-0.530179532023
2.07287746455
8
1.300000000000000000e+01 
1.200000000000000000e+01 
0
-1
-1
14
-0.28950591174
-0.516657317872
2.08513734297
9
1.400000000000000000e+01 
1.300000000000000000e+01 
0
-1
-1
15
-0.299749420564
-0.498814650945
2.09830083624
10
1.500000000000000000e+01 
1.400000000000000000e+01 
0
-1
-1
16
-0.310192631443
-0.481256914871
2.11496775195
11
1.600000000000000000e+01 
1.500000000000000000e+01 
0
-1
-1
17
-0.318357640924
-0.468042523149
2.12723789558
12
1.700000000000000000e+01 
1.600000000000000000e+01 
0
-1
-1
18
-0.329465688261
-0.450590162459
2.14476107057
13
1.800000000000000000e+01 
1.700000000000000000e+01 
0
-1
-1
19
-0.34087668592
-0.433508589997
2.17013707838
14
1.900000000000000000e+01 
1.800000000000000000e+01 
0
-1
-1
20
-0.352749465609
-0.416738513154
2.20341571862
15
2.000000000000000000e+01 
1.900000000000000000e+01 
0
-1
-1
21
-0.362076555707
-0.404293251406
2.22444678907
16
2.100000000000000000e+01 
2.000000000000000000e+01 
0
-1
-1
22
-0.371825109588
-0.39191507437
2.25163008578
17
2.200000000000000000e+01 
2.100000000000000000e+01 
0
-1
-1
23
-0.38827406333
-0.372221598092
2.28841540319
18
2.300000000000000000e+01 
2.200000000000000000e+01 
0
-1
-1
24
-0.412091249131
-0.345949067574
2.33825253416
18
2.400000000000000000e+01 
2.300000000000000000e+01 
0
-1
-1
25
-0.416087097443
-0.34186162466
2.35144127009
19
2.500000000000000000e+01 
2.400000000000000000e+01 4.240000000000000000e+02 
0
-1
-1
26
-0.437183426746
-0.321748328785
2.39199267494
20
2.600000000000000000e+01 4.250000000000000000e+02 
2.500000000000000000e+01 
0
-1
-1
27
-0.451818082386
-0.308464215647
2.40964090346
21
2.700000000000000000e+01 4.260000000000000000e+02 
2.600000000000000000e+01 
0
-1
-1
28
-0.460227816249
-0.301086347208
2.43018300862
22
2.800000000000000000e+01 
2.700000000000000000e+01 4.270000000000000000e+02 
0
-1
-1
29
-0.464529082242
-0.297568970321
2.44221416862
23
2.900000000000000000e+01 
2.800000000000000000e+01 4.280000000000000000e+02 
0
-1
-1
30
-0.48840698648
-0.278456355978
2.48409800971
24
3.000000000000000000e+01 
2.900000000000000000e+01 
0
-1
-1
31
-0.504366761786
-0.266590587318
2.50704586879
25
3.100000000000000000e+01 4.290000000000000000e+02 
3.000000000000000000e+01 
0
-1
-1
32
-0.524585019605
-0.252230084883
2.56267345831
25
3.200000000000000000e+01 
3.100000000000000000e+01 
0
-1
-1
33
-0.528992561579
-0.24973709875
2.57776998326
26
3.300000000000000000e+01 
3.200000000000000000e+01 4.290000000000000000e+02 
0
-1
-1
34
-0.558977121936
-0.232150015084
2.63206523133
26
3.400000000000000000e+01 
3.300000000000000000e+01 
0
-1
-1
35
-0.567930061852
-0.227529850815
2.65590879579
27
3.500000000000000000e+01 
3.400000000000000000e+01 
0
-1
-1
36
-0.599027475038
-0.211630037094
2.68145027003
27
3.600000000000000000e+01 
3.500000000000000000e+01 
0
-1
-1
37
-0.603684041072
-0.209587242057
2.68778924767
28
3.700000000000000000e+01 
3.600000000000000000e+01 
0
-1
-1
38
-0.63520712556
-0.194312569135
2.69672532277
28
3.800000000000000000e+01 
3.700000000000000000e+01 
0
-1
-1
39
-0.639852584017
-0.192369750441
2.70305808999
29
3.900000000000000000e+01 4.300000000000000000e+02 
3.800000000000000000e+01 
0
-1
-1
40
-0.669860571828
-0.178303313675
2.70313312752
30
4.000000000000000000e+01 
3.900000000000000000e+01 4.310000000000000000e+02 
0
-1
-1
41
-0.69977155812
-0.164329924238
2.70382873161
31
4.100000000000000000e+01 
4.000000000000000000e+01 
0
-1
-1
42
-0.722549891609
-0.153623681294
2.6979962524
32
4.200000000000000000e+01 4.320000000000000000e+02 
4.100000000000000000e+01 
0
-1
-1
43
-0.752306174868
-0.138898696772
2.67704786822
33
4.300000000000000000e+01 
4.200000000000000000e+01 4.330000000000000000e+02 
0
-1
-1
44
-0.764499255112
-0.133309882738
2.68260249355
34
4.400000000000000000e+01 
4.300000000000000000e+01 
0
-1
-1
45
-0.777907271741
-0.126810048667
2.67840049552
35
4.500000000000000000e+01 
4.400000000000000000e+01 
0
-1
-1
46
-0.791239139898
-0.120280663218
2.67249265919
36
4.600000000000000000e+01 4.340000000000000000e+02 
4.500000000000000000e+01 
0
-1
-1
47
-0.816079165834
-0.107340791388
2.65405314802
37
4.700000000000000000e+01 4.360000000000000000e+02 
4.600000000000000000e+01 4.350000000000000000e+02 
0
-1
-1
48
-0.851105138976
-0.0885212022884
2.6436316282
38
4.800000000000000000e+01 
4.700000000000000000e+01 4.370000000000000000e+02 
0
-1
-1
49
-0.86595331255
-0.0811509840452
2.6657126348
39
4.900000000000000000e+01 4.380000000000000000e+02 
4.800000000000000000e+01 
0
-1
-1
50
-0.884991684933
-0.0682772438461
2.66225141969
40
5.000000000000000000e+01 
4.900000000000000000e+01 
0
-1
-1
51
-0.901307554224
-0.0585968184405
2.66236610981
41
5.100000000000000000e+01 
5.000000000000000000e+01 
0
-1
-1
52
-0.917488877469
-0.0489938608588
2.66337376535
42
5.200000000000000000e+01 
5.100000000000000000e+01 
0
-1
-1
53
-0.933651270167
-0.0393656340079
2.6626242222
43
5.300000000000000000e+01 
5.200000000000000000e+01 
0
-1
-1
54
-0.943911820964
-0.0325994344045
2.64351731871
44
5.400000000000000000e+01 
5.300000000000000000e+01 
0
-1
-1
55
-0.958156186693
-0.0230284720185
2.61565289569
45
5.500000000000000000e+01 
5.400000000000000000e+01 
0
-1
-1
56
-0.969689001269
-0.0149728338719
2.61138079655
46
5.600000000000000000e+01 
5.500000000000000000e+01 
0
-1
-1
57
-0.98126781662
-0.00690912271669
2.61845086731
47
5.700000000000000000e+01 
5.600000000000000000e+01 
0
-1
-1
58
-0.988373036219
-0.00161050033174
2.62901295676
48
5.800000000000000000e+01 
5.700000000000000000e+01 
0
-1
-1
59
-0.995588027262
0.00368380636116
2.63431691644
49
5.900000000000000000e+01 
5.800000000000000000e+01 
0
-1
-1
60
-1.00279813005
0.00897392577847
2.6317626008
50
6.000000000000000000e+01 
5.900000000000000000e+01 
0
-1
-1
61
-1.00990116749
0.0142375160509
2.6274498672
51
6.100000000000000000e+01 
6.000000000000000000e+01 
0
-1
-1
62
-1.01712786054
0.0195738242512
2.62662857604
52
6.200000000000000000e+01 
6.100000000000000000e+01 
0
-1
-1
63
-1.02864199477
0.0273709780182
2.62229859076
53
6.300000000000000000e+01 
6.200000000000000000e+01 
0
-1
-1
64
-1.03581885176
0.0328678003583
2.60660977797
54
6.400000000000000000e+01 
6.300000000000000000e+01 
0
-1
-1
65
-1.04697691849
0.0409492423741
2.59176200748
55
6.500000000000000000e+01 
6.400000000000000000e+01 
0
-1
-1
66
-1.05391989409
0.0467074138438
2.56905515236
56
6.600000000000000000e+01 
6.500000000000000000e+01 
0
-1
-1
67
-1.06482272501
0.0554410131118
2.53933908903
57
6.700000000000000000e+01 
6.600000000000000000e+01 
0
-1
-1
68
-1.07141392961
0.0615206005459
2.52361369728
58
6.800000000000000000e+01 
6.700000000000000000e+01 
0
-1
-1
69
-1.07798967434
0.0677809319288
2.50957886034
59
6.900000000000000000e+01 
6.800000000000000000e+01 
0
-1
-1
70
-1.08448346041
0.0741394072777
2.49728446497
60
7.000000000000000000e+01 
6.900000000000000000e+01 
0
-1
-1
71
-1.08686368392
0.0774691600667
2.49198040146
61
7.100000000000000000e+01 
7.000000000000000000e+01 
0
-1
-1
72
-1.09325079184
0.0839413362125
2.47971656371
62
7.200000000000000000e+01 
7.100000000000000000e+01 
0
-1
-1
73
-1.09951363837
0.0904777806367
2.46569284928
63
7.300000000000000000e+01 
7.200000000000000000e+01 
0
-1
-1
74
-1.10566101055
0.0969851388272
2.46300915942
64
7.400000000000000000e+01 
7.300000000000000000e+01 
0
-1
-1
75
-1.1118519587
0.103663262924
2.44806539914
65
7.500000000000000000e+01 
7.400000000000000000e+01 
0
-1
-1
76
-1.11791048788
0.110331179138
2.44446147724
66
7.600000000000000000e+01 
7.500000000000000000e+01 
0
-1
-1
77
-1.1240673868
0.117101520862
2.44259730636
67
7.700000000000000000e+01 
7.600000000000000000e+01 
0
-1
-1
78
-1.12999649178
0.123740498035
2.43727280298
68
7.800000000000000000e+01 
7.700000000000000000e+01 
0
-1
-1
79
-1.13613471789
0.130582791258
2.43538788752
69
7.900000000000000000e+01 
7.800000000000000000e+01 
0
-1
-1
80
-1.13836879765
0.134129481538
2.43349248434
70
8.000000000000000000e+01 
7.900000000000000000e+01 
0
-1
-1
81
-1.13741926696
0.134920851639
2.58078652177
71
8.100000000000000000e+01 
8.000000000000000000e+01 
0
-1
-1
82
-1.13587005958
0.135246877012
2.67311993214
72
8.200000000000000000e+01 
8.100000000000000000e+01 
0
-1
-1
83
-1.13431522718
0.135565080205
2.76804265184
73
8.300000000000000000e+01 
8.200000000000000000e+01 
0
-1
-1
84
-1.13270732767
0.135859503762
2.8647046213
74
8.400000000000000000e+01 
8.300000000000000000e+01 
0
-1
-1
85
-1.1312395362
0.136179699775
2.95870578505
75
8.500000000000000000e+01 
8.400000000000000000e+01 
0
-1
-1
86
-1.12961764249
0.136472303502
3.10159609173
76
8.600000000000000000e+01 
8.500000000000000000e+01 
0
-1
-1
87
-1.12799004064
0.136761660441
-3.08585981308
77
8.700000000000000000e+01 
8.600000000000000000e+01 
0
-1
-1
88
-1.12645627626
0.137034684058
-2.99184135811
78
8.800000000000000000e+01 
8.700000000000000000e+01 
0
-1
-1
89
-1.12491597453
0.137294944608
-2.89783388946
79
8.900000000000000000e+01 
8.800000000000000000e+01 
0
-1
-1
90
-1.1233208184
0.137556968545
-2.85098744188
80
9.000000000000000000e+01 
8.900000000000000000e+01 
0
-1
-1
91
-1.12168096619
0.137842307105
-2.46385204593
81
9.100000000000000000e+01 
9.000000000000000000e+01 
0
-1
-1
92
-1.12007404245
0.1380879114
-2.37167772799
82
9.200000000000000000e+01 
9.100000000000000000e+01 
0
-1
-1
93
-1.11849525351
0.138288644986
-2.27511451021
83
9.300000000000000000e+01 
9.200000000000000000e+01 
0
-1
-1
94
-1.11684608681
0.138557410605
-2.22831241057
84
9.400000000000000000e+01 
9.300000000000000000e+01 
0
-1
-1
95
-1.11522136705
0.138778169279
-2.17977144281
85
9.500000000000000000e+01 
9.400000000000000000e+01 
0
-1
-1
96
-1.1135376569
0.139075382802
-2.13384161649
86
9.600000000000000000e+01 
9.500000000000000000e+01 
0
-1
-1
97
-1.11190099798
0.139279467366
-2.08617293694
87
9.700000000000000000e+01 
9.600000000000000000e+01 
0
-1
-1
98
-1.11025835369
0.13947519132
-2.04201540533
88
9.800000000000000000e+01 
9.700000000000000000e+01 
0
-1
-1
99
-1.10865067826
0.139571317407
-1.9970190186
89
9.900000000000000000e+01 
9.800000000000000000e+01 
0
-1
-1
100
-1.10699604392
0.139750289167
-1.95113376952
90
1.000000000000000000e+02 
9.900000000000000000e+01 
0
-1
-1
101
-1.10533540794
0.139920874968
-1.85380964672
91
1.010000000000000000e+02 
1.000000000000000000e+02 
0
-1
-1
102
-1.10366876865
0.140083072285
-1.75734663465
92
1.020000000000000000e+02 
1.010000000000000000e+02 
0
-1
-1
103
-1.1019961264
0.140236881619
-1.71239471362
93
1.030000000000000000e+02 
1.020000000000000000e+02 
0
-1
-1
104
-1.10031748359
0.140382306496
-1.66570385985
94
1.040000000000000000e+02 
1.030000000000000000e+02 
0
-1
-1
105
-1.09877709854
0.135971640752
-1.60682404545
95
1.050000000000000000e+02 
1.040000000000000000e+02 
0
-1
-1
106
-1.09718745844
0.125551001104
-1.57845523847
96
1.060000000000000000e+02 
1.050000000000000000e+02 
0
-1
-1
107
-1.09540919206
0.119872998793
-1.34164740291
97
1.070000000000000000e+02 
1.060000000000000000e+02 
0
-1
-1
108
-1.08947444782
0.106378931699
-1.26355049878
98
1.080000000000000000e+02 
1.070000000000000000e+02 
0
-1
-1
109
-1.08187672819
0.0873250113412
-1.32161448209
99
1.090000000000000000e+02 
1.080000000000000000e+02 
0
-1
-1
110
-1.07762656543
0.0741152501475
-1.42418930492
100
1.100000000000000000e+02 
1.090000000000000000e+02 
0
-1
-1
111
-1.07464613076
0.0607146491253
-1.51367491545
101
1.110000000000000000e+02 
1.100000000000000000e+02 
0
-1
-1
112
-1.07292156332
0.047397405583
-1.609271258
102
1.120000000000000000e+02 
1.110000000000000000e+02 
0
-1
-1
113
-1.07166055932
0.0408842965103
-1.65862827306
103
1.130000000000000000e+02 
1.120000000000000000e+02 
0
-1
-1
114
-1.07178746154
0.0277300322935
-1.74814589735
104
1.140000000000000000e+02 
1.130000000000000000e+02 
0
-1
-1
115
-1.07312563427
0.0144878466552
-1.83417406387
105
1.150000000000000000e+02 
1.140000000000000000e+02 
0
-1
-1
116
-1.07563765693
0.00177769274747
-1.93156270194
106
1.160000000000000000e+02 
1.150000000000000000e+02 
0
-1
-1
117
-1.07935037382
-0.0104735164939
-2.02721173724
107
1.170000000000000000e+02 
1.160000000000000000e+02 
0
-1
-1
118
-1.08244005638
-0.0193081354266
-2.09757109192
108
1.180000000000000000e+02 
1.170000000000000000e+02 
0
-1
-1
119
-1.08903392481
-0.0319255409188
-2.18104068456
109
1.190000000000000000e+02 
1.180000000000000000e+02 
0
-1
-1
120
-1.10677833317
-0.0585096886785
-2.27852043033
109
1.200000000000000000e+02 
1.190000000000000000e+02 
0
-1
-1
121
-1.10953622512
-0.0634506040356
-2.32796024097
110
1.210000000000000000e+02 
1.200000000000000000e+02 
0
-1
-1
122
-1.11865772395
-0.0737673112272
-2.40881002487
111
1.220000000000000000e+02 
1.210000000000000000e+02 
0
-1
-1
123
-1.13675340767
-0.0912372682733
-2.46356968716
112
1.230000000000000000e+02 
1.220000000000000000e+02 
0
-1
-1
124
-1.1472093705
-0.100110115178
-2.53748912972
113
1.240000000000000000e+02 
1.230000000000000000e+02 
0
-1
-1
125
-1.16892481676
-0.115527341504
-2.63061825125
114
1.250000000000000000e+02 
1.240000000000000000e+02 
0
-1
-1
126
-1.17597748689
-0.120033071473
-2.69930694735
115
1.260000000000000000e+02 
1.250000000000000000e+02 
0
-1
-1
127
-1.20447862721
-0.133763661815
-2.79075511055
115
1.270000000000000000e+02 4.530000000000000000e+02 
1.260000000000000000e+02 4.520000000000000000e+02 
0
-1
-1
128
-1.2149890289
-0.144338719875
-2.68478133891
116
1.280000000000000000e+02 
1.270000000000000000e+02 
0
-1
-1
129
-1.2490324609
-0.161945934012
-2.65738303011
116
1.290000000000000000e+02 
1.280000000000000000e+02 4.540000000000000000e+02 
0
-1
-1
130
-1.26356464056
-0.166954723998
-2.73771071037
117
1.300000000000000000e+02 
1.290000000000000000e+02 
0
-1
-1
131
-1.29757592978
-0.180145188882
-2.80664008945
117
1.310000000000000000e+02 
1.300000000000000000e+02 
0
-1
-1
132
-1.31151806451
-0.185743394036
-2.82407933208
118
1.320000000000000000e+02 
1.310000000000000000e+02 
0
-1
-1
133
-1.34447702432
-0.196688565907
-2.8545784852
118
1.330000000000000000e+02 4.550000000000000000e+02 
1.320000000000000000e+02 
0
-1
-1
134
-1.36593975644
-0.202759703635
-2.88258248353
119
1.340000000000000000e+02 
1.330000000000000000e+02 
0
-1
-1
135
-1.39823079423
-0.211106501284
-2.9139989437
119
1.350000000000000000e+02 
1.340000000000000000e+02 4.560000000000000000e+02 
0
-1
-1
136
-1.42349854298
-0.217863001472
-2.93490030954
120
1.360000000000000000e+02 
1.350000000000000000e+02 
0
-1
-1
137
-1.45740725785
-0.225299506985
-2.95844922654
120
1.370000000000000000e+02 
1.360000000000000000e+02 
0
-1
-1
138
-1.47678488898
-0.229630873073
-2.96980818438
121
1.380000000000000000e+02 
1.370000000000000000e+02 
0
-1
-1
139
-1.51072816577
-0.235956791154
-2.98637720779
121
1.390000000000000000e+02 
1.380000000000000000e+02 
0
-1
-1
140
-1.5300685463
-0.239860732269
-2.9907563185
122
1.400000000000000000e+02 
1.390000000000000000e+02 
0
-1
-1
141
-1.56434414838
-0.24562144126
-2.99599553529
122
1.410000000000000000e+02 4.570000000000000000e+02 
1.400000000000000000e+02 
0
-1
-1
142
-1.596816202
-0.251916158151
-2.97177647097
123
1.420000000000000000e+02 
1.410000000000000000e+02 4.580000000000000000e+02 
0
-1
-1
143
-1.62317606406
-0.254828614719
-3.03024033459
123
1.430000000000000000e+02 4.590000000000000000e+02 
1.420000000000000000e+02 
0
-1
-1
144
-1.63758722227
-0.257517013088
-3.01763363463
124
1.440000000000000000e+02 
1.430000000000000000e+02 
0
-1
-1
145
-1.67203039664
-0.262945423861
-2.99788034281
125
1.450000000000000000e+02 
1.440000000000000000e+02 
0
-1
-1
146
-1.70104593441
-0.268541483661
-2.96673726563
126
1.460000000000000000e+02 
1.450000000000000000e+02 
0
-1
-1
147
-1.71054697089
-0.27139373416
-2.94955442082
127
1.470000000000000000e+02 
1.460000000000000000e+02 
0
-1
-1
148
-1.72969595646
-0.276480142817
-2.91843182292
128
1.480000000000000000e+02 
1.470000000000000000e+02 
0
-1
-1
149
-1.74394425024
-0.281025293749
-2.88991948332
129
1.490000000000000000e+02 
1.480000000000000000e+02 
0
-1
-1
150
-1.75312223372
-0.284609807674
-2.86751741022
130
1.500000000000000000e+02 
1.490000000000000000e+02 
0
-1
-1
151
-1.75763698209
-0.287043372962
-2.85477560862
131
1.510000000000000000e+02 
1.500000000000000000e+02 
0
-1
-1
152
-1.7669160395
-0.290991819132
-2.83504408032
132
1.520000000000000000e+02 
1.510000000000000000e+02 
0
-1
-1
153
-1.77137624
-0.293593179614
-2.81972282393
133
1.530000000000000000e+02 
1.520000000000000000e+02 
0
-1
-1
154
-1.77084068382
-0.294574688108
-2.66916183485
134
1.540000000000000000e+02 
1.530000000000000000e+02 
0
-1
-1
155
-1.77892874186
-0.300605158976
-2.58836110529
135
1.550000000000000000e+02 
1.540000000000000000e+02 
0
-1
-1
156
-1.78703953122
-0.306979275561
-2.56347062426
136
1.560000000000000000e+02 
1.550000000000000000e+02 
0
-1
-1
157
-1.79512183174
-0.313669235718
-2.53594037759
137
1.570000000000000000e+02 
1.560000000000000000e+02 
0
-1
-1
158
-1.7988762502
-0.317562361514
-2.52152034788
138
1.580000000000000000e+02 
1.570000000000000000e+02 
0
-1
-1
159
-1.80652662564
-0.324428437242
-2.49661051457
139
1.590000000000000000e+02 
1.580000000000000000e+02 
0
-1
-1
160
-1.81403669441
-0.331479616515
-2.4717108539
140
1.600000000000000000e+02 
1.590000000000000000e+02 
0
-1
-1
161
-1.81464570358
-0.333311565874
-2.3700713389
141
1.610000000000000000e+02 
1.600000000000000000e+02 
0
-1
-1
162
-1.81441169809
-0.334433813322
-2.26844193944
142
1.620000000000000000e+02 
1.610000000000000000e+02 
0
-1
-1
163
-1.82628633756
-0.350710613844
-2.22097262216
143
1.630000000000000000e+02 
1.620000000000000000e+02 
0
-1
-1
164
-1.84337512393
-0.37631662895
-2.14551335055
144
1.640000000000000000e+02 
1.630000000000000000e+02 
0
-1
-1
165
-1.85347579407
-0.3942659001
-2.09626408487
145
1.650000000000000000e+02 
1.640000000000000000e+02 
0
-1
-1
166
-1.8627407515
-0.412643540573
-2.04877478221
146
1.660000000000000000e+02 
1.650000000000000000e+02 
0
-1
-1
167
-1.87109872906
-0.431546058357
-1.99519539647
147
1.670000000000000000e+02 
1.660000000000000000e+02 
0
-1
-1
168
-1.8804486258
-0.455375516172
-1.93987587835
148
1.680000000000000000e+02 
1.670000000000000000e+02 
0
-1
-1
169
-1.89142792412
-0.48932954799
-1.86096617538
148
1.690000000000000000e+02 
1.680000000000000000e+02 
0
-1
-1
170
-1.89251952238
-0.495170906971
-1.8414162319
149
1.700000000000000000e+02 
1.690000000000000000e+02 
0
-1
-1
171
-1.89990034791
-0.53019500618
-1.76157598907
149
1.710000000000000000e+02 
1.700000000000000000e+02 
0
-1
-1
172
-1.90150097164
-0.541049376435
-1.74819538487
150
1.720000000000000000e+02 
1.710000000000000000e+02 
0
-1
-1
173
-1.90670935854
-0.576393709437
-1.69987435413
151
1.730000000000000000e+02 
1.720000000000000000e+02 
0
-1
-1
174
-1.911652337
-0.610293090708
-1.79296282849
152
1.740000000000000000e+02 
1.730000000000000000e+02 
0
-1
-1
175
-1.91848804635
-0.638714620889
-1.81276073648
153
1.750000000000000000e+02 
1.740000000000000000e+02 
0
-1
-1
176
-1.9252650462
-0.668646027758
-1.80031800346
154
1.760000000000000000e+02 
1.750000000000000000e+02 
0
-1
-1
177
-1.93008092796
-0.689112486324
-1.86113455165
155
1.770000000000000000e+02 
1.760000000000000000e+02 
0
-1
-1
178
-1.93556384169
-0.709084636718
-1.85651030017
156
1.780000000000000000e+02 
1.770000000000000000e+02 
0
-1
-1
179
-1.93954721961
-0.724442870669
-1.85184516502
157
1.790000000000000000e+02 
1.780000000000000000e+02 
0
-1
-1
180
-1.94525375074
-0.744232109495
-1.91618905912
158
1.800000000000000000e+02 
1.790000000000000000e+02 
0
-1
-1
181
-1.9514994578
-0.76368875223
-1.8950418923
159
1.810000000000000000e+02 
1.800000000000000000e+02 
0
-1
-1
182
-1.95592250657
-0.778749581548
-1.88350357133
160
1.820000000000000000e+02 
1.810000000000000000e+02 
0
-1
-1
183
-1.96028466072
-0.794040857027
-1.87547399993
161
1.830000000000000000e+02 
1.820000000000000000e+02 
0
-1
-1
184
-1.96452869503
-0.809264786152
-1.86915307881
162
1.840000000000000000e+02 
1.830000000000000000e+02 
0
-1
-1
185
-1.97019269047
-0.829178538668
-1.86634070566
163
1.850000000000000000e+02 
1.840000000000000000e+02 
0
-1
-1
186
-1.97592990754
-0.849173710188
-1.87133677519
164
1.860000000000000000e+02 
1.850000000000000000e+02 
0
-1
-1
187
-1.98170053257
-0.869053059327
-1.87459117913
165
1.870000000000000000e+02 
1.860000000000000000e+02 
0
-1
-1
188
-1.98754124547
-0.888857037302
-1.87790380629
166
1.880000000000000000e+02 
1.870000000000000000e+02 
0
-1
-1
189
-1.99200185824
-0.90421971818
-1.88467454255
167
1.890000000000000000e+02 
1.880000000000000000e+02 
0
-1
-1
190
-1.99490074002
-0.914621649486
-1.88890327088
168
1.900000000000000000e+02 
1.890000000000000000e+02 
0
-1
-1
191
-1.99940682993
-0.929758068899
-1.8904898714
169
1.910000000000000000e+02 
1.900000000000000000e+02 
0
-1
-1
192
-2.00404011166
-0.944850790841
-1.90078422138
170
1.920000000000000000e+02 
1.910000000000000000e+02 
0
-1
-1
193
-2.00866633079
-0.959840032424
-1.90153619527
171
1.930000000000000000e+02 
1.920000000000000000e+02 
0
-1
-1
194
-2.01343327569
-0.974938697929
-1.90664566471
172
1.940000000000000000e+02 
1.930000000000000000e+02 
0
-1
-1
195
-2.01647831231
-0.985183750503
-1.90391249861
173
1.950000000000000000e+02 
1.940000000000000000e+02 
0
-1
-1
196
-2.01795785526
-0.990997147835
-1.90553656312
174
1.960000000000000000e+02 
1.950000000000000000e+02 
0
-1
-1
197
-2.02277849517
-1.0059701399
-1.91331772169
175
1.970000000000000000e+02 
1.960000000000000000e+02 
0
-1
-1
198
-2.02767976616
-1.02102036714
-1.9149558351
176
1.980000000000000000e+02 
1.970000000000000000e+02 
0
-1
-1
199
-2.03266089255
-1.03609458292
-1.91920076148
177
1.990000000000000000e+02 
1.980000000000000000e+02 
0
-1
-1
200
-2.03765117855
-1.05111212494
-1.92260235635
178
2.000000000000000000e+02 
1.990000000000000000e+02 
0
-1
-1
201
-2.0409746995
-1.06146830959
-1.92426047265
179
2.010000000000000000e+02 
2.000000000000000000e+02 
0
-1
-1
202
-2.04606293636
-1.07639579051
-1.93117496077
180
2.020000000000000000e+02 
2.010000000000000000e+02 
0
-1
-1
203
-2.05115116264
-1.09116297944
-1.93194566859
181
2.030000000000000000e+02 
2.020000000000000000e+02 
0
-1
-1
204
-2.05630768243
-1.10606485202
-1.93182244149
182
2.040000000000000000e+02 
2.030000000000000000e+02 
0
-1
-1
205
-2.06327407514
-1.12552054156
-1.93695512244
183
2.050000000000000000e+02 
2.040000000000000000e+02 
0
-1
-1
206
-2.06848078197
-1.1404035271
-1.93514355197
184
2.060000000000000000e+02 
2.050000000000000000e+02 
0
-1
-1
207
-2.07367839139
-1.15518303964
-1.93683756824
185
2.070000000000000000e+02 
2.060000000000000000e+02 
0
-1
-1
208
-2.0789703797
-1.170194433
-1.93588700709
186
2.080000000000000000e+02 
2.070000000000000000e+02 
0
-1
-1
209
-2.08598660294
-1.18968587719
-1.93409170204
187
2.090000000000000000e+02 
2.080000000000000000e+02 
0
-1
-1
210
-2.09306088096
-1.20942335425
-1.93320148435
188
2.100000000000000000e+02 
2.090000000000000000e+02 
0
-1
-1
211
-2.0982189033
-1.22427336968
-1.92791618308
189
2.110000000000000000e+02 
2.100000000000000000e+02 
0
-1
-1
212
-2.10338242494
-1.2391752493
-1.92963562507
190
2.120000000000000000e+02 
2.110000000000000000e+02 
0
-1
-1
213
-2.10853186091
-1.25413648853
-1.92700963503
191
2.130000000000000000e+02 
2.120000000000000000e+02 
0
-1
-1
214
-2.11533048862
-1.27371309383
-1.91918803558
192
2.140000000000000000e+02 
2.130000000000000000e+02 
0
-1
-1
215
-2.12015060884
-1.28874263879
-1.89652064725
193
2.150000000000000000e+02 
2.140000000000000000e+02 
0
-1
-1
216
-2.12472040361
-1.30364795393
-1.88605728857
194
2.160000000000000000e+02 
2.150000000000000000e+02 
0
-1
-1
217
-2.13087068286
-1.32366637905
-1.88169777606
195
2.170000000000000000e+02 
2.160000000000000000e+02 
0
-1
-1
218
-2.13529432424
-1.3387788072
-1.87389192434
196
2.180000000000000000e+02 
2.170000000000000000e+02 
0
-1
-1
219
-2.14262538671
-1.3634605021
-1.8660395461
197
2.190000000000000000e+02 
2.180000000000000000e+02 
0
-1
-1
220
-2.14823204558
-1.38349421707
-1.8494904522
198
2.200000000000000000e+02 
2.190000000000000000e+02 
0
-1
-1
221
-2.15497532717
-1.40845753298
-1.83559445169
199
2.210000000000000000e+02 
2.200000000000000000e+02 
0
-1
-1
222
-2.15874756849
-1.42381648534
-1.82520135185
200
2.220000000000000000e+02 
2.210000000000000000e+02 
0
-1
-1
223
-2.16229990758
-1.43928457047
-1.80166095825
201
2.230000000000000000e+02 
2.220000000000000000e+02 
0
-1
-1
224
-2.16558591946
-1.45471509945
-1.78772307479
202
2.240000000000000000e+02 
2.230000000000000000e+02 
0
-1
-1
225
-2.1686535073
-1.47034878044
-1.77033750373
203
2.250000000000000000e+02 
2.240000000000000000e+02 
0
-1
-1
226
-2.1722834043
-1.49086722822
-1.73720404578
204
2.260000000000000000e+02 
2.250000000000000000e+02 
0
-1
-1
227
-2.17449751809
-1.50635570397
-1.71367250011
205
2.270000000000000000e+02 
2.260000000000000000e+02 
0
-1
-1
228
-2.17632496023
-1.52200078646
-1.68309266439
206
2.280000000000000000e+02 
2.270000000000000000e+02 
0
-1
-1
229
-2.17723205991
-1.53282010725
-1.65781433488
207
2.290000000000000000e+02 
2.280000000000000000e+02 
0
-1
-1
230
-2.17795003066
-1.54365619138
-1.63863730644
208
2.300000000000000000e+02 
2.290000000000000000e+02 
0
-1
-1
231
-2.17845277371
-1.55460687649
-1.61426137263
209
2.310000000000000000e+02 
2.300000000000000000e+02 
0
-1
-1
232
-2.17857433348
-1.56056994336
-1.59948632568
210
2.320000000000000000e+02 
2.310000000000000000e+02 
0
-1
-1
233
-2.17869717179
-1.57138400233
-1.57506195662
211
2.330000000000000000e+02 
2.320000000000000000e+02 
0
-1
-1
234
-2.17864102126
-1.57295052715
-1.46953805528
212
2.340000000000000000e+02 
2.330000000000000000e+02 
0
-1
-1
235
-2.17857595864
-1.57406421993
-1.36401441038
213
2.350000000000000000e+02 
2.340000000000000000e+02 
0
-1
-1
236
-2.17631786022
-1.58488185227
-1.33439080955
214
2.360000000000000000e+02 
2.350000000000000000e+02 
0
-1
-1
237
-2.17388753806
-1.59545157794
-1.31086703939
215
2.370000000000000000e+02 
2.360000000000000000e+02 
0
-1
-1
238
-2.1712768685
-1.60586943722
-1.29079288554
216
2.380000000000000000e+02 
2.370000000000000000e+02 
0
-1
-1
239
-2.16841508128
-1.6163700778
-1.26811813272
217
2.390000000000000000e+02 
2.380000000000000000e+02 
0
-1
-1
240
-2.16525663695
-1.62693351139
-1.2393925648
218
2.400000000000000000e+02 
2.390000000000000000e+02 
0
-1
-1
241
-2.16185424552
-1.63725267133
-1.2097159648
219
2.410000000000000000e+02 
2.400000000000000000e+02 
0
-1
-1
242
-2.16148569052
-1.63904156025
-1.14168811503
220
2.420000000000000000e+02 
2.410000000000000000e+02 
0
-1
-1
243
-2.16142198751
-1.64014331614
-1.03785879709
221
2.430000000000000000e+02 
2.420000000000000000e+02 
0
-1
-1
244
-2.16140780422
-1.64115622757
-0.985527791933
222
2.440000000000000000e+02 
2.430000000000000000e+02 
0
-1
-1
245
-2.1533845455
-1.65377027915
-0.947094879921
223
2.450000000000000000e+02 
2.440000000000000000e+02 
0
-1
-1
246
-2.14119211091
-1.67089233712
-0.897359840899
224
2.460000000000000000e+02 
2.450000000000000000e+02 
0
-1
-1
247
-2.1349245948
-1.67950733584
-0.868572454235
225
2.470000000000000000e+02 
2.460000000000000000e+02 
0
-1
-1
248
-2.11844196597
-1.69891389076
-0.809282498885
226
2.480000000000000000e+02 
2.470000000000000000e+02 
0
-1
-1
249
-2.09738181454
-1.72057656422
-0.745589753449
227
2.490000000000000000e+02 
2.480000000000000000e+02 
0
-1
-1
250
-2.07853527705
-1.73808176596
-0.689743996231
228
2.500000000000000000e+02 
2.490000000000000000e+02 
0
-1
-1
251
-2.05108458688
-1.76046591687
-0.626845005294
229
2.510000000000000000e+02 
2.500000000000000000e+02 
0
-1
-1
252
-2.0226814922
-1.78139385157
-0.584942558524
229
2.520000000000000000e+02 
2.510000000000000000e+02 
0
-1
-1
253
-2.01856813903
-1.78514158611
-0.576236433688
230
2.530000000000000000e+02 
2.520000000000000000e+02 
0
-1
-1
254
-1.98900827846
-1.80458642879
-0.53432640849
231
2.540000000000000000e+02 
2.530000000000000000e+02 
0
-1
-1
255
-1.95901836455
-1.82312349729
-0.513412260638
231
2.550000000000000000e+02 
2.540000000000000000e+02 
0
-1
-1
256
-1.95029982102
-1.82910158156
-0.506443767899
232
2.560000000000000000e+02 
2.550000000000000000e+02 
0
-1
-1
257
-1.92871682756
-1.84208707537
-0.492520708164
233
2.570000000000000000e+02 
2.560000000000000000e+02 
0
-1
-1
258
-1.90702285201
-1.8546549674
-0.475892859506
234
2.580000000000000000e+02 
2.570000000000000000e+02 
0
-1
-1
259
-1.88049644056
-1.86919718896
-0.452360000243
235
2.590000000000000000e+02 
2.580000000000000000e+02 
0
-1
-1
260
-1.85363350222
-1.88328573564
-0.443571908998
236
2.600000000000000000e+02 
2.590000000000000000e+02 
0
-1
-1
261
-1.82240271009
-1.899249165
-0.435628364766
237
2.610000000000000000e+02 
2.600000000000000000e+02 
0
-1
-1
262
-1.80456795258
-1.90868491761
-0.431229146969
238
2.620000000000000000e+02 
2.610000000000000000e+02 
0
-1
-1
263
-1.77764613168
-1.92229331688
-0.426824035527
239
2.630000000000000000e+02 
2.620000000000000000e+02 
0
-1
-1
264
-1.74623304192
-1.93786202878
-0.424162810913
239
2.640000000000000000e+02 
2.630000000000000000e+02 
0
-1
-1
265
-1.74176016618
-1.94092600182
-0.41799525422
240
2.650000000000000000e+02 
2.640000000000000000e+02 
0
-1
-1
266
-1.71020718584
-1.95606290079
-0.410121147225
241
2.660000000000000000e+02 
2.650000000000000000e+02 
0
-1
-1
267
-1.69198620439
-1.96487268572
-0.390790272452
242
2.670000000000000000e+02 
2.660000000000000000e+02 
0
-1
-1
268
-1.66904176135
-1.97534573283
-0.372402413232
243
2.680000000000000000e+02 
2.670000000000000000e+02 
0
-1
-1
269
-1.64603923819
-1.98540620882
-0.361007353772
244
2.690000000000000000e+02 
2.680000000000000000e+02 
0
-1
-1
270
-1.63227685331
-1.99163491641
-0.348754879219
245
2.700000000000000000e+02 
2.690000000000000000e+02 
0
-1
-1
271
-1.61806944594
-1.99781357711
-0.335594775719
246
2.710000000000000000e+02 
2.700000000000000000e+02 
0
-1
-1
272
-1.5995227581
-2.00537088888
-0.329376830486
247
2.720000000000000000e+02 
2.710000000000000000e+02 
0
-1
-1
273
-1.58063485136
-2.01270413701
-0.310050831866
248
2.730000000000000000e+02 
2.720000000000000000e+02 
0
-1
-1
274
-1.56646925592
-2.01823211002
-0.295966569402
249
2.740000000000000000e+02 
2.730000000000000000e+02 
0
-1
-1
275
-1.55717051226
-2.02206931433
-0.283623833894
250
2.750000000000000000e+02 
2.740000000000000000e+02 
0
-1
-1
276
-1.54770097008
-2.02586071465
-0.273022417471
251
2.760000000000000000e+02 
2.750000000000000000e+02 
0
-1
-1
277
-1.54296558764
-2.02820701023
-0.265012113653
252
2.770000000000000000e+02 
2.760000000000000000e+02 
0
-1
-1
278
-1.53353035833
-2.03175689087
-0.249992717414
253
2.780000000000000000e+02 
2.770000000000000000e+02 
0
-1
-1
279
-1.5238545356
-2.03517945477
-0.230614025249
254
2.790000000000000000e+02 
2.780000000000000000e+02 
0
-1
-1
280
-1.51418366647
-2.03841334413
-0.21387583524
255
2.800000000000000000e+02 
2.790000000000000000e+02 
0
-1
-1
281
-1.50946793604
-2.04044274026
-0.204077947121
256
2.810000000000000000e+02 
2.800000000000000000e+02 
0
-1
-1
282
-1.50459558762
-2.04246372313
-0.196020162339
257
2.820000000000000000e+02 
2.810000000000000000e+02 
0
-1
-1
283
-1.5043719328
-2.04352416232
-0.0902022841273
258
2.830000000000000000e+02 
2.820000000000000000e+02 
0
-1
-1
284
-1.50454098726
-2.04452088107
0.0121258824371
259
2.840000000000000000e+02 
2.830000000000000000e+02 
0
-1
-1
285
-1.49417949754
-2.04485674003
0.0778145303638
260
2.850000000000000000e+02 
2.840000000000000000e+02 
0
-1
-1
286
-1.48438434425
-2.04497254913
0.102513850686
261
2.860000000000000000e+02 
2.850000000000000000e+02 
0
-1
-1
287
-1.47456414552
-2.04482315721
0.130674032393
262
2.870000000000000000e+02 
2.860000000000000000e+02 
0
-1
-1
288
-1.46961715988
-2.04517092459
0.139645262369
263
2.880000000000000000e+02 
2.870000000000000000e+02 
0
-1
-1
289
-1.45983385278
-2.04470678989
0.161777725324
264
2.890000000000000000e+02 
2.880000000000000000e+02 
0
-1
-1
290
-1.45910061706
-2.0455691071
0.264171603732
265
2.900000000000000000e+02 
2.890000000000000000e+02 
0
-1
-1
291
-1.45896087405
-2.04651878948
0.370927077766
266
2.910000000000000000e+02 
2.900000000000000000e+02 
0
-1
-1
292
-1.45010219635
-2.04394787331
0.39829432523
267
2.920000000000000000e+02 
2.910000000000000000e+02 
0
-1
-1
293
-1.4409231517
-2.04096891918
0.423923521501
268
2.930000000000000000e+02 
2.920000000000000000e+02 
0
-1
-1
294
-1.42729254537
-2.03557165249
0.45656483946
269
2.940000000000000000e+02 
2.930000000000000000e+02 
0
-1
-1
295
-1.41840996839
-2.0320648743
0.483918449426
270
2.950000000000000000e+02 
2.940000000000000000e+02 
0
-1
-1
296
-1.40968289808
-2.02836201243
0.508684519101
271
2.960000000000000000e+02 
2.950000000000000000e+02 
0
-1
-1
297
-1.40423515994
-2.02616760422
0.580613213496
272
2.970000000000000000e+02 
2.960000000000000000e+02 
0
-1
-1
298
-1.40413714774
-2.02709862062
0.685704694875
273
2.980000000000000000e+02 
2.970000000000000000e+02 
0
-1
-1
299
-1.39673953576
-2.02126324876
0.762909122689
274
2.990000000000000000e+02 
2.980000000000000000e+02 
0
-1
-1
300
-1.37926244278
-2.00456752909
0.822676653513
275
3.000000000000000000e+02 
2.990000000000000000e+02 
0
-1
-1
301
-1.36316871584
-1.98726126156
0.881557440987
276
3.010000000000000000e+02 
3.000000000000000000e+02 
0
-1
-1
302
-1.34213163637
-1.96082569164
0.955201635747
277
3.020000000000000000e+02 
3.010000000000000000e+02 
0
-1
-1
303
-1.32584245385
-1.93655374348
1.05255938537
278
3.030000000000000000e+02 
3.020000000000000000e+02 
0
-1
-1
304
-1.31225437155
-1.91117168424
1.13068083431
279
3.040000000000000000e+02 
3.030000000000000000e+02 
0
-1
-1
305
-1.29797602833
-1.88045640316
1.16516612384
279
3.050000000000000000e+02 
3.040000000000000000e+02 
0
-1
-1
306
-1.29202195084
-1.86786923746
1.16741539198
280
3.060000000000000000e+02 
3.050000000000000000e+02 
0
-1
-1
307
-1.27816877564
-1.83685120702
1.16442877346
280
3.070000000000000000e+02 
3.060000000000000000e+02 
0
-1
-1
308
-1.2721699298
-1.82427859466
1.16495639963
281
3.080000000000000000e+02 
3.070000000000000000e+02 
0
-1
-1
309
-1.25770582973
-1.79369311072
1.13319839842
281
3.090000000000000000e+02 
3.080000000000000000e+02 
0
-1
-1
310
-1.25115361168
-1.78120579207
1.12675489428
282
3.100000000000000000e+02 
3.090000000000000000e+02 
0
-1
-1
311
-1.2353846437
-1.75135741676
1.09422600813
282
3.110000000000000000e+02 
3.100000000000000000e+02 
0
-1
-1
312
-1.23064990017
-1.74354925172
1.08606185728
283
3.120000000000000000e+02 
3.110000000000000000e+02 
0
-1
-1
313
-1.21364612318
-1.71435727572
1.05436255538
283
3.130000000000000000e+02 
3.120000000000000000e+02 
0
-1
-1
314
-1.19837198797
-1.68964793421
1.03402821239
284
3.140000000000000000e+02 
3.130000000000000000e+02 
0
-1
-1
315
-1.18003656121
-1.66123883862
1.01200893448
284
3.150000000000000000e+02 
3.140000000000000000e+02 
0
-1
-1
316
-1.16915321655
-1.64550698831
0.996054824007
285
3.160000000000000000e+02 
3.150000000000000000e+02 
0
-1
-1
317
-1.14958257152
-1.61759730655
0.972315979453
285
3.170000000000000000e+02 
3.160000000000000000e+02 
0
-1
-1
318
-1.14669390898
-1.61443712591
0.974742495369
286
3.180000000000000000e+02 
3.170000000000000000e+02 
0
-1
-1
319
-1.12660636104
-1.58706234245
0.950134462318
286
3.190000000000000000e+02 
3.180000000000000000e+02 
0
-1
-1
320
-1.1069773166
-1.56195020204
0.909841966833
287
3.200000000000000000e+02 
3.190000000000000000e+02 
0
-1
-1
321
-1.0968027786
-1.5513674134
0.839865091356
288
3.210000000000000000e+02 
3.200000000000000000e+02 
0
-1
-1
322
-1.0748276467
-1.52785477507
0.82920391419
288
3.220000000000000000e+02 
3.210000000000000000e+02 
0
-1
-1
323
-1.06369890456
-1.51811150261
0.757508509454
289
3.230000000000000000e+02 
3.220000000000000000e+02 
0
-1
-1
324
-1.03829289778
-1.49493240791
0.773978947026
289
3.240000000000000000e+02 
3.230000000000000000e+02 
0
-1
-1
325
-1.03231224263
-1.49021529173
0.752915292502
290
3.250000000000000000e+02 
3.240000000000000000e+02 
0
-1
-1
326
-1.0217516253
-1.48238123055
0.666467607142
291
3.260000000000000000e+02 
3.250000000000000000e+02 
0
-1
-1
327
-0.995276465203
-1.46339607312
0.662935947832
292
3.270000000000000000e+02 
3.260000000000000000e+02 
0
-1
-1
328
-0.977907617039
-1.45152780967
0.60007036703
293
3.280000000000000000e+02 
3.270000000000000000e+02 
0
-1
-1
329
-0.96919925929
-1.44709134701
0.538920912729
294
3.290000000000000000e+02 
3.280000000000000000e+02 
0
-1
-1
330
-0.947443833973
-1.43595221613
0.500487628409
295
3.300000000000000000e+02 
3.290000000000000000e+02 
0
-1
-1
331
-0.92533815622
-1.42569277087
0.450770552996
296
3.310000000000000000e+02 
3.300000000000000000e+02 
0
-1
-1
332
-0.911796197275
-1.42058160653
0.416769720824
297
3.320000000000000000e+02 
3.310000000000000000e+02 
0
-1
-1
333
-0.893606208841
-1.41400808157
0.385335161589
298
3.330000000000000000e+02 
3.320000000000000000e+02 
0
-1
-1
334
-0.870302330796
-1.4063841712
0.342616900316
299
3.340000000000000000e+02 
3.330000000000000000e+02 
0
-1
-1
335
-0.84210061253
-1.39792998932
0.312114957318
300
3.350000000000000000e+02 
3.340000000000000000e+02 
0
-1
-1
336
-0.813539488234
-1.39028584654
0.283379348161
301
3.360000000000000000e+02 
3.350000000000000000e+02 
0
-1
-1
337
-0.789566291833
-1.38459927609
0.268660083628
302
3.370000000000000000e+02 
3.360000000000000000e+02 
0
-1
-1
338
-0.765764678341
-1.37923865573
0.263557169685
303
3.380000000000000000e+02 
3.370000000000000000e+02 
0
-1
-1
339
-0.737048956181
-1.37271238467
0.25932060745
304
3.390000000000000000e+02 
3.380000000000000000e+02 
0
-1
-1
340
-0.713036321859
-1.36737163439
0.26210039316
305
3.400000000000000000e+02 
3.390000000000000000e+02 
0
-1
-1
341
-0.689093895154
-1.36196018319
0.264046518141
306
3.410000000000000000e+02 
3.400000000000000000e+02 
0
-1
-1
342
-0.660424837318
-1.35506162807
0.27730896878
307
3.420000000000000000e+02 
3.410000000000000000e+02 
0
-1
-1
343
-0.631716487262
-1.34774158252
0.2897377265
308
3.430000000000000000e+02 
3.420000000000000000e+02 
0
-1
-1
344
-0.617505319646
-1.34428477819
0.305632767729
309
3.440000000000000000e+02 
3.430000000000000000e+02 
0
-1
-1
345
-0.58908801841
-1.33599549438
0.325944063881
310
3.450000000000000000e+02 
3.440000000000000000e+02 
0
-1
-1
346
-0.565716543221
-1.32884451528
0.343621581332
311
3.460000000000000000e+02 
3.450000000000000000e+02 
0
-1
-1
347
-0.537649662475
-1.31966427248
0.351715281396
312
3.470000000000000000e+02 
3.460000000000000000e+02 
0
-1
-1
348
-0.514194825848
-1.31198686151
0.354625120311
313
3.480000000000000000e+02 
3.470000000000000000e+02 
0
-1
-1
349
-0.486281826143
-1.30266613228
0.353201049213
314
3.490000000000000000e+02 
3.480000000000000000e+02 
0
-1
-1
350
-0.462906413569
-1.295206687
0.340443014129
315
3.500000000000000000e+02 
3.490000000000000000e+02 
0
-1
-1
351
-0.439420156041
-1.28822797895
0.318100955955
316
3.510000000000000000e+02 
3.500000000000000000e+02 
0
-1
-1
352
-0.406399346378
-1.27907505155
0.283524810447
317
3.520000000000000000e+02 
3.510000000000000000e+02 
0
-1
-1
353
-0.377689298442
-1.27193638208
0.263814508205
318
3.530000000000000000e+02 
3.520000000000000000e+02 
0
-1
-1
354
-0.353990475082
-1.2665732054
0.250269974671
319
3.540000000000000000e+02 
3.530000000000000000e+02 
0
-1
-1
355
-0.329949652742
-1.26133715675
0.248091130115
320
3.550000000000000000e+02 
3.540000000000000000e+02 
0
-1
-1
356
-0.31078933762
-1.25719072761
0.259827889629
321
3.560000000000000000e+02 
3.550000000000000000e+02 
0
-1
-1
357
-0.296430585913
-1.25404299649
0.268980163129
322
3.570000000000000000e+02 
3.560000000000000000e+02 
0
-1
-1
358
-0.277334140504
-1.2492613883
0.288597855344
323
3.580000000000000000e+02 
3.570000000000000000e+02 
0
-1
-1
359
-0.263102453379
-1.24565091266
0.302080865822
324
3.590000000000000000e+02 
3.580000000000000000e+02 
0
-1
-1
360
-0.249038479648
-1.2418279392
0.317379088929
325
3.600000000000000000e+02 
3.590000000000000000e+02 
0
-1
-1
361
-0.230476476475
-1.23614966423
0.343992413851
326
3.610000000000000000e+02 
3.600000000000000000e+02 
0
-1
-1
362
-0.211851334794
-1.22989051827
0.369770724604
327
3.620000000000000000e+02 
3.610000000000000000e+02 
0
-1
-1
363
-0.193346391214
-1.22330363701
0.382463900034
328
3.630000000000000000e+02 
3.620000000000000000e+02 
0
-1
-1
364
-0.1796188358
-1.21835869582
0.395221813832
329
3.640000000000000000e+02 
3.630000000000000000e+02 
0
-1
-1
365
-0.16586707527
-1.21319927052
0.403594334545
330
3.650000000000000000e+02 
3.640000000000000000e+02 
0
-1
-1
366
-0.152308798628
-1.20795767048
0.412881325585
331
3.660000000000000000e+02 
3.650000000000000000e+02 
0
-1
-1
367
-0.143358895455
-1.20439844955
0.439632645247
332
3.670000000000000000e+02 
3.660000000000000000e+02 
0
-1
-1
368
-0.130090141235
-1.19861468587
0.455048146728
333
3.680000000000000000e+02 
3.670000000000000000e+02 
0
-1
-1
369
-0.120983444438
-1.19455116928
0.476627678144
334
3.690000000000000000e+02 
3.680000000000000000e+02 
0
-1
-1
370
-0.116654738576
-1.19277370989
0.485071082549
335
3.700000000000000000e+02 
3.690000000000000000e+02 
0
-1
-1
371
-0.107870671476
-1.18850165518
0.505778197967
336
3.710000000000000000e+02 
3.700000000000000000e+02 
0
-1
-1
372
-0.0992938261776
-1.18415299002
0.518598857407
337
3.720000000000000000e+02 
3.710000000000000000e+02 
0
-1
-1
373
-0.0907590513445
-1.17961882817
0.538432888902
338
3.730000000000000000e+02 
3.720000000000000000e+02 
0
-1
-1
374
-0.0865803288961
-1.17753035106
0.545180115527
339
3.740000000000000000e+02 
3.730000000000000000e+02 
0
-1
-1
375
-0.0826348540753
-1.17552813926
0.606040355444
340
3.750000000000000000e+02 
3.740000000000000000e+02 
0
-1
-1
376
-0.0827213453983
-1.17593209674
0.759413421925
341
3.760000000000000000e+02 
3.750000000000000000e+02 
0
-1
-1
377
-0.0827761248672
-1.17628657722
0.863049123395
342
3.770000000000000000e+02 
3.760000000000000000e+02 
0
-1
-1
378
-0.0828649802854
-1.17666702932
0.969347263471
343
3.780000000000000000e+02 
3.770000000000000000e+02 
0
-1
-1
379
-0.0809572810327
-1.17345562591
1.073907641
344
3.790000000000000000e+02 
3.780000000000000000e+02 
0
-1
-1
380
-0.0762569823279
-1.16480879652
1.0955800501
345
3.800000000000000000e+02 
3.790000000000000000e+02 
0
-1
-1
381
-0.0718817347736
-1.15632088345
1.11906428022
346
3.810000000000000000e+02 
3.800000000000000000e+02 
0
-1
-1
382
-0.0676509812559
-1.14758460651
1.14256011616
347
3.820000000000000000e+02 
3.810000000000000000e+02 
0
-1
-1
383
-0.0675793565376
-1.14754491101
1.28466733815
348
3.830000000000000000e+02 
3.820000000000000000e+02 
0
-1
-1
384
-0.0667749054377
-1.14416794458
1.34393572188
349
3.840000000000000000e+02 
3.830000000000000000e+02 
0
-1
-1
385
-0.0636877411457
-1.12940594821
1.38486503858
350
3.850000000000000000e+02 
3.840000000000000000e+02 
0
-1
-1
386
-0.0620838589308
-1.11979625218
1.41880505504
351
3.860000000000000000e+02 
3.850000000000000000e+02 
0
-1
-1
387
-0.0608359749862
-1.1103244557
1.45275553369
352
3.870000000000000000e+02 
3.860000000000000000e+02 
0
-1
-1
388
-0.0598368306296
-1.10076197365
1.47711623269
353
3.880000000000000000e+02 
3.870000000000000000e+02 
0
-1
-1
389
-0.0587799510938
-1.08637531451
1.51458690591
354
3.890000000000000000e+02 
3.880000000000000000e+02 
0
-1
-1
390
-0.058877186318
-1.08598444262
1.6655173031
355
3.900000000000000000e+02 
3.890000000000000000e+02 
0
-1
-1
391
-0.0596770685855
-1.08244861585
1.76500716988
356
3.910000000000000000e+02 
3.900000000000000000e+02 
0
-1
-1
392
-0.0654088005513
-1.05838993068
1.83915624783
357
3.920000000000000000e+02 
3.910000000000000000e+02 
0
-1
-1
393
-0.0729049650918
-1.03511286782
1.90986427458
358
3.930000000000000000e+02 
3.920000000000000000e+02 
0
-1
-1
394
-0.0852641401029
-1.00309186616
1.95703098386
358
3.940000000000000000e+02 
3.930000000000000000e+02 
0
-1
-1
395
-0.0909087961695
-0.989641940229
1.9701061056
359
3.950000000000000000e+02 
3.940000000000000000e+02 
0
-1
-1
396
-0.10425299884
-0.95788841614
1.96753936598
359
3.960000000000000000e+02 
3.950000000000000000e+02 
0
-1
-1
397
-0.113699663002
-0.935175566645
1.96758048754
360
3.970000000000000000e+02 
3.960000000000000000e+02 
0
-1
-1
398
-0.126567261148
-0.903109245942
1.94757918924
360
3.980000000000000000e+02 
3.970000000000000000e+02 
0
-1
-1
399
-0.137008318851
-0.875621610149
1.92758518655
361
3.990000000000000000e+02 
3.980000000000000000e+02 
0
-1
-1
400
-0.148557787302
-0.84294668612
1.90929819155
361
4.000000000000000000e+02 
3.990000000000000000e+02 
0
-1
-1
401
-0.159306075356
-0.810262203365
1.88316791299
361
4.010000000000000000e+02 
4.000000000000000000e+02 
0
-1
-1
402
-0.182878641873
-0.745162161843
1.94466593589
1
4.030000000000000000e+02 
4.020000000000000000e+02 
0
-1
-1
403
-0.229452005913
-0.634018915277
1.99226730072
3
4.050000000000000000e+02 
4.040000000000000000e+02 
0
-1
-1
404
-0.230217496038
-0.632190568103
1.99467058711
362
4.060000000000000000e+02 
4.050000000000000000e+02 
0
-1
-1
405
-0.2547844947
-0.581968411065
2.04502799738
363
4.080000000000000000e+02 
4.070000000000000000e+02 
0
-1
-1
406
-0.270445193663
-0.551915707779
2.0610504105
364
4.090000000000000000e+02 
4.080000000000000000e+02 
0
-1
-1
407
-0.286741574835
-0.522143607042
2.07557265735
365
4.100000000000000000e+02 
4.090000000000000000e+02 
0
-1
-1
408
-0.298661143633
-0.500976536082
2.08613843323
366
4.110000000000000000e+02 
4.100000000000000000e+02 
0
-1
-1
409
-0.308165741747
-0.4848206037
2.10438066896
367
4.120000000000000000e+02 
4.110000000000000000e+02 
0
-1
-1
410
-0.31804903598
-0.468597661229
2.12064390531
368
4.130000000000000000e+02 
4.120000000000000000e+02 
0
-1
-1
411
-0.32561717253
-0.456643329326
2.13533387244
369
4.140000000000000000e+02 
4.130000000000000000e+02 
0
-1
-1
412
-0.333302832666
-0.444821269719
2.14556389034
370
4.150000000000000000e+02 
4.140000000000000000e+02 
0
-1
-1
413
-0.343963366588
-0.428969936102
2.16486382056
371
4.160000000000000000e+02 
4.150000000000000000e+02 
0
-1
-1
414
-0.349202244627
-0.421461724589
2.17183746594
372
4.170000000000000000e+02 
4.160000000000000000e+02 
0
-1
-1
415
-0.354503683073
-0.413995517077
2.1814058159
373
4.180000000000000000e+02 
4.170000000000000000e+02 
0
-1
-1
416
-0.36287442222
-0.402575520485
2.20005962138
374
4.190000000000000000e+02 
4.180000000000000000e+02 
0
-1
-1
417
-0.368472433954
-0.395321994677
2.21825985671
375
4.200000000000000000e+02 
4.190000000000000000e+02 
0
-1
-1
418
-0.374139973208
-0.388246757238
2.2347212552
376
4.210000000000000000e+02 
4.200000000000000000e+02 
0
-1
-1
419
-0.383113697793
-0.37734810747
2.2584225716
377
4.220000000000000000e+02 
4.210000000000000000e+02 
0
-1
-1
420
-0.395956704452
-0.362777901018
2.29905807045
378
4.230000000000000000e+02 
4.220000000000000000e+02 
0
-1
-1
421
-0.405694394344
-0.352538200354
2.32274958534
379
4.240000000000000000e+02 
4.230000000000000000e+02 
0
-1
-1
422
-0.440912463784
-0.318342923851
2.40152433414
19

4.250000000000000000e+02 
0
-1
-1
423
-0.46083593848
-0.300712724311
2.43365799055
380
4.270000000000000000e+02 4.280000000000000000e+02 
4.260000000000000000e+02 
0
-1
-1
424
-0.660906522489
-0.182526455327
2.70540493589
29
4.310000000000000000e+02 
4.300000000000000000e+02 
0
-1
-1
425
-0.743394136001
-0.143434650282
2.68549720698
32
4.330000000000000000e+02 
4.320000000000000000e+02 
0
-1
-1
426
-0.811710329166
-0.109667971262
2.65960392954
36
4.350000000000000000e+02 
4.340000000000000000e+02 
0
-1
-1
427
-0.842468427567
-0.0932572044042
2.64437099944
37
4.370000000000000000e+02 
4.360000000000000000e+02 
0
-1
-1
428
-0.870644008512
-0.0805027577537
2.69862351958
381
4.390000000000000000e+02 
4.380000000000000000e+02 
0
-1
-1
429
-0.884631363016
-0.0763030084138
2.80380233029
382
4.400000000000000000e+02 
4.390000000000000000e+02 
0
-1
-1
430
-0.902301990288
-0.0727201467726
2.93551800949
383
4.410000000000000000e+02 
4.400000000000000000e+02 
0
-1
-1
431
-0.920893989381
-0.0710827807398
3.05308555978
384
4.420000000000000000e+02 
4.410000000000000000e+02 
0
-1
-1
432
-0.944361830731
-0.0716417095423
-3.10434041666
385
4.430000000000000000e+02 
4.420000000000000000e+02 
0
-1
-1
433
-0.980865607685
-0.075009594199
-2.96597891919
386
4.440000000000000000e+02 
4.430000000000000000e+02 
0
-1
-1
434
-1.01541924879
-0.0817975448526
-2.96740970642
386
4.450000000000000000e+02 
4.440000000000000000e+02 
0
-1
-1
435
-1.02192653808
-0.0835254740852
-2.95925069537
387
4.460000000000000000e+02 
4.450000000000000000e+02 
0
-1
-1
436
-1.05785903193
-0.0905539286922
-2.95324354279
387
4.470000000000000000e+02 
4.460000000000000000e+02 
0
-1
-1
437
-1.07891614718
-0.0952491664101
-2.92568687367
388
4.480000000000000000e+02 
4.470000000000000000e+02 
0
-1
-1
438
-1.11450781983
-0.103935812091
-2.88666541211
388
4.490000000000000000e+02 
4.480000000000000000e+02 
0
-1
-1
439
-1.12101065301
-0.106140014754
-2.87159043915
389
4.500000000000000000e+02 
4.490000000000000000e+02 
0
-1
-1
440
-1.15589554337
-0.116747343635
-2.82676579506
389
4.510000000000000000e+02 
4.500000000000000000e+02 
0
-1
-1
441
-1.18115934518
-0.125470831669
-2.80007299525
115
4.520000000000000000e+02 
4.510000000000000000e+02 
0
-1
-1
442
-1.23629846505
-0.15440386116
-2.63296008229
115
4.540000000000000000e+02 
4.530000000000000000e+02 
0
-1
-1
443
-1.37912588031
-0.206512357147
-2.89261543411
118
4.560000000000000000e+02 
4.550000000000000000e+02 
0
-1
-1
444
-1.59359043716
-0.251220140054
-2.99326425121
122
4.580000000000000000e+02 
4.570000000000000000e+02 
0
-1
-1
445
-1.63817823653
-0.257002524008
-2.9545268369
390
4.600000000000000000e+02 
4.590000000000000000e+02 
0
-1
-1
446
-1.67395100331
-0.265686298485
-2.89814420652
390
4.610000000000000000e+02 
4.600000000000000000e+02 
0
-1
-1
447
-1.68363775686
-0.268580503624
-2.82884195406
391
4.620000000000000000e+02 
4.610000000000000000e+02 
0
-1
-1
448
-1.70085352953
-0.275492341522
-2.72659711735
392
4.630000000000000000e+02 
4.620000000000000000e+02 
0
-1
-1
449
-1.73106804312
-0.289697837607
-2.6258220543
392
4.640000000000000000e+02 
4.630000000000000000e+02 
0
-1
-1
450
-1.73395217292
-0.29141562092
-2.60358500088
393
4.650000000000000000e+02 
4.640000000000000000e+02 
0
-1
-1
451
-1.76260390126
-0.311774194822
-2.51270351437
394
4.660000000000000000e+02 
4.650000000000000000e+02 
0
-1
-1
452
-1.7900041644
-0.333278897673
-2.41409862782
394
4.670000000000000000e+02 
4.660000000000000000e+02 
0
-1
-1
453
-1.79724272924
-0.33974283648
-2.41257714034
395
4.680000000000000000e+02 
4.670000000000000000e+02 
0
-1
-1
454
-1.82285583932
-0.363084826032
-2.39656469989
396
4.690000000000000000e+02 
4.680000000000000000e+02 
0
-1
-1
455
-1.8479143475
-0.387234089695
-2.35266656552
396
4.700000000000000000e+02 
4.690000000000000000e+02 
0
-1
-1
456
-1.85027728206
-0.389752078481
-2.32529708309
397
4.710000000000000000e+02 
4.700000000000000000e+02 
0
-1
-1
457
-1.87174906749
-0.415006217054
-2.25891037461
397
4.720000000000000000e+02 
4.710000000000000000e+02 
0
-1
-1
458
-1.87794845216
-0.422599157516
-2.25488397569
398
4.730000000000000000e+02 
4.720000000000000000e+02 
0
-1
-1
459
-1.89319411015
-0.442778658085
-2.1661752168
399
4.740000000000000000e+02 
4.730000000000000000e+02 
0
-1
-1
460
-1.91052958228
-0.472833327127
-2.08051112852
399
4.750000000000000000e+02 
4.740000000000000000e+02 
0
-1
-1
461
-1.91633203738
-0.484964906512
-1.98364815266
400
4.760000000000000000e+02 
4.750000000000000000e+02 
0
-1
-1
462
-1.92925583934
-0.516944629274
-1.89898916856
400
4.770000000000000000e+02 
4.760000000000000000e+02 
0
-1
-1
463
-1.93039680129
-0.520518235087
-1.88043380429
401
4.780000000000000000e+02 
4.770000000000000000e+02 
0
-1
-1
464
-1.93534287312
-0.541788515731
-1.7640644879
402
4.790000000000000000e+02 
4.780000000000000000e+02 
0
-1
-1
465
-1.94107650481
-0.572942154635
-1.67866280506
403
4.800000000000000000e+02 
4.790000000000000000e+02 
0
-1
-1
466
-1.94167483876
-0.586223886725
-1.58018920326
404

4.800000000000000000e+02 
0
-1
-1
-
466
465
