0.0337418444979
2.48951060552
2.52286095279
1
0
0.45
0.0199492542824
0.017916291951
0.0297
2
1
0.65
0.0347489027203
0.0189955374261
0.0288
3
2
1.0
0.0198997209809
0.00830289422157
0.01485
4
3
1.2
0.0346997989098
0.00766066856699
0.01125
5
4
1.55
0.0147999543729
0.00347635310112
0.00525
6
5
1.7
0.034899959834
0.0020924069991
0.0043
7
6
2.05
0.0197499761488
0.00217392404937
0.00435
8
7
2.25
0.0347486105304
0.00693755471924
0.02355
9
8
2.6
0.00505
-0.0
-0.0
10
9
2.65
0.0344999674811
0.00560659452039
0.0061
11
10
3.0
0.0245999518887
0.00693414632832
0.00955
12
11
3.25
0.0198499742558
0.00517455967143
0.0069
13
12
3.45
0.0148999761517
0.00379110716634
0.0061
14
13
3.6
0.0197499385511
0.00281746603986
0.00695
15
14
3.8
0.0196498405982
0.0037141177078
0.0096
16
15
4.0
0.0148499763178
0.00201868663458
0.00435
17
16
4.15
0.0198998521314
0.00673430067929
0.0113
18
17
4.35
0.0197995745576
0.00914117322195
0.01655
19
18
4.55
0.0198994605217
0.011633799539
0.02095
20
19
4.75
0.014849921305
0.0113843457202
0.01485
21
20
4.9
0.0148997871568
0.0125869112269
0.0192
22
21
5.05
0.0246991678975
0.019361439688
0.03145
23
22
5.3
0.034847487684
0.0230548469319
0.0419
24
23
5.65
0.005
0.0061
0.0061
25
24
5.7
0.0297986493057
0.0194282380946
0.03495
26
25
6.0
0.0195999581058
0.00889846963559
0.0113
27
26
6.2
0.0150497852617
0.0124554792672
0.0192
28
27
6.35
0.0147999538754
0.00931081129162
0.0122
29
28
6.5
0.024949392215
0.0200679544861
0.0297
30
29
6.75
0.0196997792611
0.015684397966
0.0201
31
30
6.95
0.0350930929344
0.0295083273286
0.0611
32
31
7.3
0.00475
0.0122
0.0122
33
32
7.35
0.0346962884202
0.0339962171137
0.05235
34
33
7.7
0.00989990526372
0.00876919220112
0.0131
35
34
7.8
0.0346994825431
0.0177319868639
0.0271
36
35
8.15
0.00505
0.00085
0.00085
37
36
8.2
0.0348999757415
0.000752435276349
0.0026
38
37
8.55
0.00495
-0.0
-0.0
39
38
8.6
0.0297499592384
0.00118235242267
-0.0
40
39
8.9
0.034549851049
-0.00449529527483
-0.00875
41
40
9.25
0.0250498313788
-0.00471527055889
-0.00955
42
41
9.5
0.0198999141014
-0.00461218146778
-0.00955
43
42
9.7
0.0198499791129
-0.00390919370154
-0.0061
44
43
9.9
0.0148999035753
-0.0101696289755
-0.01485
45
44
10.05
0.0146999238077
-0.00554812856371
-0.0096
46
45
10.2
0.0347492565614
-0.0140708743965
-0.02265
47
46
10.55
0.0297997674865
-0.00913339211661
-0.0148
48
47
10.85
0.019749772306
0.00917242541164
0.01305
49
48
11.05
0.0247499329074
0.00260525253357
0.0052
50
49
11.3
0.0200499525829
0.00305211974351
0.0052
51
50
11.5
0.0197499833485
-0.000626708700788
4.99999999999e-05
52
51
11.7
0.0198999982028
-0.000427135678521
-0.00085
53
52
11.9
0.0129993720021
-0.00392481722719
-0.02095
54
53
12.05
0.0184486399789
-0.0141868715636
-0.0201
55
54
12.25
0.0148499950258
-0.00203434350342
-0.0026
56
55
12.4
0.01485
-0.00085
-0.00085
57
56
12.55
0.010049903878
0.0130161684603
0.0175
58
57
12.65
0.00984998491758
0.0052588832578
0.007
59
58
12.75
0.01
0.0035
0.0035
60
59
12.85
0.0098
-0.00085
-0.00085
61
60
12.95
0.00989998484682
-0.000814646428571
0.0009
62
61
13.05
0.01475
-0.0026
-0.0026
63
62
13.2
0.0100499532561
-0.0056348258236
-0.0087
64
63
13.3
0.0148497801422
-0.0136225482408
-0.02095
65
64
13.45
0.00979990621109
-0.004375
-0.00875
66
65
13.55
0.014949396223
-0.0223317424767
-0.03405
67
66
13.7
0.00989995395736
-0.00911919182367
-0.0122
68
67
13.8
0.0099999043066
-0.0122687502791
-0.0166
69
68
13.9
0.00989990526372
-0.00791919220112
-0.01225
70
69
14.0
0.00495
-0.00175
-0.00175
71
70
14.05
0.00979995442253
-0.00658112254548
-0.0096
72
71
14.15
0.00994995372127
-0.00738467331931
-0.01045
73
72
14.25
0.0099
-0.0061
-0.0061
74
73
14.35
0.00984997670708
-0.00305812187963
-0.0052
75
74
14.45
0.00999999617226
-0.00963375000223
-0.0105
76
75
14.55
0.0098
-0.0
-0.0
77
76
14.65
0.00994999159246
-0.001293467333
-0.0026
78
77
14.75
0.00975
-0.00085
-0.00085
79
78
14.85
0.0051
-0.0
-0.0
80
79
14.9
0.00560010739984
0.00402296912804
0.0977
81
80
15.05
0.0001
0.0515
0.09775
82
81
15.15
0.0
-3.09616095279
0.09775
83
82
15.25
5e-05
-3.04649265359
0.0951
84
83
15.35
0.0
2.99417435439
0.0977
85
84
15.45
0.0001
0.04885
0.1466
86
85
15.6
5e-05
-3.09449265359
0.0977
87
86
15.7
2.39976960664e-06
1.64189632679
0.0951
88
87
15.8
5e-05
0.096
0.096
89
88
15.9
0.0
2.46107435439
0.048
90
89
15.95
0.0
2.41307435439
0.3874
91
90
16.35
5e-05
-3.09099265359
0.0977
92
91
16.45
5e-05
0.09685
0.09685
93
92
16.55
0.0
1.83112435439
0.04885
94
93
16.6
5e-05
-3.09274265359
0.04885
95
94
16.65
0.0
1.73342435439
0.0506
96
95
16.7
0.0001
-3.09359265359
0.048
97
96
16.75
0.0
1.63482435439
0.04975
98
97
16.8
0.0
1.58507435439
0.04625
99
98
16.85
0.0001
0.0471
0.0471
100
99
16.9
0.0
1.49172435439
0.09685
101
100
17.0
0.0
1.39487435439
0.0977
102
101
17.1
0.0
1.29717435439
0.0515
103
102
17.15
0.0
1.24567435439
0.0471
104
103
17.2
0.0
1.19857435439
0.0977
105
104
17.3
0.00994958426068
0.0221588158035
0.03055
106
105
17.4
0.0108996932063
0.0215608151801
0.2041
107
106
17.7
0.00934954808993
0.111697583691
0.11955
108
107
17.9
0.0216965513491
0.00604918960592
-0.0288
109
108
18.15
0.0133948318084
-0.0569827962609
-0.09335
110
109
18.35
0.0135460444327
-0.0594412150791
-0.09075
111
110
18.55
0.0134452503042
-0.0580669763205
-0.09335
112
111
18.75
0.00669960207911
-0.033437306991
-0.0445
113
112
18.85
0.0132960422687
-0.0576694479766
-0.09075
114
113
19.05
0.0136463317388
-0.0534012056067
-0.08375
115
114
19.25
0.0134950271657
-0.0590303546252
-0.0951
116
115
19.45
0.0134452457765
-0.058362261142
-0.09335
117
116
19.65
0.0100482900442
-0.0448838907232
-0.06715
118
117
19.8
0.013295034908
-0.0583771286411
-0.0951
119
118
20.0
0.0347395484353
-0.0227737194852
-0.07945
120
119
20.4
0.00674959921824
-0.0351077681893
-0.04625
121
120
20.5
0.013395072261
-0.0602601236057
-0.0977
122
121
20.7
0.0281490021221
-0.0130634136725
-0.03405
123
122
21.0
0.0133457479135
-0.0577402167656
-0.0925
124
123
21.2
0.0297908993494
-0.0180545493264
-0.0707
125
124
21.55
0.00999825633855
-0.0454851121857
-0.0689
126
125
21.7
0.0330413594871
-0.0316449362465
-0.0847
127
126
22.1
0.00345
-0.0253
-0.0253
128
127
22.15
0.034899015213
-0.0126053212586
-0.02265
129
128
22.5
0.01994972532
-0.0121918654775
-0.0174
130
129
22.7
0.0347929968964
-0.0735627793447
-0.09605
131
130
23.1
0.0147996906115
-0.0117415608635
-0.01925
132
131
23.25
0.0346979655921
-0.0231467612581
-0.03755
133
132
23.6
0.0247487968892
-0.0215783555111
-0.03405
134
133
23.85
0.0345974884027
-0.0194218505149
-0.03575
135
134
24.2
0.0248491050712
-0.0152384559527
-0.0262
136
135
24.45
0.0345991478716
-0.0154370174447
-0.0253
137
136
24.8
0.0198996033584
-0.0143811421619
-0.0236
138
137
25.0
0.0344989737606
-0.0100335541078
-0.0218
139
138
25.35
0.0197999771086
-0.00261616228376
-0.0035
140
139
25.55
0.0346497578391
-0.0145529707567
-0.01655
141
140
25.9
0.021496917314
-0.00738038454855
-0.04365
142
141
26.15
0.0366491059891
-0.0438620791565
-0.04365
143
142
26.55
0.00984999622939
0.000870558374501
0.00175
144
143
26.65
0.0348998572377
0.00996410855633
0.01565
145
144
27.0
0.0295991868128
0.0154775039905
0.02795
146
145
27.3
0.009849905735
0.00785279173648
0.01225
147
146
27.4
0.0197994865727
0.0136955855142
0.0236
148
147
27.6
0.0149496171899
0.01485
0.0236
149
148
27.75
0.00979990622085
0.0104303568581
0.01485
150
149
27.85
0.0049
0.00875
0.00875
151
150
27.9
0.00994995372127
0.0109153266807
0.01395
152
151
28.0
0.00495
0.00875
0.00875
153
152
28.05
0.00464990275523
0.00885320773836
0.1073
154
153
28.2
0.00435
0.10645
0.10645
155
154
28.35
0.0100998626187
0.0232646011457
0.0288
156
155
28.45
0.00999975696679
0.0163657466096
0.02355
157
156
28.55
0.0052
0.00875
0.00875
158
157
28.6
0.00979984219286
0.015275
0.02095
159
158
28.7
0.009849905735
0.0131472082635
0.0175
160
159
28.8
0.00634832360943
0.0241270152607
0.06545
161
160
28.9
0.000300079903012
-3.10756145726
0.0951
162
161
29.0
0.0144494336113
0.0674309967934
0.0776
163
162
29.2
0.0300942389181
0.0367811585218
0.0672
164
163
29.5
0.0198484589854
0.0300433473979
0.04625
165
164
29.7
0.0196485880124
0.0267260325407
0.04365
166
165
29.9
0.0198980679847
0.0297897487498
0.04795
167
166
30.1
0.0245977423089
0.0299620402503
0.04975
168
167
30.35
0.0347425325315
0.0454102689989
0.0742
169
168
30.7
0.005
0.0122
0.0122
170
169
30.75
0.034839608335
0.0576291339564
0.0865
171
170
31.1
0.00984999167697
0.00480659898849
0.0061
172
171
31.2
0.0347483689844
0.0231940096502
0.03755
173
172
31.55
0.0349390953189
-0.00149897224823
-0.062
174
173
31.95
0.026548712283
-0.048368270189
-0.048
175
174
32.25
0.0296498859042
0.00562934666253
0.0078
176
175
32.55
0.0216467940815
-0.0105622945189
-0.04625
177
176
32.8
0.0183499989993
-0.0198925068217
-0.02005
178
177
33.0
0.0147999962499
0.0017452702739
0.00175
179
178
33.15
0.0212463687923
-0.0117474421169
-0.04885
180
179
33.4
0.0179997925875
-0.0150204185645
-0.00875
181
180
33.6
0.0146499546006
0.00757286739335
0.01045
182
181
33.75
0.0148999888846
0.00259496666425
0.00345
183
182
33.9
0.0147999949554
0.00143530398823
0.0026
184
183
34.05
0.0196999874197
-0.00108413700458
-0.00175
185
184
34.25
0.0198999120764
-0.00408241314033
-0.00695
186
185
34.45
0.0198999649893
-0.00540703552325
-0.0078
187
186
34.65
0.0196499386761
-0.00655267346432
-0.0087
188
187
34.85
0.0149499660451
-0.00439347831065
-0.00695
189
188
35.0
0.00984998492069
-0.00782335022661
-0.0096
190
189
35.1
0.014899994913
-0.00583724825665
-0.007
191
190
35.25
0.0148499012807
-0.00928333694656
-0.01305
192
191
35.4
0.0147499950154
-0.00552457633868
-0.00435
193
192
35.55
0.0148999544456
-0.0105058742786
-0.01225
194
193
35.7
0.00974999626846
-0.0052115384581
-0.0061
195
194
35.8
0.00495
-0.0
-0.0
196
195
35.85
0.0148498427931
-0.0101715385694
-0.0166
197
196
36.0
0.0148499687779
-0.00319999898379
-0.0061
198
197
36.15
0.0150499531048
-0.00493073133106
-0.00785
199
198
36.3
0.0148999888273
-0.00346375817119
-0.0052
200
199
36.45
0.00994995372127
-0.00831532668069
-0.01135
201
200
36.55
0.014749946075
-0.00232660804526
-0.0061
202
201
36.7
0.0149499912347
-0.00639230760668
-0.00785
203
202
36.85
0.014849984045
-0.00405067312894
-0.00605
204
203
37.0
0.0196498755478
-0.00369655837332
-0.00955
205
204
37.2
0.0148
-0.00085
-0.00085
206
205
37.35
0.0148499797875
-0.00493333386266
-0.0061
207
206
37.5
0.0148499839108
-0.0040565653882
-0.00605
208
207
37.65
0.0197999832694
-0.00129343433974
-0.0026
209
208
37.85
0.019999996189
-0.000885375002255
-0.000900000000001
210
209
38.05
0.0149499912347
-0.00374230760668
-0.00345
211
210
38.2
0.0147999540826
-0.00114797250585
-0.00435
212
211
38.35
0.0149
-0.0
-0.0
213
212
38.5
0.0198499835972
-0.000476700579667
0.0017
214
213
38.7
0.0147497402414
0.0058442192649
0.01395
215
214
38.85
0.0147499890557
0.00519610147039
0.00695
216
215
39.0
0.0199
0.0035
0.0035
217
216
39.2
0.014899984146
0.00141107353278
0.00345
218
217
39.35
0.0246999749976
0.00140040467634
0.000900000000001
219
218
39.6
0.0199499374999
0.00651955052881
0.0087
220
219
39.8
0.0247499304219
0.00817878632793
0.01215
221
220
40.05
0.0148999662023
0.00608255031565
0.0087
222
221
40.2
0.0149498529462
0.00517959082274
0.0113
223
222
40.35
0.0148499913004
0.00989999991662
0.01135
224
223
40.5
0.0149999388041
0.0108043345754
0.01395
225
224
40.65
0.0196994070274
0.0142033836658
0.02615
226
225
40.85
0.0147997882571
0.0153841232949
0.02185
227
226
41.0
0.0147996229903
0.01493868356
0.0236
228
227
41.15
0.00974981864475
0.0149438473176
0.02095
229
228
41.25
0.00969994059388
0.0122139173785
0.01575
230
229
41.35
0.0100498842271
0.0126261192196
0.01745
231
230
41.45
0.00495
0.01045
0.01045
232
231
41.5
0.00979990622085
0.0147803568581
0.0192
233
232
41.6
0.00614825013339
0.0230928588906
0.07155
234
233
41.7
0.000550172878516
-3.11042128865
0.0951
235
234
41.8
0.00445
0.0593
0.0593
236
235
41.9
0.0103499521843
0.0158995161367
0.0192
237
236
42.0
0.00984993974499
0.0164756340106
0.0201
238
237
42.1
0.00984988655453
0.013476902992
0.01835
239
238
42.2
0.0100998120901
0.01485
0.02095
240
239
42.3
0.00989965903125
0.0204161596911
0.0288
241
240
42.4
0.005
0.00875
0.00875
242
241
42.45
0.000949881365526
0.0691193599031
0.1152
243
242
42.55
0.0
1.19922435439
0.048
244
243
42.6
0.00909962738793
0.0656874039229
0.07335
245
244
42.75
0.0202485049994
0.0258175782636
0.04105
246
245
42.95
0.00984969651857
0.0209101514658
0.0288
247
246
43.05
0.0247974719001
0.0306433378806
0.04975
248
247
43.3
0.0294450818824
0.042283043723
0.0672
249
248
43.6
0.0249471747184
0.0271362564156
0.04885
250
249
43.85
0.0348949721742
0.0331884177202
0.05855
251
250
44.2
0.0346478048807
0.0233232862322
0.0428
252
251
44.55
0.00495
0.0035
0.0035
253
252
44.6
0.0348479588909
0.0223462030872
0.0358
254
253
44.95
0.0348493572255
0.0139499915548
0.02265
255
254
45.3
0.0099
-0.0
-0.0
256
255
45.4
0.0246999377406
0.0055454440654
0.00955
257
256
45.65
0.0246497072035
0.00816237380259
0.01485
258
257
45.9
0.0297996716418
0.0059269300017
0.01215
259
258
46.2
0.0297999392861
0.0105029371363
0.01225
260
259
46.5
0.0346499546609
0.000551514900729
0.0027
261
260
46.85
0.0198499982073
-0.000423929470968
-0.0
262
261
47.05
0.0296999901377
-0.00145690240442
-0.0026
263
262
47.35
0.0346999669381
0.000613760606112
-0.0009
264
263
47.7
0.00495
0.00175
0.00175
265
264
47.75
0.0346499712648
0.00322893191118
0.0052
266
265
48.1
0.0198498246411
0.00726197834481
0.00965
267
266
48.3
0.024799918583
0.00717418959839
0.0122
268
267
48.55
0.0247499639761
0.00821646379646
0.01135
269
268
48.8
0.0148999840929
0.00402265072003
0.00605
270
269
48.95
0.0149999454446
0.00669549790992
0.01045
271
270
49.1
0.0197999924203
0.003475
0.00435
272
271
49.3
0.0197996339256
0.00766767880227
0.01485
273
272
49.5
0.0149499529447
0.00320769278389
0.0061
274
273
49.65
0.00984997670228
0.00566395937345
0.00785
275
274
49.75
0.00975
0.0035
0.0035
276
275
49.85
0.005
0.0061
0.0061
277
276
49.9
0.00994998476445
0.00525879397883
0.007
278
277
50.0
0.00994995377736
0.0101572867644
0.0131
279
278
50.1
0.00984995419585
0.0118464468445
0.01485
280
279
50.2
0.00495
0.0061
0.0061
281
280
50.25
0.00485
0.00525
0.00525
282
281
50.3
0.00584864418416
0.0123744282657
0.0646
283
282
50.4
0.000699893939735
-3.0943373058
0.0899
284
283
50.5
0.00550006798384
0.100746596196
0.10035
285
284
50.65
0.00974979085656
0.0153335902239
0.02185
286
285
50.75
0.00989978763338
0.01355
0.0201
287
286
50.85
0.00495
0.01045
0.01045
288
287
50.9
0.00994990477795
0.00870301493511
0.0131
289
288
51.0
0.00629834591089
0.0207150632663
0.0646
290
289
51.1
0.000450273906308
-3.11712495705
0.09425
291
290
51.2
0.00405
0.0576
0.0576
292
291
51.3
0.0103999008002
0.0189725945488
0.0236
293
292
51.4
0.0150495309726
0.0220448585883
0.0314
294
293
51.55
0.0101498111644
0.0148199503662
0.02095
295
294
51.65
0.00984988653114
0.0152743656694
0.02005
296
295
51.75
0.00979976163773
0.0173538253765
0.0244
297
296
51.85
0.0015498759656
0.0565713840115
0.10475
298
297
51.95
0.00445
0.1056
0.1056
299
298
52.1
0.0254960601647
0.0379391540317
0.0637
300
299
52.35
0.0243975495746
0.0282280573056
0.04715
301
300
52.6
0.0345931253328
0.0445032623647
0.07405
302
301
52.95
0.0299387455214
0.0420390796493
0.0847
303
302
53.25
0.0297425129402
0.0526358898503
0.08205
304
303
53.55
0.034547957579
0.0262461270157
0.0375
305
304
53.9
0.015
-0.0
-0.0
306
305
54.05
0.0346999390567
-0.000844955993806
-0.00435
307
306
54.4
0.0148499887902
-0.00782457933825
-0.0087
308
307
54.55
0.0345985004327
-0.014435585255
-0.03055
309
308
54.9
0.0151499192464
-0.012216668906
-0.0157
310
309
55.05
0.0345473667483
-0.0211588912605
-0.0366
311
310
55.4
0.00989995395736
-0.00743080817633
-0.01045
312
311
55.5
0.0346477724723
-0.0244642926707
-0.04105
313
312
55.85
0.0297490071838
-0.0125214002125
-0.0244
314
313
56.15
0.0346487211679
-0.0149763824982
-0.0279
315
314
56.5
0.01999976628
-0.00984150671163
-0.0157
316
315
56.7
0.0347486287863
-0.0189446819015
-0.0305
317
316
57.05
0.00495
-0.0061
-0.0061
318
317
57.1
0.0347489535458
-0.0132838736779
-0.02525
319
318
57.45
0.0344490103655
-0.0209274705987
-0.0253
320
319
57.8
0.0132459835944
-0.0620048795623
-0.0951
321
320
58.0
0.0347998315167
-0.00118476581863
0.0017
322
321
58.35
0.0134951280145
-0.0614000282834
-0.09775
323
322
58.55
0.0351498027078
0.00220306230302
0.00525
324
323
58.9
0.00995
0.0026
0.0026
325
324
59.0
0.0135462154701
-0.0583157823659
-0.09075
326
325
59.2
0.0315993328031
-0.0428250540822
-0.041
327
326
59.55
0.0230478539922
-0.00614595110161
-0.03485
328
327
59.8
0.0102982445513
-0.050055238708
-0.07335
329
328
59.95
0.0232481549271
-0.0416748037962
-0.0576
330
329
60.2
0.0245975222847
-0.0236435952537
-0.04625
331
330
60.45
0.0148989589805
-0.0306859514329
-0.0445
332
331
60.6
0.0195989772629
-0.0235090161663
-0.0384
333
332
60.8
0.0248976428972
-0.029423581603
-0.048
334
333
61.05
0.0295982143293
-0.0207692673908
-0.03845
335
334
61.35
0.0298985297493
-0.0177949478183
-0.03315
336
335
61.65
0.0247493006989
-0.0146799740619
-0.0262
337
336
61.9
0.0246498114641
-0.00694756995966
-0.0113
338
337
62.15
0.0297497224885
-0.00556412163004
-0.0096
339
338
62.45
0.0246999875225
-0.00192257105147
-0.00175
340
339
62.7
0.0247499864688
-0.00223707068608
-0.0017
341
340
62.95
0.0297999420403
0.000163675320588
0.00175
342
341
63.25
0.0296998523495
0.00612794301139
0.0105
343
342
63.55
0.0147999513174
0.00259898514083
0.0061
344
343
63.7
0.0298496371572
0.0105885166497
0.0192
345
344
64.0
0.0248999026862
0.00382972047092
0.0061
346
345
64.25
0.0296999511631
0.00784166644543
0.0087
347
346
64.55
0.0248499133125
-0.000893963412853
-0.00435
348
347
64.8
0.0296999190212
-0.000412288848021
-0.00345
349
348
65.1
0.02489970897
-0.00902239247858
-0.0157
350
349
65.35
0.0247990222345
-0.0172580714031
-0.02965
351
350
65.6
0.0344479854546
-0.0194216198482
-0.03665
352
351
65.95
0.0297990408409
-0.0136835952491
-0.02615
353
352
66.25
0.0245997879583
-0.01012438151
-0.0174
354
353
66.5
0.0245999197622
-0.00944013988075
-0.01395
355
354
66.75
0.0198999789549
0.0004603012528
0.00265
356
355
66.95
0.0147999798216
0.00492939241852
0.0061
357
356
67.1
0.0199996697584
0.00891789427827
0.01395
358
357
67.3
0.014799966538
0.0026
0.0052
359
358
67.45
0.0148499037613
0.00720774576896
0.01135
360
359
67.6
0.0198496745647
0.00908225139029
0.01565
361
360
67.8
0.0197496857557
0.0139853166117
0.0218
362
361
68.0
0.0197499232146
0.00651581882442
0.0113
363
362
68.2
0.0149499949827
0.00056772568376
0.00175
364
363
68.35
0.0149499949044
0.0064147157849
0.007
365
364
68.5
0.0149499846875
0.0026
0.00435
366
365
68.65
0.00979976163773
0.0070461746235
0.01395
367
366
68.75
0.0148499208455
0.010483331094
0.01485
368
367
68.9
0.00999993880519
0.00535500042837
0.00875
369
368
69.0
0.0051
0.00875
0.00875
370
369
69.05
0.0100499038399
0.00704029892399
0.01135
371
370
69.15
0.00979995442253
0.00911887745452
0.0122
372
371
69.25
0.0100499225887
0.00475547253654
0.0087
373
372
69.35
0.00495
0.0061
0.0061
374
373
69.4
0.00994997646574
0.00303592966547
0.0052
375
374
69.5
0.0003
-3.09099265359
0.15095
376
375
69.65
0.0
0.0642743543875
0.0977
377
376
69.75
5e-05
0.0471
0.0986
378
377
69.85
0.0001
0.1431
0.1431
379
378
70.0
0.00934982967029
0.0113307593597
0.01655
380
379
70.1
0.00989990529273
0.00796338440207
0.01225
381
380
70.2
0.0100499039352
0.013277364155
0.0175
382
381
70.3
0.00530041335072
0.0106835242196
0.09775
383
382
70.45
5e-05
-3.09449265359
0.0986
384
383
70.55
0.0139494314389
0.0158834252276
0.02445
385
384
70.7
0.0101496876393
0.0197793047911
0.0279
386
385
70.8
0.00999975696679
0.0189657466096
0.02615
387
386
70.9
0.00999992297197
0.017875
0.0218
388
387
71.0
0.0146495356241
0.0209346683328
0.02965
389
388
71.15
0.00540049768653
0.0138612486427
0.10205
390
389
71.3
0.000150068677811
0.0398782118066
0.1484
391
390
71.45
0.0239452520093
0.0272866100333
0.0576
392
391
71.7
0.0245954859321
0.0399657985429
0.0646
393
392
71.95
0.0344970335693
0.0347896610189
0.04975
394
393
72.3
0.014749966538
0.00435
0.00695
395
394
72.45
0.0347499901768
0.00239582729602
0.0018
396
395
72.8
0.0245999761979
-0.0112149394121
-0.01225
397
396
73.05
0.0346989177088
-0.012970724441
-0.02615
398
397
73.4
0.0295988256193
-0.0117145274795
-0.0279
399
398
73.7
0.0346492035254
-0.0130924567632
-0.02005
400
399
74.05
0.0345983665705
-0.0199995089377
-0.03755
401
400
74.4
0.0099
-0.0
-0.0
2.0
401
74.5
0.0344998387707
0.0526733285524
0.0487442731662
402
3.0
75.05
0.0197999685287
0.00954716179112
0.00800675838302
4.0
402
75.25
0.0297999898259
0.00837045368845
0.0072077019451
403
7.0
76.4
0.0298494284814
0.0120505194963
0.0231348030048
9.0
403
76.7
0.0297998020006
0.0264132531968
0.0303654317192
404
9.0
77.0
0.0347999067042
0.00304794258325
0.00851576234422
405
404
77.35
0.0346499076858
0.0158175142956
0.0196413959536
406
405
77.7
0.0248499421381
0.00845934290761
0.0103961638483
407
406
77.95
0.019799684981
0.0143074170156
0.0198793724998
408
407
78.15
0.0197498336895
0.0105021500095
0.0160982258083
409
408
78.35
0.014799832056
0.0100140167841
0.0163324361358
410
409
78.5
0.0148999538247
0.00716260258853
0.0100703202572
411
410
78.65
0.0198496259152
0.0122508015861
0.0209296532281
412
411
78.85
0.00984997670228
0.00555442606111
0.00771838543457
413
412
78.95
0.00984999167697
0.00460454780402
0.00591114679251
414
413
79.05
0.0149497790682
0.0152865873304
0.021137246121
415
414
79.2
0.00984986554819
0.0110875474131
0.0163390704971
416
415
79.3
0.00994990477795
0.0128017898326
0.0171987748975
417
416
79.4
0.0148498418207
0.0142994296562
0.0200807441209
418
417
79.55
0.0199487426675
0.0276381198108
0.0439570981034
419
418
79.75
0.0149496172155
0.019109906751
0.0279184359309
420
419
79.9
0.0147996201607
0.0159164705187
0.024325246592
25.0
420
80.05
0.0049
0.0129761744958
0.0129761744958
421
26.0
80.35
0.0100498381712
0.010546464664
0.0162496987979
422
27.0
80.75
0.005
0.00935417757524
0.00935417757524
28.0
422
80.8
0.00495
0.00943462123094
0.00943462123094
29.0
422.0
80.9
0.0249467196834
0.0291767547247
0.0552313896791
33.0
31.0
81.5
0.0248493132212
-0.00602642884529
-0.0168374169199
423
42.0
83.9
0.0147999392166
-0.00579850551001
-0.00955441881586
43.0
423
84.05
0.0148498637605
-0.00730166958352
-0.0128535242426
424
46.0
84.75
0.00979997681995
-0.00362796422595
-0.00580296422595
47.0
424
84.85
0.024649599187
-0.0105775970901
-0.0193587334098
425
47.0
85.1
0.0149999680036
-0.00191463616126
-0.00340813519213
48.0
425
85.25
0.0183487255094
0.0212376651459
0.0434535899503
426
48.0
85.45
0.00669949979277
0.0361477275614
0.0480077840239
49.0
426
85.55
0.00335
-0.0162561911938
-0.0162561911938
427
49.0
85.6
0.0133454824768
0.0857820130655
0.12040510961
428
427
85.8
0.0166403547403
0.0753513593
0.124018765712
429
428
86.05
0.0171420081903
0.07061101942
0.114925447205
430
429
86.3
0.0201349663935
0.0788111366748
0.136101272277
431
430
86.6
0.0367235559199
0.0296978019367
0.108542149509
432
431
87.05
0.0318484323707
0.0348276515451
0.022021840127
433
432
87.4
0.00495
-0.00752530385565
-0.00752530385565
434
433
87.45
0.0347498980901
0.00241259309238
-0.00274222964451
435
434
87.8
0.0198997696397
0.00749974907939
0.0144601826448
436
435
88.0
0.0346989351396
0.0183235470791
0.0311621089985
437
436
88.35
0.0051
0.00638173559507
0.00638173559507
438
437
88.4
0.03484851254
0.0225592729804
0.0378998372609
439
438
88.75
0.0245997833256
0.0131632796937
0.020645909819
440
439
89.0
0.0249498782973
0.0106367360421
0.0136423448491
127.0
440
89.25
0.0397490499525
0.220264881422
0.20547123645
441
127.0
89.65
0.0147998411333
-0.0231186469627
-0.0289549661555
129.0
441
89.8
0.0346968360006
-0.0194583892482
-0.0394869760752
442
133.0
91.35
0.0146998147576
-0.0100820657797
-0.016457069156
134.0
442
91.5
0.0297996793465
-0.00746141647746
-0.0146929662254
443
139.0
93.05
0.0049
-0.00288566819676
-0.00288566819676
140.0
443
93.1
0.0345998716158
0.00107631023283
-0.0030040359755
444
141.0
93.7
0.0116477054251
0.0216942995197
0.049778069095
142.0
444
93.85
0.0168962472094
0.0167788863221
0.0541249980735
445
143.0
94.35
0.0351450370895
0.0694477056772
0.0794028791572
446
445
94.75
0.0116478267585
0.0216848573115
0.0474505122191
447
446
94.9
0.0167915064128
0.0677094040796
0.114446745322
448
447
95.15
0.0319459710527
0.0175751946152
0.0585340783764
449
448
95.5
0.00659947193279
0.0395137110323
0.0521637110323
450
449
95.6
0.0334839321676
0.0925401365068
0.112699287274
451
450
96.0
0.0313943697439
0.0154507482788
0.0624875271547
452
451
96.35
0.0132998527216
0.0343547162079
0.0374875910537
453
452
96.5
0.0345497063402
0.00816870770474
0.013372542248
454
453
96.85
0.0346984638286
0.0185208143197
0.0350905952623
455
454
97.2
0.00505
0.0115851863172
0.0115851863172
456
455
97.25
0.0317431750909
0.0691788488229
0.0925314064185
457
456
97.6
0.00984999623017
0.00219986968101
0.00306154480452
458
457
97.7
0.0263935592933
0.025026341948
0.0720588452199
459
458
98.0
0.0334867194939
0.0807692093906
0.0987190623354
460
459
98.4
0.0150440050143
0.0409370511142
0.0785205421287
461
460
98.6
0.0345956482927
0.0445530270498
0.0863708345479
462
461
99.0
0.0032
0.0219791934379
0.0219791934379
463
462
99.05
0.0205334870581
0.0761965464078
0.137296080574
464
463
99.35
0.0333367943549
-0.000388052368732
0.0565813651565
465
464
99.75
0.0133448575743
0.0642874145599
0.100216760648
466
465
99.95
0.0264467962027
0.0276118324598
0.00369875773291
467
466
100.25
0.0212797952037
0.0601606506139
0.12316443974
468
467
100.55
0.0200335196119
0.0818374121556
0.139678221538
469
468
100.85
0.019984680024
0.0764512914822
0.134442461089
470
469
101.15
0.0200825016097
0.0901927992981
0.150157750312
471
470
101.45
0.0166902929694
0.0740519146548
0.121171172912
472
471
101.7
0.0233755394993
0.0938069846361
0.163287716294
473
472
102.05
0.0250976092786
0.0546926070045
0.0479133772141
474
473
102.35
0.0345904163429
-0.0429692201624
-0.0714292918271
475
474
102.7
0.0248979641041
-0.037360418447
-0.0517762704797
476
475
102.95
0.0347989125329
-0.0181646386092
-0.0261474020983
477
476
103.3
0.0349490944691
0.015417366511
0.0286751189106
478
477
103.65
0.00999999617226
0.00457604011072
0.00545979011296
479
478
103.75
0.0345481206355
0.0185798209609
0.0347520835867
480
479
104.1
0.0298486195825
0.0211904971372
0.0347273243811
481
480
104.4
0.0349978651075
0.0226990379985
0.0382635745693
482
481
104.75
0.0246998297306
0.0109538592033
0.0161850306201
483
482
105.0
0.0347991584939
0.0174597376308
0.0294149238379
484
483
105.35
0.0148499840074
0.00694610376794
0.00896277071563
485
484
105.5
0.0346495424268
0.0130545477962
0.0189150027428
486
485
105.85
0.0149499962091
-0.000638678559103
-0.000655233740909
487
486
106.0
0.0345499376247
0.00206540112623
0.00492451914289
488
487
106.35
0.00975
0.000147993699722
0.000147993699722
489
488
106.45
0.0347490969491
-0.0099518474466
-0.0230157780239
490
489
106.8
0.0148996903281
-0.019327654121
-0.0268855337411
491
490
106.95
0.0347953571487
-0.0352249133671
-0.0588945145712
492
491
107.3
0.0344457233893
-0.0299793015092
-0.0528017990035
493
492
107.65
0.00989993936256
-0.0121223717177
-0.0156223717177
494
493
107.75
0.0345940836799
-0.0361463433111
-0.0624396247207
495
494
108.1
0.0346926128834
-0.0394866414822
-0.0701443867236
496
495
108.45
0.0346890726484
-0.0482200972039
-0.0841050722745
497
496
108.8
0.0345913363959
-0.0420228241294
-0.0762670137963
498
497
109.15
0.00495
-0.0165482140488
-0.0165482140488
499
498
109.2
0.0345906655192
-0.0522567420623
-0.0842563123141
500
499
109.55
0.00495
-0.0130519186208
-0.0130519186208
501
500
109.6
0.0348589012379
0.020600488904
0.110432135587
502
501
110.05
0.00664963518626
0.0359514676346
0.0463477053555
503
502
110.15
0.034941880469
-0.0118833464376
0.0353074277745
504
503
110.55
0.0235429855326
0.0670787552536
0.0822993094601
505
504
110.85
0.0329966682193
-0.0336931643168
-0.0338071781843
506
505
111.2
0.0301494128283
-0.0034095241505
-0.0101654004669
507
506
111.5
0.0313440692441
0.0108887732519
0.0605251880336
508
507
111.85
0.0318482419782
0.0516744871761
0.0544172177058
509
508
112.2
0.0099
8.11171984862e-05
8.11171984862e-05
510
509
112.3
0.0395985820617
0.0124144303683
0.0247372635325
511
510
112.7
0.033126788383
0.0702183128841
0.100734803795
512
511
113.1
0.00505
-0.000814963990898
-0.000814963990898
513
512
113.15
0.0326819005016
0.0276250941666
0.0963074246989
514
513
113.55
0.0233499858847
0.0272240304054
0.0255370923941
515
514
113.8
0.031871898086
0.0268333036448
0.105098196572
516
515
114.2
0.0034
0.025331315638
0.025331315638
517
516
114.25
0.0353421124794
-0.0055594589801
0.0429752625276
518
517
114.65
0.00979826183338
0.0440794020143
0.0672972545995
519
518
114.8
0.0269368008824
0.0865744937129
0.1040796037
520
519
115.15
0.0198921939156
0.00578571058422
0.0534089754925
521
520
115.4
0.0168398735751
0.0714965636673
0.119704276118
522
521
115.65
0.0169412678414
0.0696693114006
0.111850089165
523
522
115.9
0.0198346796474
0.0797381423865
0.138077493679
524
523
116.2
0.013496341422
0.0577839495013
0.087362956362
525
524
116.4
0.0202835476864
0.079200901845
0.138868036933
526
525
116.7
0.0200956638147
0.0632526446227
0.0787360760225
527
526
116.95
0.0295498116161
-0.0154952714863
-0.0224891875261
528
527
117.25
0.0297974089744
-0.0227452453966
-0.0451923116867
529
528
117.55
0.0246994280277
-0.0194790125813
-0.0260729133802
530
529
117.8
0.0297499530956
0.00204533108556
0.0036499525095
531
530
118.1
0.0246494216313
0.011785716279
0.0228210329301
532
531
118.35
0.0344972084369
0.0225796858166
0.0403183199954
533
532
118.7
0.00505
0.0087703041127
0.0087703041127
534
533
118.75
0.0247986186281
0.0282457545414
0.0420079077682
535
534
119.0
0.0281436702064
0.035217138052
0.0734808570525
536
535
119.3
0.0244493712581
0.0256659901103
0.0367564908636
537
536
119.55
0.0298466562641
0.021271394564
0.0438262835759
538
537
119.85
0.0066495033357
0.0337874242341
0.0462881898448
539
538
119.95
0.0066996325044
0.0348044470501
0.045435796051
47.0
539
120.05
0.0182391625962
0.0545670176398
0.105963911781
427.0
48.0
120.55
0.0215489447238
0.0486863788422
0.0537822611376
540
428.0
121.0
0.00809954001977
0.0068584249765
0.0200461659094
429.0
540
121.1
0.0202824562782
0.0814653127102
0.144703985262
541
431.0
122.0
0.005
-0.00576141389567
-0.00576141389567
432.0
541
122.05
0.0247480178229
-0.033607375651
-0.0512790789837
434.0
432.0
122.3
0.034647835848
0.0202452388372
0.0364108528087
542
439.0
123.95
0.00989998484063
0.00918945236369
0.0109394523637
440.0
542
124.05
0.0346458148025
-0.0348050631857
-0.0576282116545
543
131.0
126.05
0.00994990477795
-0.0153016078541
-0.0196546227892
132.0
543
126.15
0.0248498620066
0.00176580363613
0.00540523979203
544
144.0
129.65
0.0098
-0.000581162678412
-0.000581162678412
145.0
544
129.75
0.0247999225112
0.0135745430923
0.0167451071401
545
145.0
130.0
0.0149996884384
0.00475922812066
0.0123950559785
146.0
545
130.15
0.0197496060279
0.0119739202204
0.0211235530905
546
146.0
130.35
0.0049
0.00287817065493
0.00287817065493
147.0
546
130.4
0.019598754818
0.025372939211
0.0384684673956
157.0
155.0
131.6
0.005
0.0131263813202
0.0131263813202
547
160.0
131.95
0.00460024132021
0.0121049992356
0.0506281909752
162.0
547
132.05
0.0199988591237
0.0229099878533
0.0370165082965
170.0
168.0
133.5
0.0344479490138
0.0272281885113
0.0424035518131
548
172.0
134.35
0.0199999340646
0.00729470777927
0.0109859587707
173.0
548
134.55
0.019799966323
0.00086238670487
0.00347488703744
549
173.0
134.75
0.00819961007362
-0.00697062189296
-0.019318561388
174.0
549
134.85
0.0196999888641
0.00220673872902
0.00219201808178
550
174.0
135.15
0.0148499799958
0.0109626194432
0.00981952234513
175.0
550
135.3
0.023442426555
-0.0993836539984
-0.119145234791
551
175.0
135.6
0.00495
0.0191432067839
0.0191432067839
176.0
551
135.65
0.0197999772609
0.00323735207889
0.00411235140897
552
219.0
142.4
0.00485
0.00363074209846
0.00363074209846
220.0
552
142.45
0.0134948338891
0.0652457474697
0.101913985673
553
224.0
143.4
0.0170412973521
0.0697329178643
0.115855322502
554
553
143.65
0.0100978961047
0.0504286285704
0.0754425188845
555
554
143.8
0.00999818305771
0.0447658419705
0.0692729830642
556
555
143.95
0.0134460220015
0.0565377000028
0.0894844729462
557
556
144.15
0.016739646992
0.0718915722013
0.122741119447
558
557
144.4
0.0165390727363
0.0756237418336
0.125320612302
559
558
144.65
0.0415971832404
0.0618457105465
0.063068892823
560
559
145.1
0.0317620137609
0.0773552979461
0.129118349153
561
560
145.5
0.0331330304023
0.0125599173456
0.0793335281567
562
561
145.9
0.0066994640512
0.0348222212484
0.0472834052088
563
562
146.0
0.0333458432881
0.0465493036578
0.0774621842044
564
563
146.4
0.0100487288721
0.040085419335
0.0595645053612
565
564
146.55
0.0135951907333
0.0605616641314
0.0963415824286
566
565
146.75
0.0333956135161
0.0246305059027
0.0530935968714
567
566
147.15
0.013145775345
0.0572702467539
0.0902275264595
568
567
147.35
0.0167412603926
0.0640730672251
0.109497569007
569
568
147.6
0.0201332427655
0.0846493995074
0.145368734057
570
569
147.9
0.0137460239934
0.0543261620704
0.0858471008875
571
570
148.1
0.0318455448791
0.0188765470059
-0.00653162928419
572
571
148.45
0.0130494358024
-0.00727114479595
0.00805674937869
573
572
148.6
0.0349499524137
0.00368331519331
0.00568674824947
574
573
148.95
0.0080996759072
0.00986188373664
0.0210758270136
575
574
149.05
0.0285386682307
0.0825564893851
0.099955648484
576
575
149.4
0.0344999185595
7.93893857614e-05
0.00305323062157
577
576
149.75
0.0296993203835
0.0157432662127
0.0265274440345
578
577
150.05
0.0345978909373
0.0191517837748
0.0361818968994
579
578
150.4
0.0344978935545
0.0213299653286
0.036221689883
580
579
150.75
0.0049
0.00530050785678
0.00530050785678
581
580
150.8
0.0295994842729
0.0140781346975
0.0212256702154
582
581
151.1
0.0349494610819
0.0183985535112
0.0256824516055
583
582
151.45
0.0148499534111
0.00511144157543
0.00800268688889
584
583
151.6
0.0347491320062
0.00994489376134
0.0212604559868
585
584
151.95
0.0262931674459
0.0184313201041
0.0692029623244
586
585
152.25
0.0304332679743
0.0889759919839
0.145301088353
587
586
152.65
0.0067494956381
0.0342054932331
0.0463399331663
588
587
152.75
0.0364953970603
0.025219455886
-0.000525511311315
589
588
153.15
0.0247409116657
0.0063990421391
0.0613751447685
590
589
153.45
0.0350491570309
-0.00909448868504
-0.0197343667402
591
590
153.8
0.0215479653497
0.0212162521397
0.0438664379728
592
591
154.05
0.0220317786572
0.0641603832471
0.128504262838
593
592
154.35
0.0352497103968
-0.010981921227
-0.01445751035
594
593
154.7
0.00985
-0.00252484990451
-0.00252484990451
595
594
154.8
0.034849718538
0.00454382455234
0.0124719537624
596
595
155.15
0.00975
0.00967074571062
0.00967074571062
597
596
155.25
0.0347809022319
0.0392737040199
0.109346694073
598
597
155.65
0.00834987079219
0.0286639654425
0.0332175466883
599
598
155.75
0.0333311935714
0.0113211086377
0.0823330612101
600
599
156.15
0.0228492039927
0.00794174525285
-0.00242759576187
601
600
156.4
0.0167893670735
0.0728241309058
0.121467616979
602
601
156.65
0.0332473413093
0.0472324555988
0.0474695582602
603
602
157.05
0.010248067631
0.0552358619691
0.0786441125988
604
603
157.2
0.0201371841102
0.0735364377205
0.126738524702
605
604
157.5
0.0347476760623
0.053855954834
0.076202672331
606
605
157.9
0.0199866109613
0.0826726220961
0.135484564723
607
606
158.2
0.0133457777246
0.0582052450192
0.091766935637
608
607
158.4
0.0131949907795
0.0621729849989
0.0978626796948
609
608
158.6
0.0135464262798
0.0546528184508
0.0856092448733
610
609
158.8
0.0100981110369
0.0457560144232
0.0698779032988
611
610
158.95
0.0133960057766
0.055806180853
0.0882022804471
612
611
159.15
0.0101478805402
0.0485141396456
0.0733734833499
613
612
159.3
0.0135448537911
0.0562274086004
0.0934968609086
614
613
159.5
0.00669946393177
0.0327449003624
0.0453949003624
615
614
159.6
0.00809996418541
0.0242647123152
0.0218924920908
616
615
159.7
0.00994969343738
-0.0182987855086
-0.0261093374622
617
616
159.8
0.0148489839063
-0.0262888310154
-0.0409388447685
618
617
159.95
0.00984978871139
-0.0187444613766
-0.0252612121702
619
618
160.05
0.00989972710466
-0.0230878203845
-0.0305128203845
620
619
160.15
0.0149491395261
-0.0289619445371
-0.0417938691341
621
620
160.3
0.0049
-0.0148334323228
-0.0148334323228
622
621
160.35
0.0197495980539
-0.0189294597992
-0.0269784434689
623
622
160.55
0.0196499890523
6.32147612996e-05
-0.00167660728566
624
623
160.75
0.01
0.000884486099211
0.000884486099211
625
624
160.85
0.0097
3.28777675589e-05
3.28777675589e-05
626
625
160.95
0.0148999616059
0.00639482776655
0.00959952702876
627
626
161.1
0.0148499386036
0.00468251957527
0.00874918904418
628
627
161.25
0.0148498840584
0.00961233354659
0.0148985323385
629
628
161.4
0.00999995349219
0.00571113535427
0.00873063525971
630
629
161.5
0.00994995373062
0.0135753544229
0.0165793743809
631
630
161.6
0.00989995395266
0.00742838419846
0.0104783841985
632
631
161.7
0.00984996606457
0.00523920091675
0.00787752582045
633
632
161.8
0.00989990525406
0.0148517516161
0.0192267516161
634
633
161.9
0.00999993875619
0.00874103844016
0.0122760385831
635
634
162.0
0.0148498730406
0.00558590095741
0.0113897811554
636
635
162.15
0.0149499230858
0.0172202122179
0.0209899438979
637
636
162.3
0.0147497813506
0.00939581052946
0.0166397188985
638
637
162.45
0.0149999383459
0.0116560170147
0.0148393491823
639
638
162.6
0.0149499665403
0.00965629865022
0.0122389073265
640
639
162.75
0.00985
0.0113746194243
0.0113746194243
641
640
162.85
0.0147998630087
0.0116664000677
0.0165870054705
642
641
163.0
0.00999990438316
0.010367327155
0.0148735779916
643
642
163.1
0.0198497825725
0.0102677035332
0.0148487982373
644
643
163.3
0.0197495490397
0.0100918257699
0.020949585508
645
644
163.5
0.0147999215081
0.00347839437024
0.00788633590767
646
645
163.65
0.014949757553
0.0129083394395
0.020085600965
212.0
646
163.8
0.0197494500921
0.102839026834
0.110032918525
647
213.0
164.05
0.00505
0.0154297814165
0.0154297814165
215.0
647
164.1
0.0149999663696
0.00406651570749
0.00667518238382
553.0
223.0
165.8
0.0346491498894
0.0587936519852
0.0696494267163
648
553.0
166.15
0.0051
0.00460349961213
0.00460349961213
649
648
166.2
0.0198997790974
0.0136344795102
0.0184755486487
650
649
166.4
0.0151498140611
0.0134704835227
0.0194496907098
651
650
166.55
0.0147999536208
0.00744795580754
0.0103489688587
652
651
166.7
0.0101499650377
0.0106147196238
0.0132009264313
653
652
166.8
0.00989995395266
0.00827090648906
0.0113209064891
654
653
166.9
0.00979990622085
0.010387862548
0.0148075056899
655
654
167.0
0.0051
0.00830115707143
0.00830115707143
656
655
167.05
0.00994986418313
0.0190919898342
0.0243432463546
657
656
167.15
0.00989984064765
0.0124007213162
0.0181903690111
658
657
167.25
0.005
0.00737629585567
0.00737629585567
659
658
167.3
0.005
0.00565181482179
0.00565181482179
660
659
167.35
0.00485
0.00831977778516
0.00831977778516
661
660
167.4
0.00984981674604
0.0139551551544
0.0200241903033
662
661
167.5
0.00989981581107
0.0173275373375
0.0234275373375
663
662
167.6
0.00979981769055
0.0154915452171
0.0216537908871
664
663
167.7
0.005
0.00828884529168
0.00828884529168
665
664
167.75
0.00485
0.0117665824642
0.0117665824642
666
665
167.8
0.0015
0.0536868361976
0.0536868361976
667
666
167.85
0.000150596105405
3.11099193591
0.0872208377601
668
667
167.95
0.0
1.70440406935
0.0466849508084
669
668
168.0
0.0
1.65685217138
0.0959830528396
670
669
168.1
0.00939953668553
0.0201206469481
0.0287591652186
246.0
670
168.2
0.0097998663526
0.105624871824
0.11068992139
671
246.0
168.3
0.00475
-0.00286056561123
-0.00286056561123
247.0
671
168.35
0.029699772304
0.00852936314265
0.0137852598979
672
257.0
171.05
0.005
0.00429415768292
0.00429415768292
258.0
672
171.1
0.0297994491535
0.0126985769361
0.0214791983082
673
259.0
171.6
0.00495
0.00518040633124
0.00518040633124
260.0
673
171.65
0.0198999986476
-0.00280249158259
-0.00216605941221
265.0
263.0
172.7
0.0343998890255
0.00336106244528
-0.00214330173576
674
265.0
173.05
0.0099
0.00160040787798
0.00160040787798
266.0
674
173.15
0.0235845601534
0.0414571455216
0.100817498517
675
267.0
173.65
0.0330994494485
0.00402713054742
0.0177098708112
676
675
174.0
0.0133467147619
0.0544288359956
0.0824759810557
677
676
174.2
0.0331992450369
0.00650727406983
0.026204841081
678
677
174.55
0.0034
0.0278401950404
0.0278401950404
679
678
174.6
0.0233730874476
0.0929674985781
0.166680223154
680
679
174.95
0.0232927908323
0.0682903458262
0.102900018841
681
680
175.25
0.0313949283439
0.0196202817191
0.0652469019936
682
681
175.6
0.0169985362245
0.0449127711533
0.0543999068058
683
682
175.8
0.0347497285303
0.00329917575484
0.0101954347345
684
683
176.15
0.0348472404404
0.0173708711207
0.0390070768819
685
684
176.5
0.0049
0.00685940247872
0.00685940247872
686
685
176.55
0.0246982323759
0.0250663050498
0.0420870558646
687
686
176.8
0.024699001725
0.021611857876
0.0341131532053
688
687
177.05
0.0347473558064
0.025047963162
0.0407584353896
689
688
177.4
0.0347470489407
0.0247262764574
0.046834758495
690
689
177.75
0.0346477027121
0.0168978883305
0.0363231093536
691
690
178.1
0.0346979994746
0.0163282980533
0.0320174335053
692
691
178.45
0.0345488389575
0.0131261948696
0.0267158780232
693
692
178.8
0.0148999009976
0.00793079074484
0.0117227335243
694
693
178.95
0.0344992230365
0.00965751241897
0.0206589592753
695
694
179.3
0.0298999299265
0.00178856472069
0.00512284642927
696
695
179.6
0.0245498856761
0.00147510896562
0.00620209645819
314.0
696
179.85
0.0498497530095
0.163893974413
0.16549061475
316.0
314.0
180.35
0.039499903879
-0.0739311431727
-0.0770839286273
318.0
316.0
180.75
0.0497908285751
-0.0013978540872
0.0509321245812
697
320.0
181.95
0.00335
0.0238648432376
0.0238648432376
698
697
182.0
0.0201316987083
0.0848140012381
0.148431670035
699
698
182.3
0.0333983822299
0.0107292182778
-0.00253028205089
700
699
182.65
0.0201348359874
0.078457345712
0.133922580596
701
700
182.95
0.0334932260133
0.0606576140445
0.106275825085
702
701
183.35
0.00654954595091
0.0320452445773
0.0439101342277
703
702
183.45
0.0327459973858
0.0628311494577
0.0797650576878
704
703
183.85
0.00684959310146
0.0328720996158
0.0438516648105
705
704
183.95
0.0232284756437
0.0843047373
0.150065201499
706
705
184.3
0.0200344584509
0.0824436226364
0.140314244592
707
706
184.6
0.0202346907935
0.0799246315571
0.136695619858
708
707
184.9
0.0201867812324
0.0788271513679
0.133184792251
709
708
185.2
0.0336889294689
0.0803720960847
0.0896923163067
710
709
185.6
0.005
-0.00518673633164
-0.00518673633164
711
710
185.65
0.0165400063062
0.0789273977666
0.125121648805
712
711
185.9
0.0350996322858
0.0116995930447
0.020474819279
713
712
186.25
0.0165909462273
0.0729365448183
0.119821433437
714
713
186.5
0.0332901217225
0.0394053499885
0.0963462121479
715
714
186.9
0.00315
0.0183890845503
0.0183890845503
716
715
186.95
0.0136450446231
0.0574339113527
0.0944067825322
717
716
187.15
0.0330489657942
0.00177268684691
0.0212606079535
718
717
187.5
0.00974819321831
0.0449394096652
0.0681475294046
719
718
187.65
0.0235432007363
0.0666051038991
0.0840327715295
720
719
187.95
0.0276991323695
-0.00588500309684
0.0114637323133
721
720
188.25
0.0284999080242
0.0280023096808
0.0254944162049
722
721
188.55
0.0262956620274
0.0117774656916
0.05337584688
723
722
188.85
0.015196415041
0.0503053239462
0.0725219370242
724
723
189.05
0.0349999476539
0.00327500540053
0.00101100533617
725
724
189.4
0.00505
1.21469614047e-05
1.21469614047e-05
726
725
189.45
0.0345992531312
0.00819049280005
0.0192834305858
727
726
189.8
0.0347483358247
0.0160692743466
0.0297176038818
728
727
190.15
0.0148498633575
0.00562413413084
0.0104724475912
729
728
190.3
0.0346989278796
0.0206728016393
0.0314924713292
730
729
190.65
0.0049
0.00435415509567
0.00435415509567
731
730
190.7
0.0344993582603
0.0132156118198
0.0200742875165
732
731
191.05
0.00999997635635
0.0100727306656
0.0122042305971
733
732
191.15
0.0346494962747
0.00988440378556
0.0157075640472
734
733
191.5
0.0246997561421
0.0108171215542
0.0174480934187
735
734
191.75
0.0347491365111
0.0125062934218
0.0191873394388
736
735
192.1
0.0348499318751
0.00644748547276
0.00782610678717
737
736
192.45
0.00969999912406
-0.00217860260722
-0.00175798405078
738
737
192.55
0.0202842984633
0.0804499028236
0.136070537842
739
738
192.85
0.0267990077776
0.0316299349546
0.0218134932074
740
739
193.15
0.0346470775662
-0.023127699594
-0.0428512870804
741
740
193.5
0.0333980115562
-0.0212843954237
-0.0149099946018
742
741
193.85
0.0219385321922
0.0713804240692
0.105592760423
743
742
194.15
0.0264958606773
-0.0215041055384
0.0147377731688
744
743
194.45
0.0169406517086
0.0663611932291
0.114245300704
745
744
194.7
0.0218994416093
0.0324617441628
0.0270428575526
746
745
194.95
0.0146439712269
0.0263794733284
0.0671034352712
747
746
195.15
0.00679945593076
0.0344278989065
0.0470778989065
748
747
195.25
0.0217858159941
0.0794045407872
0.116928037295
749
748
195.55
0.0296903590393
-0.00555436680522
0.0488588093829
750
749
195.9
0.0287914308284
0.0795660015823
0.0880028198708
751
750
196.25
0.0312726520323
0.0203408193028
0.0993815708791
752
751
196.65
0.0100982582656
0.0468997203769
0.0689067889911
753
752
196.8
0.0249429418806
0.0276761433075
0.0749602722627
754
753
197.1
0.0202332841868
0.079329444755
0.134357226233
755
754
197.4
0.0184427792207
0.0711125731609
0.101121915218
677.0
755
197.65
0.0100999914688
0.588818842476
0.587493099888
756
677.0
197.75
0.0180893764936
-0.0905756857945
-0.0394759370882
679.0
756
198.0
0.0167404339089
0.0690004999315
0.115739700832
683.0
681.0
198.8
0.0279745135147
0.0474695978284
0.10437513302
686.0
684.0
199.55
0.0345975860372
0.0156314638039
0.033051978819
694.0
692.0
201.7
0.0446493499183
0.00159406463721
0.00786925067904
757
696.0
202.8
0.0297999274147
-0.00119829110459
0.000670750768763
314.0
757
203.1
0.0270335853151
-0.0909529394506
-0.121091374952
323.0
321.0
205.25
0.0499907792956
0.0141337695278
-0.0387681688112
325.0
323.0
205.8
0.0345992063964
-0.0162743425221
-0.0226133405655
758
337.0
209.05
0.005
-0.00466536890316
-0.00466536890316
338.0
758
209.1
0.00994865028696
0.0418868127942
0.061393751555
759
357.0
214.05
0.0249448151057
0.0639479701309
0.0774642161238
760
759
214.35
0.0300102294945
0.0466982329049
0.133077788753
761
760
214.75
0.00664950311095
0.0338223076006
0.0459553857284
762
761
214.85
0.0217360551577
0.0824104264428
0.119551203083
763
762
215.15
0.0234491889636
-0.0190017763437
-0.0112184164736
764
763
215.4
0.0168913397231
0.0743698681382
0.118858282097
765
764
215.65
0.0101480211182
0.0500663189883
0.074663490558
766
765
215.8
0.0165904417323
0.0712043934904
0.118859780879
767
766
216.05
0.0217345489851
0.0786926532423
0.119693515786
768
767
216.35
0.0298499898305
-0.000317193129798
0.000965386430288
769
768
216.65
0.0264720246318
0.0563704111622
0.131863310489
770
769
217.0
0.0393993592607
0.0112817132348
0.0234178521476
771
770
217.4
0.0296975300588
0.0174965683141
0.0377838745112
772
771
217.7
0.0348959802575
0.0229281960892
0.0498962613666
773
772
218.05
0.0246985571716
0.0237891515266
0.0404888949127
774
773
218.3
0.0249487194624
0.0247803047255
0.0379091956448
775
774
218.55
0.0346468170097
0.0263282351054
0.0465233674141
776
775
218.9
0.00999983898841
0.00894498882168
0.0146767394308
777
776
219.0
0.0347975984132
0.0209056342406
0.0369261518396
778
777
219.35
0.00974997693882
0.00725217607446
0.00943832993821
0.0
778
219.45
0.0295493233644
0.00855402466869
0.0200626748221
779
1.0
220.05
0.0147499763394
-0.0041285492274
-0.00184922700115
2.0
779
220.2
0.00505
0.00503300690818
0.00503300690818
10.0
404.0
222.45
0.0149434337316
0.03330937516
0.0739146554617
780
11.0
223.1
0.0217993386898
0.0380241921916
0.0398485878472
781
780
223.35
0.0315675150522
0.0290519709112
0.113143550903
782
781
223.75
0.0337965211268
0.0383254912583
0.0720856776222
783
782
224.15
0.0034
0.0241729279617
0.0241729279617
784
783
224.2
0.0236239680647
0.0870556791202
0.159373065367
785
784
224.55
0.0200352625653
0.0794816163545
0.13457759452
786
785
224.85
0.0166413281864
0.0679796288318
0.114869182428
787
786
225.1
0.0232933576897
0.069416727067
0.0790481083746
788
787
225.4
0.0328751050631
0.0396073958609
0.083950936123
789
788
225.8
0.0328476547209
-0.0180211028439
-0.0169934124675
790
789
226.15
0.0218494586821
0.0432262593923
0.0393306728911
791
790
226.4
0.0345996164319
-0.0128402097749
-0.015056812291
792
791
226.75
0.034799809907
0.0046023462651
0.0093393411827
793
792
227.1
0.0100499653823
0.0066671169189
0.00933129611335
794
793
227.2
0.0335963957512
0.0367561258332
0.050584050556
795
794
227.55
0.0345491962095
0.011634536958
0.0199935612418
796
795
227.9
0.00505
0.00773516225997
0.00773516225997
797
796
227.95
0.0367885642736
0.0339472861684
0.0652879799867
798
797
228.35
0.0349999060438
-0.00480176338625
-0.00778826325174
799
798
228.7
0.0032
0.022592930714
0.022592930714
800
799
228.75
0.0287432431983
0.0734374234651
0.0820803464067
801
800
229.1
0.0350404637258
0.00106643310986
0.0557433263989
802
801
229.5
0.0101982266456
0.0444643664755
0.0686146145485
803
802
229.65
0.034792810524
0.00239774815498
0.0514330324908
804
803
230.05
0.0035
0.0252024850013
0.0252024850013
805
804
230.1
0.0332971072446
0.00225989373696
-0.0182490542796
806
805
230.45
0.0129994848408
-0.00266084000486
0.0127931382077
807
806
230.6
0.0331972160544
0.00397968377221
-0.0173345160848
808
807
230.95
0.0296973702258
-0.0312419885939
-0.0478273163226
809
808
231.25
0.0348463039183
-0.0310502863649
-0.0513319837421
810
809
231.6
0.0346485047448
-0.0218798403957
-0.0364285315874
811
810
231.95
0.03489904944
-0.0147294525221
-0.026022664137
812
811
232.3
0.0147999541518
-0.00818086206935
-0.0116394786558
813
812
232.45
0.0347494754914
-0.00866454697425
-0.0172380819864
814
813
232.8
0.0149999639299
-0.00350818880462
-0.00637818940962
815
814
232.95
0.0347494241488
-0.0121337817996
-0.0215636386993
816
815
233.3
0.0297994611394
-0.0119110124945
-0.0215153921329
817
816
233.6
0.0347908342511
0.00380359946156
0.0577402552861
818
817
234.0
0.0034
0.0199694770841
0.0199694770841
819
818
234.05
0.0334923763334
0.071154290341
0.0655849492759
820
819
234.45
0.01304937419
-0.00548615555612
0.0101942174874
821
820
234.6
0.0134455192128
0.062494000107
0.098265575267
822
821
234.8
0.0232944181033
0.0640420834772
0.0736924215563
823
822
235.1
0.026747191847
-0.0175472695251
0.0142925879308
824
823
235.4
0.0165907131541
0.0707299813162
0.11823525242
825
824
235.65
0.031698893122
0.0451319917537
0.0483153173904
826
825
236.0
0.00325
0.0269788545206
0.0269788545206
827
826
236.05
0.0164909976801
0.0737379432728
0.121819490375
828
827
236.3
0.0182999462781
0.0271644198697
0.026748433638
829
828
236.5
0.0216465482308
-0.0114237825878
0.0249236015027
830
829
236.75
0.016941552028
0.0691272097797
0.11307613713
831
830
237.0
0.0133954889794
0.053951721368
0.0886588466331
832
831
237.2
0.0101986695449
0.0449549156376
0.0634913182923
833
832
237.35
0.0198984408898
-0.0214343133447
-0.0395257304115
834
833
237.55
0.0116974923357
0.0108060135435
0.0399506065437
835
834
237.7
0.00999813878221
0.0445788878467
0.0687064950893
836
835
237.85
0.00679971403548
0.0311237409887
0.0400288804817
837
836
237.95
0.00679959605
0.0308344291907
0.0417344291907
838
837
238.05
0.0101478961027
0.049291314286
0.0740260142724
839
838
238.2
0.010098289361
0.0453890455183
0.0678773706559
840
839
238.35
0.0168429979839
0.0647005274051
0.104402538224
841
840
238.6
0.0199932037577
0.0658878841864
0.0930979433468
842
841
238.85
0.02469698846
0.0278700391187
0.0493970263048
843
842
239.1
0.0149495415769
0.0182721818161
0.0277758592716
844
843
239.25
0.0246981003354
0.0284486128739
0.0451064002255
845
844
239.5
0.0297988326784
0.0192405430687
0.0283914944576
846
845
239.8
0.0245498188437
0.014511624789
0.0188533681383
758.0
846
240.05
0.0365490706854
0.0310621888928
0.0486791456674
847
760.0
245.75
0.00664953901806
0.0384637156713
0.050150177745
761.0
847
245.85
0.0349474413813
0.0255829625769
0.0413197353162
777.0
775.0
249.9
0.0398480213813
0.0101504839817
0.0254093870456
0.0
777.0
250.3
0.0197997803662
0.0111210543485
0.0183181572021
3.0
779.0
251.1
0.00975
-0.000333943912701
-0.000333943912701
11.0
405.0
253.7
0.0298499174012
0.0039039553957
0.0085716292208
406.0
11.0
254.0
0.00995
0.00348094995512
0.00348094995512
12.0
406.0
254.1
0.00495
0.00418046653774
0.00418046653774
407.0
13.0
254.3
0.0198998176129
0.0042009096987
0.0109213955269
14.0
407.0
254.5
0.0049
-0.00229516842355
-0.00229516842355
408.0
14.0
254.55
0.00995
0.00212122752763
0.00212122752763
15.0
408.0
254.65
0.00495
0.00546323145048
0.00546323145048
409.0
15.0
254.7
0.00994999159246
0.00107223640315
0.00237876907015
16.0
410.0
254.85
0.00505
0.000556821025618
0.000556821025618
411.0
16.0
254.9
0.00485
0.00411366834078
0.00411366834078
17.0
411.0
254.95
0.0098999916345
-0.00256585386366
-0.00126585386366
412.0
17.0
255.05
0.0049
0.00256405967862
0.00256405967862
18.0
413.0
255.2
0.00485
-0.000136589956834
-0.000136589956834
414.0
18.0
255.25
0.005
0.00801183216246
0.00801183216246
19.0
414.0
255.3
0.005
0.011356508631
0.011356508631
415.0
19.0
255.35
0.005
0.00508577152302
0.00508577152302
20.0
416.0
255.45
0.0049
0.00265014758324
0.00265014758324
417.0
20.0
255.5
0.00994995372127
0.00813680343637
0.0111714767557
21.0
417.0
255.6
0.00495
0.00636993190249
0.00636993190249
418.0
21.0
255.65
0.014799655274
0.0175406240888
0.026571046269
22.0
418.0
255.8
0.00505
-0.00385652413086
-0.00385652413086
419.0
22.0
255.85
0.014999682456
0.0225825107858
0.0295309928339
24.0
419.0
256.0
0.005
0.0153501232166
0.0153501232166
420.0
24.0
256.05
