0
5
5
17.6856688252
8.8
0.000000000000000000e+00 1.000000000000000000e+00 7.790000000000000000e+02 
1
4.88880847681
1.91079728364
18.4856688252
4.6
2.000000000000000000e+00 3.000000000000000000e+00 4.020000000000000000e+02 
2
4.59273475911
9.43082372175
18.6654692484
6.15
4.000000000000000000e+00 5.000000000000000000e+00 
3
4.29385418254
6.27558999307
18.6811306219
3.75
6.000000000000000000e+00 7.000000000000000000e+00 
4
3.96936533373
2.80856888156
18.6151507608
1.5
8.000000000000000000e+00 9.000000000000000000e+00 
5
3.74018549341
0.287335592131
18.7018413685
1.0
1.000000000000000000e+01 
6
3.527943333
9.08864892072
18.6692468723
2.2
1.100000000000000000e+01 
7
3.37674990781
7.52276246004
18.6742733106
1.0
1.200000000000000000e+01 
8
3.25442856359
6.26884797778
18.6744365628
1.0
1.300000000000000000e+01 
9
3.16277001221
5.3299437913
18.6698721948
1.0
1.400000000000000000e+01 
10
3.03913367383
4.07074434303
18.6591169979
1.0
1.500000000000000000e+01 
11
2.92128174371
2.8254080232
18.6757014391
1.0
1.600000000000000000e+01 
12
2.8252105569
1.88033411892
18.6800157994
1.0
1.700000000000000000e+01 
13
2.697171074
0.615327116943
18.7060904526
1.0
1.800000000000000000e+01 
14
2.57454158358
10.3635037704
18.7601084788
1.0
1.900000000000000000e+01 
15
2.44020518503
9.10611563068
18.8194803574
1.0
2.000000000000000000e+01 
16
2.32506218231
8.16194590778
18.8825023432
1.0
2.100000000000000000e+01 
17
2.20419895291
7.22895719398
18.9344325368
1.0
2.200000000000000000e+01 
18
1.98486506857
5.66355775472
19.0473649542
1.0
2.300000000000000000e+01 2.400000000000000000e+01 
19
1.56481742042
3.18084073279
19.22759882
2.7
2.500000000000000000e+01 4.210000000000000000e+02 
20
1.19471499267
1.32972233772
19.3430149629
2.0
2.600000000000000000e+01 
21
0.969959690292
0.128003052677
19.3992010883
3.15
2.700000000000000000e+01 
22
0.829885771593
10.216724912
19.44163169
1.0
2.800000000000000000e+01 
23
0.689372616821
9.28276084418
19.4879198017
2.55
2.900000000000000000e+01 
24
0.373071152049
7.70542542189
19.5617155121
3.7
3.000000000000000000e+01 
25
0.063783523526
6.48073712398
19.6550020279
2.9
3.100000000000000000e+01 3.200000000000000000e+01 
26
10.4132828682
4.05430054611
19.8826021978
1.0
3.300000000000000000e+01 3.400000000000000000e+01 
27
9.53446577866
1.47167545462
20.1593728709
1.0
3.500000000000000000e+01 3.600000000000000000e+01 
28
8.44127341353
10.4057842785
20.3436226147
1.0
3.700000000000000000e+01 3.800000000000000000e+01 
29
7.43804701438
8.06961681779
20.3400474193
1.0
3.900000000000000000e+01 
30
6.75433844515
6.33562375803
20.3238006311
1.0
4.000000000000000000e+01 
31
5.96106443262
4.31460756005
20.2609693451
1.0
4.100000000000000000e+01 
32
5.40837596507
2.85552625047
20.2185504931
1.0
4.200000000000000000e+01 4.230000000000000000e+02 
33
4.97560978029
1.69462963792
20.1764662177
1.0
4.300000000000000000e+01 
34
4.56108113556
0.506301662754
20.1073009987
1.0
4.400000000000000000e+01 
35
4.25133488789
10.6192559244
20.0363899837
1.0
4.500000000000000000e+01 
36
3.96238128674
9.74405369404
19.9692453837
1.0
4.600000000000000000e+01 4.240000000000000000e+02 
37
3.33010209867
7.64920582551
19.7942486027
1.0
4.700000000000000000e+01 4.250000000000000000e+02 
38
2.83111168575
5.84751246005
19.6745214255
1.0
4.800000000000000000e+01 4.260000000000000000e+02 
39
2.51709020351
4.63442921228
19.6795891074
1.0
4.900000000000000000e+01 
40
2.11186572968
3.12290355736
19.6679469573
1.0
5.000000000000000000e+01 
41
1.7994901832
1.90361341155
19.6581556079
1.0
5.100000000000000000e+01 
42
1.49319411343
0.685982418667
19.6245387582
1.0
5.200000000000000000e+01 
43
1.21174946064
10.481997636
19.5748986968
1.0
5.300000000000000000e+01 
44
1.03142827067
9.56928818397
19.5514169037
1.0
5.400000000000000000e+01 
45
0.840070178402
8.52995095102
19.2839585839
1.0
5.500000000000000000e+01 
46
0.662610733368
7.59680976401
19.2709630038
1.0
5.600000000000000000e+01 
47
0.475279367168
6.67977640462
19.2558559646
1.0
5.700000000000000000e+01 
48
0.34461235752
6.04483329829
19.2934080761
1.0
5.800000000000000000e+01 
49
0.226011523413
5.43364786206
19.3337941239
1.0
5.900000000000000000e+01 
50
0.10217851776
4.82496075821
19.3540711294
1.0
6.000000000000000000e+01 
51
10.9779843263
4.20435579341
19.3342739281
1.0
6.100000000000000000e+01 
52
10.8531876697
3.59837250664
19.3137804285
1.0
6.200000000000000000e+01 
53
10.6704256168
2.6711129786
19.3097380988
1.0
6.300000000000000000e+01 
54
10.5472381061
2.07089208222
19.2856150907
1.0
6.400000000000000000e+01 
55
10.3715094803
1.21251818634
19.1812371749
1.0
6.500000000000000000e+01 
56
10.277757399
0.703197986124
19.1339128101
1.0
6.600000000000000000e+01 
57
10.1470767242
10.9780115699
18.9662461979
1.0
6.700000000000000000e+01 
58
10.0717069433
10.4730998942
18.8607951033
1.0
6.800000000000000000e+01 
59
9.99987872519
9.90792361485
18.7678260516
1.0
6.900000000000000000e+01 
60
9.92487661331
9.23730910692
18.6902837559
1.0
7.000000000000000000e+01 
61
9.8921676465
8.88332227107
18.6317610229
1.0
7.100000000000000000e+01 
62
9.82949179107
8.18408544439
18.5965353036
1.0
7.200000000000000000e+01 
63
9.77481224651
7.52173408783
18.5314289262
1.0
7.300000000000000000e+01 
64
9.72912165584
6.8909529174
18.4667359018
1.0
7.400000000000000000e+01 
65
9.68890640767
6.26833409038
18.4639380336
1.0
7.500000000000000000e+01 
66
9.64439840884
5.63269546485
18.3888731002
1.0
7.600000000000000000e+01 
67
9.60791414398
5.0023924488
18.3860245028
1.0
7.700000000000000000e+01 
68
9.56984890421
4.36875713983
18.3846363008
1.0
7.800000000000000000e+01 
69
9.53385991298
3.74419684502
18.3661457256
1.0
7.900000000000000000e+01 
70
9.51471911154
3.43101232532
18.3644664969
1.0
8.000000000000000000e+01 
71
9.47447310964
2.73197608123
18.6844395543
1.0
8.100000000000000000e+01 
72
9.48060111226
2.74744494923
19.1834502823
1.0
8.200000000000000000e+01 
73
9.48116940518
2.75362617634
19.6933493374
1.0
8.300000000000000000e+01 
74
9.48172104027
2.74830089062
20.2232341463
1.0
8.400000000000000000e+01 
75
9.48292231241
2.75467711816
20.7599270142
1.0
8.500000000000000000e+01 
76
9.48119206173
2.74398712341
21.5488436097
1.0
8.600000000000000000e+01 
77
9.48379619212
2.74410094113
22.0825448824
1.0
8.700000000000000000e+01 
78
9.4857414273
2.74480310077
22.6155674492
1.0
8.800000000000000000e+01 
79
9.48404366461
2.73871224554
23.1440359764
1.0
8.900000000000000000e+01 
80
9.48179458925
2.73525383894
23.4039151676
1.0
9.000000000000000000e+01 
81
9.48373465837
2.72892936529
25.5218466788
1.0
9.100000000000000000e+01 
82
9.48712099006
2.72800902026
26.0740962041
1.0
9.200000000000000000e+01 
83
9.48685316251
2.72611750156
26.5851235833
1.0
9.300000000000000000e+01 
84
9.48368964781
2.72612291565
26.8602860177
1.0
9.400000000000000000e+01 
85
9.48471923174
2.72317956188
27.1309023558
1.0
9.500000000000000000e+01 
86
9.48792303704
2.72157311917
27.3954767103
1.0
9.600000000000000000e+01 
87
9.48750540919
2.72239270096
27.6736416569
1.0
9.700000000000000000e+01 
88
9.49347371524
2.72115824817
27.9402616672
1.0
9.800000000000000000e+01 
89
9.49316657595
2.71794279713
28.2134616374
1.0
9.900000000000000000e+01 
90
9.49321857947
2.7182064781
28.4619221796
1.0
1.000000000000000000e+02 
91
9.4877389003
2.7185669926
28.9879430517
1.0
1.010000000000000000e+02 
92
9.48841801565
2.71603919482
29.5285599842
1.0
1.020000000000000000e+02 
93
9.4882857453
2.71624252903
29.7893961126
1.0
1.030000000000000000e+02 
94
9.48861540115
2.71457919627
30.0764527611
1.0
1.040000000000000000e+02 
95
9.48872540498
2.71281804736
30.5970187631
1.0
1.050000000000000000e+02 
96
9.26277413264
2.89006174716
30.9284799453
1.0
1.060000000000000000e+02 
97
8.50145966781
3.50955752881
31.8543865772
1.0
1.070000000000000000e+02 
98
8.36446539997
3.7175521433
32.6546139522
1.0
1.080000000000000000e+02 
99
7.62521187801
4.95294493909
32.7168595018
1.0
1.090000000000000000e+02 
100
7.17794922633
5.61971268223
32.2442266116
1.0
1.100000000000000000e+02 
101
6.67854405067
6.25438927382
31.7696446086
1.0
1.110000000000000000e+02 
102
6.12327443903
6.84142172062
31.3055433203
1.0
1.120000000000000000e+02 
103
5.83541310482
7.11256501207
31.0694318789
1.0
1.130000000000000000e+02 
104
5.22149314391
7.60142087598
30.6193325964
1.0
1.140000000000000000e+02 
105
4.55039391527
8.05003478418
30.1555987549
1.0
1.150000000000000000e+02 
106
3.83309291552
8.43780370697
29.6927822477
1.0
1.160000000000000000e+02 
107
3.09092904068
8.7636233951
29.1892673581
1.0
1.170000000000000000e+02 
108
2.52181826374
8.96553845085
28.8274517493
1.0
1.180000000000000000e+02 
109
1.7395514356
9.17292648231
28.3258695862
1.0
1.190000000000000000e+02 1.200000000000000000e+02 
110
10.2834736989
9.45026554755
27.6103985771
1.0
1.210000000000000000e+02 
111
9.44680260816
9.42912475018
27.1117172035
1.0
1.220000000000000000e+02 
112
7.6262985159
9.39119230972
26.9310404963
1.0
1.230000000000000000e+02 
113
6.79666598194
9.36712959881
26.4921953821
1.0
1.240000000000000000e+02 
114
4.90839434078
9.19885998111
26.1342412623
1.0
1.250000000000000000e+02 
115
4.31863601499
9.11584655809
25.8378011927
1.0
1.260000000000000000e+02 1.270000000000000000e+02 4.400000000000000000e+02 4.410000000000000000e+02 
116
2.1013942209
8.65304483486
25.3263973674
1.0
1.280000000000000000e+02 1.290000000000000000e+02 
117
9.94489332636
7.64460225521
25.1029189722
1.0
1.300000000000000000e+02 1.310000000000000000e+02 5.430000000000000000e+02 
118
7.04198011925
6.59616762118
24.6161311006
1.0
1.320000000000000000e+02 1.330000000000000000e+02 4.420000000000000000e+02 
119
3.62484778734
5.11567227951
24.3341464236
1.0
1.340000000000000000e+02 1.350000000000000000e+02 
120
0.296154519158
3.50976479378
24.1174735533
1.0
1.360000000000000000e+02 1.370000000000000000e+02 
121
8.29584027955
1.92135399246
23.9417463268
1.0
1.380000000000000000e+02 1.390000000000000000e+02 4.430000000000000000e+02 
122
5.38044705625
0.242721808561
23.8114602119
1.0
1.400000000000000000e+02 1.410000000000000000e+02 4.440000000000000000e+02 
123
2.32798734062
9.38381325529
23.6409174195
1.0
1.420000000000000000e+02 1.430000000000000000e+02 
124
0.15447736321
7.72182357115
23.3144210516
1.0
1.440000000000000000e+02 5.440000000000000000e+02 
125
9.39617062004
6.47553768793
23.4127815166
1.0
1.450000000000000000e+02 5.450000000000000000e+02 
126
7.87637434167
5.43675604227
23.5535437715
1.0
1.460000000000000000e+02 5.460000000000000000e+02 
127
7.36263728928
5.09617191485
23.5935009604
1.0
1.470000000000000000e+02 
128
6.33033981994
4.43641760612
23.7132870071
1.0
1.480000000000000000e+02 
129
5.54622027556
3.95353186536
23.8296820401
1.0
1.490000000000000000e+02 
130
5.01269932252
3.64915874189
23.9022901086
1.0
1.500000000000000000e+02 
131
4.75441729403
3.50060807437
23.9489908419
1.0
1.510000000000000000e+02 
132
4.22153436348
3.19842732263
24.0374679286
1.0
1.520000000000000000e+02 
133
3.94793568286
3.05111586825
24.0686928634
1.0
1.530000000000000000e+02 
134
3.43300247654
2.79712220302
24.4184479953
1.0
1.540000000000000000e+02 
135
3.42187334562
2.79059585449
25.248217207
1.0
1.550000000000000000e+02 
136
2.83461022101
2.61437265235
25.3843761545
1.0
1.560000000000000000e+02 
137
2.23460862798
2.46055274288
25.4978579363
1.0
1.570000000000000000e+02 
138
1.93608966895
2.39105528217
25.5824391455
1.0
1.580000000000000000e+02 
139
1.31297642538
2.25366868633
25.6921307707
1.0
1.590000000000000000e+02 
140
0.707725279253
2.13946891
25.7999197545
1.0
1.600000000000000000e+02 
141
0.0990619882314
2.03392589001
25.911776458
1.0
1.610000000000000000e+02 
142
0.0363533078088
2.03281438845
26.4481890414
1.0
1.620000000000000000e+02 
143
10.4442743658
2.04603408938
27.0852098843
1.0
1.630000000000000000e+02 
144
8.51672044697
2.12546176503
27.3815335173
1.0
1.640000000000000000e+02 
145
7.25266783363
2.2151502555
27.6344686839
1.0
1.650000000000000000e+02 
146
6.01727327065
2.34337466557
27.8017567614
1.0
1.660000000000000000e+02 
147
4.75591974338
2.50792514458
28.0128551788
1.0
1.670000000000000000e+02 
148
3.22456873603
2.75981136882
28.2255058602
1.0
1.680000000000000000e+02 1.690000000000000000e+02 
149
0.763573015622
3.27563224023
28.5810859486
1.0
1.700000000000000000e+02 1.710000000000000000e+02 
150
9.06194873249
4.05167750902
29.0121806053
1.0
1.720000000000000000e+02 5.480000000000000000e+02 
151
6.99493112398
4.7547052442
29.1194097763
1.0
1.730000000000000000e+02 5.490000000000000000e+02 
152
4.84816449063
5.51827865725
28.9165159588
1.0
1.740000000000000000e+02 5.500000000000000000e+02 
153
3.35887503943
5.90571625667
28.5177899369
1.0
1.750000000000000000e+02 5.510000000000000000e+02 
154
1.5170029944
6.33492105275
28.5101593986
1.0
1.760000000000000000e+02 
155
0.100157511157
6.66779708911
28.3571774684
1.0
1.770000000000000000e+02 
156
10.0548654463
6.86177426186
28.1228594761
1.0
1.780000000000000000e+02 
157
9.14394317362
7.00771792064
28.123026679
1.0
1.790000000000000000e+02 
158
7.72070119925
7.23857849418
27.9406742995
1.0
1.800000000000000000e+02 
159
6.69501526791
7.36515840843
27.7502916299
1.0
1.810000000000000000e+02 
160
5.766643397
7.46556426216
27.7831774974
1.0
1.820000000000000000e+02 
161
4.82725343257
7.56871198553
27.7881014402
1.0
1.830000000000000000e+02 
162
3.88915315974
7.67274513124
27.766638529
1.0
1.840000000000000000e+02 
163
2.63645478324
7.80940803594
27.7248065322
1.0
1.850000000000000000e+02 
164
1.37728536346
7.94163423604
27.6599300381
1.0
1.860000000000000000e+02 
165
0.117665141495
8.05894831563
27.6060767617
1.0
1.870000000000000000e+02 
166
9.86860793781
8.16069121356
27.5307216232
1.0
1.880000000000000000e+02 
167
8.92713949462
8.22972776108
27.4977671985
1.0
1.890000000000000000e+02 
168
8.27965913764
8.27486585583
27.4473941503
1.0
1.900000000000000000e+02 
169
7.3418495589
8.33615972667
27.406674695
1.0
1.910000000000000000e+02 
170
6.39182624371
8.39357931212
27.3401925395
1.0
1.920000000000000000e+02 
171
5.44360780915
8.44397804081
27.3019776869
1.0
1.930000000000000000e+02 
172
4.49826344303
8.490637939
27.2453465618
1.0
1.940000000000000000e+02 
173
3.86426612741
8.51911231337
27.2238683914
1.0
1.950000000000000000e+02 
174
3.55892524181
8.53043009853
27.2178121782
1.0
1.960000000000000000e+02 
175
2.60993341951
8.56422961317
27.1791130937
1.0
1.970000000000000000e+02 
176
1.66394210748
8.5851061328
27.1306484038
1.0
1.980000000000000000e+02 
177
0.71189033989
8.59340624717
27.086260888
1.0
1.990000000000000000e+02 
178
10.7731441841
8.58372273392
27.0716976726
1.0
2.000000000000000000e+02 
179
10.1407855215
8.57533662268
27.0354551859
1.0
2.010000000000000000e+02 
180
9.18777925539
8.559703196
27.0148864026
1.0
2.020000000000000000e+02 
181
8.22770775154
8.55091919791
26.9636919823
1.0
2.030000000000000000e+02 
182
7.28228689101
8.54143444697
26.9413067101
1.0
2.040000000000000000e+02 
183
6.0267017977
8.52276724468
26.9132060645
1.0
2.050000000000000000e+02 
184
5.07400238299
8.50207712942
26.8830294362
1.0
2.060000000000000000e+02 
185
4.13733508963
8.48059282924
26.8509708853
1.0
2.070000000000000000e+02 
186
3.18736233548
8.45456137949
26.8367059084
1.0
2.080000000000000000e+02 
187
1.92135091213
8.41547480153
26.8083825757
1.0
2.090000000000000000e+02 
188
0.655032854004
8.36864595213
26.8107117303
1.0
2.100000000000000000e+02 
189
10.7015719471
8.32656574819
26.7889183498
1.0
2.110000000000000000e+02 
190
9.75331160337
8.28583983815
26.7987266348
1.0
2.120000000000000000e+02 
191
8.80131836154
8.25197762545
26.7869936803
1.0
2.130000000000000000e+02 
192
7.52289588854
8.21718577251
26.7812025722
1.0
2.140000000000000000e+02 
193
6.58734135715
8.19428192843
26.811045414
1.0
2.150000000000000000e+02 
194
5.63626296702
8.17948423167
26.8765759277
1.0
2.160000000000000000e+02 
195
4.37270006328
8.1641657138
26.8989622035
1.0
2.170000000000000000e+02 
196
3.41353368725
8.15539152
26.8978113553
1.0
2.180000000000000000e+02 
197
1.85125478925
8.14167637005
26.9134787442
1.0
2.190000000000000000e+02 5.520000000000000000e+02 
198
0.576449438347
8.12779953217
26.947273377
1.0
2.200000000000000000e+02 
199
10.0096103786
8.11264691412
26.991147544
1.0
2.210000000000000000e+02 
200
9.04792649289
8.11183627411
27.0323998316
1.0
2.220000000000000000e+02 
201
8.09101463999
8.11952587144
27.0597818035
1.0
2.230000000000000000e+02 
202
7.1421642725
8.13349531405
27.1431545605
1.0
2.240000000000000000e+02 
203
6.18997277594
8.15705044819
27.2099968994
1.0
2.250000000000000000e+02 
204
4.92569643672
8.20557042432
27.3049623254
1.0
2.260000000000000000e+02 
205
3.97404090019
8.25504975446
27.4300431977
1.0
2.270000000000000000e+02 
206
3.04312320171
8.31856140708
27.530370213
1.0
2.280000000000000000e+02 
207
2.42191696471
8.36918734971
27.6060566917
1.0
2.290000000000000000e+02 
208
1.79517744899
8.42550388004
27.6959472656
1.0
2.300000000000000000e+02 
209
1.17297231836
8.48406388421
27.7549299654
1.0
2.310000000000000000e+02 
210
0.856282095193
8.51859589137
27.7937264729
1.0
2.320000000000000000e+02 
211
0.235398346177
8.58438312639
27.8852254644
1.0
2.330000000000000000e+02 
212
10.6205583945
8.65671662415
27.9658284749
1.0
2.340000000000000000e+02 
213
10.5928725378
8.64511918305
28.5092126975
1.0
2.350000000000000000e+02 
214
10.586000367
8.63992800691
29.0631819445
1.0
2.360000000000000000e+02 
215
9.989643436
8.82670223339
29.1705640404
1.0
2.370000000000000000e+02 
216
9.39899192359
9.00521733444
29.2320368583
1.0
2.380000000000000000e+02 
217
8.81386935351
9.18933352759
29.2839495884
1.0
2.390000000000000000e+02 
218
8.22153691153
9.39165527764
29.357671857
1.0
2.400000000000000000e+02 
219
7.63060082996
9.62651308653
29.4691559911
1.0
2.410000000000000000e+02 
220
7.34747869037
9.74787789398
29.5476000892
1.0
2.420000000000000000e+02 
221
7.02131923164
9.88350809163
29.9350602979
1.0
2.430000000000000000e+02 
222
7.01863571434
9.88460672279
30.21359901
1.0
2.440000000000000000e+02 
223
6.82970359185
10.029116991
30.7608906968
1.0
2.450000000000000000e+02 
224
5.84234304696
10.7961665273
31.0093649352
1.0
2.460000000000000000e+02 
225
5.36338809633
0.194071011648
31.1081367908
1.0
2.470000000000000000e+02 
226
4.23189669168
1.20306428142
31.3885380353
1.0
2.480000000000000000e+02 
227
2.94959854375
2.49930928853
31.707383801
1.0
2.490000000000000000e+02 
228
1.92799147349
3.63517723896
31.9275116986
1.0
2.500000000000000000e+02 
229
0.583024945924
5.30966237161
32.2402743241
1.0
2.510000000000000000e+02 2.520000000000000000e+02 
230
10.1596326595
7.30562647478
32.5108406684
1.0
2.530000000000000000e+02 
231
8.94017645905
9.01297170588
32.6736504336
1.0
2.540000000000000000e+02 2.550000000000000000e+02 
232
7.36489967857
0.289816545822
32.7799440731
1.0
2.560000000000000000e+02 
233
6.57691003816
1.61056676289
32.808408684
1.0
2.570000000000000000e+02 6.720000000000000000e+02 
234
5.79944161205
2.93741118482
32.8902326424
1.0
2.580000000000000000e+02 
235
4.89544928825
4.54176463306
32.9703118019
1.0
2.590000000000000000e+02 6.730000000000000000e+02 
236
4.01515789145
6.1681767238
33.0647631687
1.0
2.600000000000000000e+02 
237
3.01214466137
8.08642951884
33.0958733289
1.0
2.610000000000000000e+02 
238
2.45213143518
9.18831492104
33.1351342306
1.0
2.620000000000000000e+02 
239
1.63899775593
10.8309694266
33.1725187892
1.0
2.630000000000000000e+02 2.640000000000000000e+02 
240
0.619718059103
2.09043500988
33.2334985103
1.0
2.650000000000000000e+02 6.740000000000000000e+02 
241
10.6860954391
4.0381551517
33.3182524653
1.0
2.660000000000000000e+02 
242
10.1654364069
5.16611895935
33.3930379258
1.0
2.670000000000000000e+02 
243
9.53644306364
6.57730881183
33.4448943475
1.0
2.680000000000000000e+02 
244
8.90998040659
7.989231268
33.5358053407
1.0
2.690000000000000000e+02 
245
8.53165957157
8.82272886269
33.5680208594
1.0
2.700000000000000000e+02 
246
8.13780123413
9.651490521
33.6094993973
1.0
2.710000000000000000e+02 
247
7.64160345985
10.7933980051
33.6616142425
1.0
2.720000000000000000e+02 
248
7.16881622518
0.946864620584
33.7366419114
1.0
2.730000000000000000e+02 
249
6.8519539025
1.82004771551
33.7702329154
1.0
2.740000000000000000e+02 
250
6.63129959382
2.40504336019
33.8039945005
1.0
2.750000000000000000e+02 
251
6.41899495446
2.97893600156
33.8497851861
1.0
2.760000000000000000e+02 
252
6.31332672051
3.26802678056
33.8492134595
1.0
2.770000000000000000e+02 
253
6.10051110169
3.85608306987
33.9071967378
1.0
2.780000000000000000e+02 
254
5.90684791002
4.4388336856
33.9721204419
1.0
2.790000000000000000e+02 
255
5.71306405714
5.03241521495
34.0580953463
1.0
2.800000000000000000e+02 
256
5.61786307301
5.33376688403
34.094081143
1.0
2.810000000000000000e+02 
257
5.52799269417
5.63209163425
34.1327780998
1.0
2.820000000000000000e+02 
258
5.34988556268
6.2257986486
34.1892548471
1.0
2.830000000000000000e+02 
259
5.35513011786
6.2255272574
34.7644049992
1.0
2.840000000000000000e+02 
260
5.35658477075
6.22593710088
35.5573254123
1.0
2.850000000000000000e+02 
261
5.31554204757
6.88604218518
35.6196571333
1.0
2.860000000000000000e+02 
262
5.28780008537
7.50691808112
35.7285769365
1.0
2.870000000000000000e+02 
263
5.27527590225
7.82128350832
35.8038156242
1.0
2.880000000000000000e+02 
264
5.26278692888
8.4575522161
35.8699650288
1.0
2.890000000000000000e+02 
265
5.25444412597
9.08164954913
35.9569410964
1.0
2.900000000000000000e+02 
266
5.25636454446
9.12203562707
0.492552464003
1.0
2.910000000000000000e+02 
267
5.26191582426
9.13023829407
1.05098117245
1.0
2.920000000000000000e+02 
268
5.36831194496
9.72741482476
1.15437945253
1.0
2.930000000000000000e+02 
269
5.53857015844
10.6537572175
1.27373507272
1.0
2.940000000000000000e+02 
270
5.66656791527
0.283037772618
1.34293361307
1.0
2.950000000000000000e+02 
271
5.79771974701
0.899494857082
1.43596322108
1.0
2.960000000000000000e+02 
272
5.92894086245
1.51320093993
1.51848086423
1.0
2.970000000000000000e+02 
273
6.01334603187
1.88694485588
1.86801213557
1.0
2.980000000000000000e+02 
274
6.01273542703
1.89346777524
2.64956555258
1.0
2.990000000000000000e+02 
275
6.70312152763
3.28831593039
2.94466195301
1.0
3.000000000000000000e+02 
276
7.42250001059
4.61503088882
3.16121191645
1.0
3.010000000000000000e+02 
277
8.55227073063
6.43511538242
3.49833969819
1.0
3.020000000000000000e+02 
278
9.60877513113
7.94299342773
3.87102250952
1.0
3.030000000000000000e+02 
279
10.7501022978
9.23537497621
4.30920138722
1.0
3.040000000000000000e+02 3.050000000000000000e+02 
280
2.16869772256
0.056573093739
4.5883077269
1.0
3.060000000000000000e+02 3.070000000000000000e+02 
281
4.3738933463
2.18937593229
4.50927931275
1.0
3.080000000000000000e+02 3.090000000000000000e+02 
282
6.52803130436
4.37071363441
4.30827933831
1.0
3.100000000000000000e+02 3.110000000000000000e+02 
283
8.37484700905
6.39694898459
4.12037315255
1.0
3.120000000000000000e+02 3.130000000000000000e+02 
284
10.8445649837
9.34251370223
3.77326120842
1.0
3.140000000000000000e+02 3.150000000000000000e+02 
285
2.16627653832
0.71648931665
3.59725830231
1.0
3.160000000000000000e+02 3.170000000000000000e+02 
286
3.5508119734
2.75488979464
3.41952480633
1.0
3.180000000000000000e+02 3.190000000000000000e+02 
287
5.80786804062
6.40380461467
3.11951692111
1.0
3.200000000000000000e+02 6.970000000000000000e+02 
288
6.24335462061
7.19954082764
2.76287487426
1.0
3.210000000000000000e+02 3.220000000000000000e+02 
289
7.47187868688
9.91499038269
2.22218258351
1.0
3.230000000000000000e+02 3.240000000000000000e+02 
290
8.35636698339
1.4890662165
2.09979321995
1.0
3.250000000000000000e+02 
291
8.65315355803
2.37350146951
1.72348930837
1.0
3.260000000000000000e+02 
292
9.05475175191
4.19476674742
1.35798635731
1.0
3.270000000000000000e+02 
293
9.37087864108
5.72840930886
1.26107057561
1.0
3.280000000000000000e+02 
294
9.4802753701
6.35269447523
0.882707925052
1.0
3.290000000000000000e+02 
295
9.61025698274
7.70539540935
0.477099115103
1.0
3.300000000000000000e+02 
296
9.66291037662
9.19813304286
0.272111197539
1.0
3.310000000000000000e+02 
297
9.61708827919
10.0466101652
0.0495017624
1.0
3.320000000000000000e+02 
298
9.47839755608
0.253846517017
35.9030190499
1.0
3.330000000000000000e+02 
299
9.35883148624
1.91665964391
35.694368233
1.0
3.340000000000000000e+02 
300
9.25609859859
3.80491431698
35.5286204651
1.0
3.350000000000000000e+02 
301
9.11080012799
5.70641472578
35.394251529
1.0
3.360000000000000000e+02 
302
8.96558819278
7.27750055472
35.3027355519
1.0
3.370000000000000000e+02 7.580000000000000000e+02 
303
8.78414927686
8.81604018401
35.2722056708
1.0
3.380000000000000000e+02 
304
8.51250459073
10.623563065
35.2884638921
1.0
3.390000000000000000e+02 
305
8.30625087439
1.21793335411
35.33098634
1.0
3.400000000000000000e+02 
306
8.15491036045
2.78293478001
35.3725796582
1.0
3.410000000000000000e+02 
307
7.98857401619
4.67775244346
35.4167995141
1.0
3.420000000000000000e+02 
308
7.83895367359
6.56492441293
35.508354047
1.0
3.430000000000000000e+02 
309
7.77071438128
7.51664444245
35.5227114371
1.0
3.440000000000000000e+02 
310
7.64931458037
9.41558854942
35.6186727491
1.0
3.450000000000000000e+02 
311
7.5557604384
0.0109680862304
35.6739940792
1.0
3.460000000000000000e+02 
312
7.45910834648
1.90251853713
35.7297489155
1.0
3.470000000000000000e+02 
313
7.39078931631
3.48325416701
35.7029291088
1.0
3.480000000000000000e+02 
314
7.30867326906
5.39469281819
35.692273181
1.0
3.490000000000000000e+02 
315
7.23517665913
6.97683760888
35.6455201071
1.0
3.500000000000000000e+02 
316
7.14889996833
8.56184057463
35.5275949332
1.0
3.510000000000000000e+02 
317
6.98051097822
10.7535310728
35.3910314782
1.0
3.520000000000000000e+02 
318
6.80419240447
1.6397779915
35.2866271823
1.0
3.530000000000000000e+02 
319
6.63827122251
3.19921924647
35.2633711018
1.0
3.540000000000000000e+02 
320
6.4730927912
4.75656102648
35.2214034828
1.0
3.550000000000000000e+02 
321
6.33195106013
6.0190660131
35.2445482829
1.0
3.560000000000000000e+02 
322
6.23083044609
6.96088085929
35.3079903119
1.0
3.570000000000000000e+02 
323
6.11110802149
8.22627979322
35.4119725041
1.0
3.580000000000000000e+02 
324
6.03083789687
9.16965919563
35.4412890873
1.0
3.590000000000000000e+02 
325
5.95645883756
10.1222736352
35.5078438653
1.0
3.600000000000000000e+02 
326
5.86999816447
0.385169647797
35.6001298516
1.0
3.610000000000000000e+02 
327
5.80607103705
1.6413273683
35.6864396323
1.0
3.620000000000000000e+02 
328
5.75402625531
2.90123111299
35.7382041369
1.0
3.630000000000000000e+02 
329
5.71660231978
3.86220797761
35.7676955679
1.0
3.640000000000000000e+02 
330
5.68245202704
4.80677969551
35.8117706489
1.0
3.650000000000000000e+02 
331
5.65067116023
5.76231038062
35.8243257754
1.0
3.660000000000000000e+02 
332
5.63062717726
6.39212322552
35.8284095511
1.0
3.670000000000000000e+02 
333
5.61199660882
7.33964706825
35.9516484633
1.0
3.680000000000000000e+02 
334
5.60575769079
7.96357594816
35.99002157
1.0
3.690000000000000000e+02 
335
5.60408659765
8.29333248839
0.0281374145624
1.0
3.700000000000000000e+02 
336
5.60848864083
8.93657814163
0.0825042538561
1.0
3.710000000000000000e+02 
337
5.6190993833
9.58242100897
0.159514450823
1.0
3.720000000000000000e+02 
338
5.63467120266
10.2119296873
0.188808878044
1.0
3.730000000000000000e+02 
339
5.64480034058
10.5330187045
0.232919667404
1.0
3.740000000000000000e+02 
340
5.66677801798
0.16383149745
0.258223141643
1.0
3.750000000000000000e+02 
341
5.67457593533
0.459615872527
0.848714880205
1.0
3.760000000000000000e+02 
342
5.66668206981
0.460190414307
1.36499604519
1.0
3.770000000000000000e+02 
343
5.66292651365
0.462443088775
1.89718643963
1.0
3.780000000000000000e+02 
344
5.66066732369
0.462323071263
2.69768216381
1.0
3.790000000000000000e+02 
345
5.7849818314
0.68921224446
2.97511420721
1.0
3.800000000000000000e+02 
346
6.08745011785
1.24085412127
3.03690256712
1.0
3.810000000000000000e+02 
347
6.37895055455
1.77274031046
3.11246172507
1.0
3.820000000000000000e+02 
348
6.71251176783
2.35580751793
3.50704582302
1.0
3.830000000000000000e+02 
349
6.6895822285
2.32122112646
3.93526611577
1.0
3.840000000000000000e+02 
350
7.06860780178
2.75427094263
4.29570229514
1.0
3.850000000000000000e+02 
351
7.47890800144
3.20354643689
4.37536375078
1.0
3.860000000000000000e+02 
352
7.91429701808
3.64665877596
4.52219231555
1.0
3.870000000000000000e+02 
353
8.34234558291
4.06905655253
4.65728422888
1.0
3.880000000000000000e+02 
354
9.00824770702
4.68077816556
4.80457893781
1.0
3.890000000000000000e+02 
355
9.49662253826
5.12057495253
5.2101239569
1.0
3.900000000000000000e+02 
356
9.47236500172
5.10032037678
5.93252383849
1.0
3.910000000000000000e+02 
357
10.5350065901
5.6425386252
6.40191269389
1.0
3.920000000000000000e+02 
358
0.948027297504
6.21889670421
6.78867226388
1.0
3.930000000000000000e+02 3.940000000000000000e+02 
359
3.87170947502
7.17594404096
7.1655660009
1.0
3.950000000000000000e+02 3.960000000000000000e+02 
360
7.47944575221
8.19173584219
7.23546080741
1.0
3.970000000000000000e+02 3.980000000000000000e+02 
361
0.359716807479
9.18178401928
7.14124249225
1.0
3.990000000000000000e+02 4.000000000000000000e+02 4.010000000000000000e+02 
362
4.00877938494
2.29538892769
17.9738156576
1.2
4.030000000000000000e+02 
363
3.14133384935
0.0530286753788
18.0714140183
1.8
4.040000000000000000e+02 
364
3.12362633267
8.8462430613
18.0986279461
1.0
4.050000000000000000e+02 
365
3.08590645937
6.62452199119
18.1887275094
1.0
4.060000000000000000e+02 
366
3.04739450598
5.03406345406
18.2448832942
1.0
4.070000000000000000e+02 
367
3.00293871389
3.77297088938
18.3270214118
1.0
4.080000000000000000e+02 
368
2.94375653938
2.52022297525
18.3726613198
1.0
4.090000000000000000e+02 
369
2.89106905274
1.5770515756
18.4237082247
1.0
4.100000000000000000e+02 
370
2.82859871789
0.618181777223
18.4823499373
1.0
4.110000000000000000e+02 
371
2.74039188161
10.361512266
18.5478622654
1.0
4.120000000000000000e+02 
372
2.68656565517
9.73068327312
18.5769127518
1.0
4.130000000000000000e+02 
373
2.63631033641
9.1011824318
18.6020323951
1.0
4.140000000000000000e+02 
374
2.55526632904
8.15050581213
18.6762369925
1.0
4.150000000000000000e+02 
375
2.49460091088
7.52687960376
18.7045464225
1.0
4.160000000000000000e+02 
376
2.43067771348
6.89744910911
18.7812823391
1.0
4.170000000000000000e+02 
377
2.32122354077
5.95950132859
18.8655246198
1.15
4.180000000000000000e+02 
378
2.15723026487
4.70346091934
19.0121146845
1.35
4.190000000000000000e+02 
379
2.01206318942
3.76977365313
19.1479530009
1.55
4.200000000000000000e+02 
380
0.137552562364
10.4745337167
19.0774304355
2.35
4.220000000000000000e+02 
381
1.91393187815
3.58640448248
19.2397655649
1.0
4.270000000000000000e+02 
382
1.73744497038
2.81945125005
19.6793990305
1.0
4.280000000000000000e+02 5.400000000000000000e+02 
383
1.43359624083
1.86013002566
20.2574426273
1.0
4.290000000000000000e+02 
384
1.03926970986
0.924821530016
20.8183541215
1.0
4.300000000000000000e+02 
385
0.523517379729
10.9258493347
21.4672652598
1.0
4.310000000000000000e+02 5.410000000000000000e+02 
386
10.6440726174
9.04307160506
21.9404902853
1.0
4.320000000000000000e+02 4.330000000000000000e+02 
387
9.28215032477
7.256871459
22.0925880451
1.0
4.340000000000000000e+02 4.350000000000000000e+02 
388
7.11369520384
4.6824514545
22.0719710952
1.0
4.360000000000000000e+02 4.370000000000000000e+02 
389
5.50224825656
2.83560226483
22.2449109541
1.0
4.380000000000000000e+02 4.390000000000000000e+02 5.420000000000000000e+02 
390
10.9402988332
7.31985351037
23.4628157314
1.0
4.450000000000000000e+02 4.460000000000000000e+02 
391
8.43860346762
5.894464502
24.1585199151
1.0
4.470000000000000000e+02 
392
7.52288739526
5.46989763113
24.7249915719
1.0
4.480000000000000000e+02 4.490000000000000000e+02 
393
5.26580621622
4.69310014604
25.3178539211
1.0
4.500000000000000000e+02 
394
3.33394392276
4.31797205625
26.041209004
1.0
4.510000000000000000e+02 4.520000000000000000e+02 
395
0.519061472015
3.98481873342
26.6077291347
1.0
4.530000000000000000e+02 
396
9.33590386733
3.87069343644
26.6668963012
1.0
4.540000000000000000e+02 4.550000000000000000e+02 
397
6.79740129775
3.76271889458
26.8284575744
1.0
4.560000000000000000e+02 4.570000000000000000e+02 
398
4.155544457
3.80787899382
27.3333210161
1.0
4.580000000000000000e+02 
399
2.36560950836
3.89688998257
27.5629194598
1.0
4.590000000000000000e+02 4.600000000000000000e+02 
400
10.3834866941
4.35731774005
28.4032690504
1.0
4.610000000000000000e+02 4.620000000000000000e+02 
401
8.08450169324
4.95146552045
28.8752430085
1.0
4.630000000000000000e+02 
402
6.91083777387
5.35886672836
29.5010828794
1.0
4.640000000000000000e+02 
403
5.03933857359
6.18333402312
29.7955064978
1.0
4.650000000000000000e+02 
404
4.32879217906
6.55897204519
30.2658773092
1.0
4.660000000000000000e+02 
405
3.07043399253
7.39973714794
30.4165677876
1.0
4.670000000000000000e+02 
406
1.92256430132
8.1688108187
30.8982543777
1.0
4.680000000000000000e+02 
407
1.03361687223
8.94614872877
31.5899585757
1.0
4.690000000000000000e+02 
408
0.319965326857
9.76777189635
32.2745194789
1.0
4.700000000000000000e+02 
409
10.8790516096
10.6259404128
33.0777150351
1.0
4.710000000000000000e+02 
410
10.6449971008
0.53470044259
33.7311840534
1.0
4.720000000000000000e+02 
411
10.3070714633
2.0488152918
34.6238524471
1.0
4.730000000000000000e+02 
412
10.0816225073
3.48672189439
35.061243944
1.0
4.740000000000000000e+02 4.750000000000000000e+02 
413
9.4075432771
7.19759543436
34.5097431013
1.0
4.760000000000000000e+02 4.770000000000000000e+02 4.780000000000000000e+02 
414
8.02331069584
0.920045499425
34.6357318044
1.0
4.790000000000000000e+02 4.800000000000000000e+02 
415
7.27171962265
4.94145970781
35.0120496712
1.0
4.810000000000000000e+02 4.820000000000000000e+02 
416
6.83364262076
8.71098022521
35.3668568619
1.0
4.830000000000000000e+02 4.840000000000000000e+02 
417
6.59064737766
0.871967178263
35.588765193
1.0
4.850000000000000000e+02 4.860000000000000000e+02 
418
6.41575576118
4.0321846673
35.6904410648
1.0
4.870000000000000000e+02 4.880000000000000000e+02 
419
6.29009717203
6.86664194477
35.7280239898
1.0
4.890000000000000000e+02 4.900000000000000000e+02 
420
6.15118996351
10.031196173
35.5281103026
1.0
4.910000000000000000e+02 
421
5.96470824022
1.24729635781
35.2943066851
1.0
4.920000000000000000e+02 4.930000000000000000e+02 
422
5.61989319815
4.04822946365
35.0286845488
1.0
4.940000000000000000e+02 
423
5.26478028134
6.22451287792
34.7700604405
1.0
4.950000000000000000e+02 
424
4.83330340508
8.37602358305
34.4920297393
1.0
4.960000000000000000e+02 
425
4.28410121502
10.488969565
34.1267830851
1.0
4.970000000000000000e+02 4.980000000000000000e+02 
426
3.51878105371
1.84624893453
33.7629962147
1.0
4.990000000000000000e+02 5.000000000000000000e+02 
427
2.56402573606
4.1230972418
33.3137071247
1.0
5.010000000000000000e+02 5.020000000000000000e+02 
428
1.47226798045
6.52344415711
34.0291636765
1.0
5.030000000000000000e+02 5.040000000000000000e+02 
429
0.580612793831
9.8058553173
34.8134584422
1.0
5.050000000000000000e+02 5.060000000000000000e+02 
430
0.065049092296
2.77658057804
34.643525874
1.0
5.070000000000000000e+02 5.080000000000000000e+02 5.090000000000000000e+02 
431
10.360887069
7.32584406123
35.312941887
1.0
5.100000000000000000e+02 5.110000000000000000e+02 5.120000000000000000e+02 
432
9.8143772013
0.769221127411
0.0788397806766
1.0
5.130000000000000000e+02 5.140000000000000000e+02 
433
9.92841693228
4.40300538986
0.693118933373
1.0
5.150000000000000000e+02 5.160000000000000000e+02 
434
10.1814340854
6.68709854689
1.1777279181
1.0
5.170000000000000000e+02 5.180000000000000000e+02 
435
10.7027610187
9.27325845543
1.69509915147
1.0
5.190000000000000000e+02 
436
0.19146696765
10.3468714624
2.33994817493
1.0
5.200000000000000000e+02 
437
0.82492291214
0.526423447998
2.48446598515
1.0
5.210000000000000000e+02 
438
1.33474289048
1.50461293012
3.07250588573
1.0
5.220000000000000000e+02 
439
1.87268589455
2.36097365115
3.66435044026
1.0
5.230000000000000000e+02 
440
2.60402176483
3.29461570544
4.32180975916
1.0
5.240000000000000000e+02 
441
3.16193840956
3.85737350919
4.80472585092
1.0
5.250000000000000000e+02 
442
4.11281996239
4.63062884953
5.49158422929
1.0
5.260000000000000000e+02 
443
5.05984618965
5.20594044543
6.01520913378
1.0
5.270000000000000000e+02 
444
6.66790937379
6.09048775824
5.94142259713
1.0
5.280000000000000000e+02 
445
8.26095833206
7.0110126945
5.75975902701
1.0
5.290000000000000000e+02 
446
9.55856968138
7.8158476598
5.58407501192
1.0
5.300000000000000000e+02 
447
0.101360970678
8.76835869203
5.61822101508
1.0
5.310000000000000000e+02 
448
1.4600287461
9.47858045682
5.71995776355
1.0
5.320000000000000000e+02 5.330000000000000000e+02 
449
3.59786162739
10.6917755614
5.96952966499
1.0
5.340000000000000000e+02 
450
4.95943122128
0.407506036543
6.20877373162
1.0
5.350000000000000000e+02 
451
6.65648775048
1.19692485691
6.54856169811
1.0
5.360000000000000000e+02 
452
7.96669137378
1.71812373396
6.7853635062
1.0
5.370000000000000000e+02 
453
9.7142982039
2.35100547104
7.03249655025
1.0
5.380000000000000000e+02 
454
10.2114533944
2.51201313335
7.20457110481
1.0
5.390000000000000000e+02 
455
10.9149913275
1.80426025654
25.1207563945
1.0
5.470000000000000000e+02 
456
6.25803542569
8.01603532861
27.4282463372
1.0
5.530000000000000000e+02 6.480000000000000000e+02 
457
5.22113800819
8.12655286865
28.0149318829
1.0
5.540000000000000000e+02 
458
4.61560639861
8.23192196187
28.3639916669
1.0
5.550000000000000000e+02 
459
4.00628499731
8.38099980431
28.700183496
1.0
5.560000000000000000e+02 
460
3.23337324379
8.61573930086
29.1560453208
1.0
5.570000000000000000e+02 
461
2.29887430011
8.98896711775
29.7335241407
1.0
5.580000000000000000e+02 
462
1.4315222179
9.45013207155
30.3763540577
1.0
5.590000000000000000e+02 
463
10.7619756251
10.7496208364
30.7828522198
1.0
5.600000000000000000e+02 
464
9.40150225408
1.10064423823
31.4558417877
1.0
5.610000000000000000e+02 5.620000000000000000e+02 
465
7.58521761754
2.95511612227
31.9808771414
1.0
5.630000000000000000e+02 5.640000000000000000e+02 
466
6.0290396413
5.0787410964
32.7347877467
1.0
5.650000000000000000e+02 
467
5.6257635703
5.78323441741
33.2183793768
1.0
5.660000000000000000e+02 5.670000000000000000e+02 
468
4.49919728575
8.38829335669
34.0108327417
1.0
5.680000000000000000e+02 
469
4.2152066819
9.36022035259
34.5841356153
1.0
5.690000000000000000e+02 
470
4.01380232936
10.5674369134
35.3357873018
1.0
5.700000000000000000e+02 
471
3.95493859826
0.410384161649
35.8438306951
1.0
5.710000000000000000e+02 5.720000000000000000e+02 
472
3.94498748256
3.25607054353
35.8105413567
1.0
5.730000000000000000e+02 5.740000000000000000e+02 
473
3.92126313
6.00195057784
35.9784670341
1.0
5.750000000000000000e+02 
474
4.00576541442
7.688159097
0.588074871553
1.0
5.760000000000000000e+02 
475
4.17593343532
9.86310397549
0.543735260218
1.0
5.770000000000000000e+02 
476
4.33221682064
0.759923707567
0.613599083488
1.0
5.780000000000000000e+02 
477
4.53366723448
2.9498011027
0.749092423393
1.0
5.790000000000000000e+02 5.800000000000000000e+02 
478
4.82009138235
5.44743394634
0.876372010543
1.0
5.810000000000000000e+02 
479
5.06793266287
7.31294162661
0.942374787586
1.0
5.820000000000000000e+02 5.830000000000000000e+02 
480
5.53708608049
10.4370546257
1.02001586247
1.0
5.840000000000000000e+02 5.850000000000000000e+02 
481
6.14275812474
3.36226808701
1.25866958368
1.0
5.860000000000000000e+02 5.870000000000000000e+02 
482
6.76496411299
5.56777466153
2.20504190177
1.0
5.880000000000000000e+02 5.890000000000000000e+02 
483
8.16027420059
9.086373611
2.44406667829
1.0
5.900000000000000000e+02 5.910000000000000000e+02 
484
9.40029311097
1.35928536578
2.51538153814
1.0
5.920000000000000000e+02 
485
9.95534485039
2.60031625552
3.09911068042
1.0
5.930000000000000000e+02 5.940000000000000000e+02 
486
0.307518416897
4.93139292597
3.11389166574
1.0
5.950000000000000000e+02 5.960000000000000000e+02 
487
1.68957626588
7.33103377449
3.21369551234
1.0
5.970000000000000000e+02 5.980000000000000000e+02 
488
3.10725358049
9.55829823592
3.86903554897
1.0
5.990000000000000000e+02 6.000000000000000000e+02 
489
5.3032139706
1.180070017
4.31434126788
1.0
6.010000000000000000e+02 
490
6.0814475274
1.97811885706
4.83061141703
1.0
6.020000000000000000e+02 6.030000000000000000e+02 
491
8.14359444778
3.58819010776
5.48506275212
1.0
6.040000000000000000e+02 
492
9.17999967362
4.21695550938
6.14568226494
1.0
6.050000000000000000e+02 
493
0.142451678463
5.0881425322
6.56178338935
1.0
6.060000000000000000e+02 
494
1.27560263759
5.48589354225
7.28339108193
1.0
6.070000000000000000e+02 
495
2.06789249448
5.67995328307
7.77018744026
1.0
6.080000000000000000e+02 
496
2.86606889044
5.80536043268
8.29269430164
1.0
6.090000000000000000e+02 
497
3.69293834168
5.8618459233
8.7568001651
1.0
6.100000000000000000e+02 
498
4.31272985282
5.87344654845
9.09564963025
1.0
6.110000000000000000e+02 
499
5.13739684202
5.82929404861
9.55406220182
1.0
6.120000000000000000e+02 
500
5.75153883463
5.76045008673
9.91938386715
1.0
6.130000000000000000e+02 
501
6.56612877187
5.62317864496
10.3549268264
1.0
6.140000000000000000e+02 
502
6.97552675633
5.52859534591
10.581740613
1.0
6.150000000000000000e+02 
503
7.35575199681
5.42704974997
10.8481556716
1.0
6.160000000000000000e+02 
504
7.94938906255
5.25163318924
10.7341037607
1.0
6.170000000000000000e+02 
505
8.8598323546
5.01358377345
10.4923725827
1.0
6.180000000000000000e+02 
506
9.46250153905
4.88475281184
10.3383388805
1.0
6.190000000000000000e+02 
507
10.0750504622
4.76675840906
10.1786531553
1.0
6.200000000000000000e+02 
508
0.00339315804066
4.60941683429
9.93862889955
1.0
6.210000000000000000e+02 
509
0.317326963208
4.56299546673
9.87231576308
1.0
6.220000000000000000e+02 
510
1.56102183511
4.42567387093
9.66514540933
1.0
6.230000000000000000e+02 
511
2.81410269178
4.31167865543
9.62274717859
1.0
6.240000000000000000e+02 
512
3.44343648076
4.25662458694
9.59976498406
1.0
6.250000000000000000e+02 
513
4.06686186429
4.20238643593
9.5824671562
1.0
6.260000000000000000e+02 
514
5.01327370525
4.12149111496
9.58718591695
1.0
6.270000000000000000e+02 
515
5.95191084135
4.03835520803
9.59915663238
1.0
6.280000000000000000e+02 
516
6.90240317922
3.95198004556
9.65291554409
1.0
6.290000000000000000e+02 
517
7.52993246054
3.89205083456
9.67910131261
1.0
6.300000000000000000e+02 
518
8.15433383158
3.82758856781
9.74898364296
1.0
6.310000000000000000e+02 
519
8.79143051442
3.75757931902
9.77885410509
1.0
6.320000000000000000e+02 
520
9.41960950374
3.68296674232
9.79838788949
1.0
6.330000000000000000e+02 
521
10.0401397214
3.61187469585
9.86441845715
1.0
6.340000000000000000e+02 
522
10.6736940434
3.52949324674
9.91219025668
1.0
6.350000000000000000e+02 
523
0.605666894719
3.40111412305
9.93299395533
1.0
6.360000000000000000e+02 
524
1.54781138737
3.26728193093
10.0464256844
1.0
6.370000000000000000e+02 
525
2.47812966152
3.12785307368
10.082975954
1.0
6.380000000000000000e+02 
526
3.41135080609
2.97363529552
10.1670604784
1.0
6.390000000000000000e+02 
527
4.34248515682
2.81200457602
10.2071132102
1.0
6.400000000000000000e+02 
528
4.96090809683
2.70219472607
10.2681528702
1.0
6.410000000000000000e+02 
529
5.87799146157
2.51818077933
10.3056574017
1.0
6.420000000000000000e+02 
530
6.50894099401
2.38512082115
10.3464045957
1.0
6.430000000000000000e+02 
531
7.7359439091
2.12343464468
10.4170529424
1.0
6.440000000000000000e+02 
532
8.95361283989
1.86161024218
10.4530736697
1.0
6.450000000000000000e+02 
533
9.87191100516
1.65811984114
10.4963321644
1.0
6.460000000000000000e+02 
534
7.00669838541
7.83046825675
26.1585111866
1.0
6.470000000000000000e+02 
535
3.85403238882
8.00780018625
27.1114657661
1.0
6.490000000000000000e+02 
536
2.57076375832
8.03502956331
27.2153263237
1.0
6.500000000000000000e+02 
537
1.61802803645
8.06612728362
27.2953410136
1.0
6.510000000000000000e+02 
538
0.660966263519
8.10842490125
27.3638831426
1.0
6.520000000000000000e+02 
539
0.028236465259
8.13516205825
27.4239992219
1.0
6.530000000000000000e+02 
540
10.3842323971
8.1749499489
27.4734257992
1.0
6.540000000000000000e+02 
541
9.75270699654
8.21979308293
27.531668346
1.0
6.550000000000000000e+02 
542
9.44288557674
8.24183454245
27.5713925345
1.0
6.560000000000000000e+02 
543
8.79985692711
8.29795439769
27.6821430379
1.0
6.570000000000000000e+02 
544
8.1661537358
8.36007743682
27.7542759553
1.0
6.580000000000000000e+02 
545
7.85896295773
8.3938171575
27.8019069965
1.0
6.590000000000000000e+02 
546
7.54211993343
8.42988901244
27.8281557448
1.0
6.600000000000000000e+02 
547
7.22658108889
8.46812288082
27.8508087646
1.0
6.610000000000000000e+02 
548
6.61285458428
8.54705386587
27.9209096088
1.0
6.620000000000000000e+02 
549
5.99211309055
8.63319293895
28.0322536366
1.0
6.630000000000000000e+02 
550
5.36713433656
8.73013989603
28.1280316309
1.0
6.640000000000000000e+02 
551
5.06862178474
8.78025787488
28.1813496939
1.0
6.650000000000000000e+02 
552
4.75631781544
8.83071584603
28.2168030302
1.0
6.660000000000000000e+02 
553
4.44829177222
8.88510393948
28.2705545308
1.0
6.670000000000000000e+02 
554
4.39275756707
8.88522557468
28.7637040982
1.0
6.680000000000000000e+02 
555
4.37723188327
8.88776791569
29.0392089428
1.0
6.690000000000000000e+02 
556
4.37250345206
8.88221610748
29.5450352193
1.0
6.700000000000000000e+02 
557
4.47344627258
10.1142183515
30.8911409442
1.0
6.710000000000000000e+02 
558
9.2422189572
6.22759011152
33.4371691766
1.0
6.750000000000000000e+02 
559
8.4470376067
8.11451955558
33.561228235
1.0
6.760000000000000000e+02 
560
8.14798156638
8.84454223089
34.0077589926
1.0
6.770000000000000000e+02 6.780000000000000000e+02 
561
7.44804712972
0.0306381438751
34.2934489419
1.0
6.790000000000000000e+02 
562
7.16143601019
1.43040319542
35.1878836643
1.0
6.800000000000000000e+02 
563
7.07177180843
2.88864234409
35.7703741073
1.0
6.810000000000000000e+02 6.820000000000000000e+02 
564
7.0978976629
5.80291221872
0.476800559574
1.0
6.830000000000000000e+02 
565
7.25336066649
8.02752439573
0.500075105275
1.0
6.840000000000000000e+02 6.850000000000000000e+02 
566
7.45610550919
10.566502378
0.682940126857
1.0
6.860000000000000000e+02 
567
7.61872497225
1.12901494833
0.846204334128
1.0
6.870000000000000000e+02 
568
7.82282079352
2.68017312719
0.983729010248
1.0
6.880000000000000000e+02 
569
8.15582099079
4.85569687562
1.16470453153
1.0
6.890000000000000000e+02 
570
8.5723729967
7.03020138178
1.32725515807
1.0
6.900000000000000000e+02 
571
9.01349996528
9.16075932466
1.45903846091
1.0
6.910000000000000000e+02 
572
9.36787592229
0.268555656911
1.56333931283
1.0
6.920000000000000000e+02 6.930000000000000000e+02 
573
10.0217967245
3.3811537947
1.65351007393
1.0
6.940000000000000000e+02 6.950000000000000000e+02 
574
0.0522819991782
7.30741181151
1.67126865881
1.0
6.960000000000000000e+02 7.570000000000000000e+02 
575
6.45904822207
8.7812976563
3.17102187494
1.0
6.980000000000000000e+02 
576
7.12669561229
9.78594284402
3.9034561102
1.0
6.990000000000000000e+02 7.000000000000000000e+02 
577
9.14021114699
1.29168013295
4.55919385186
1.0
7.010000000000000000e+02 7.020000000000000000e+02 
578
10.9430282543
2.939173707
5.28979822461
1.0
7.030000000000000000e+02 7.040000000000000000e+02 
579
1.96883696756
4.21238905865
5.94305044739
1.0
7.050000000000000000e+02 
580
3.22100175933
4.8273100084
6.7252533543
1.0
7.060000000000000000e+02 
581
4.3695222929
5.19931953808
7.43931837082
1.0
7.070000000000000000e+02 
582
5.58838469646
5.4407743693
8.18739369893
1.0
7.080000000000000000e+02 
583
6.817669455
5.53808778158
8.89507921616
1.0
7.090000000000000000e+02 7.100000000000000000e+02 
584
9.14575532697
5.42052814643
9.42915496955
1.0
7.110000000000000000e+02 
585
10.2727515361
5.32796791596
9.9335082602
1.0
7.120000000000000000e+02 
586
1.36792087584
5.01194557637
10.0606848162
1.0
7.130000000000000000e+02 
587
2.48092003
4.809928012
10.5517052883
1.0
7.140000000000000000e+02 7.150000000000000000e+02 
588
4.66143470148
4.18763722917
11.101770079
1.0
7.160000000000000000e+02 
589
5.42229498297
3.90646473374
11.5134523843
1.0
7.170000000000000000e+02 7.180000000000000000e+02 
590
7.83027692474
2.80625250209
11.9475194346
1.0
7.190000000000000000e+02 
591
8.96334327438
2.12965612418
12.4622346886
1.0
7.200000000000000000e+02 
592
10.468832386
1.18741262404
12.3735871895
1.0
7.210000000000000000e+02 
593
0.865696181527
0.429670851188
12.5802524167
1.0
7.220000000000000000e+02 
594
2.40159657486
10.5462796225
12.6915422363
1.0
7.230000000000000000e+02 
595
3.05574263745
10.0382266998
13.1293165799
1.0
7.240000000000000000e+02 7.250000000000000000e+02 
596
4.90271857162
8.42271583445
13.1638903086
1.0
7.260000000000000000e+02 
597
6.50185074946
7.00344103405
13.2563691413
1.0
7.270000000000000000e+02 7.280000000000000000e+02 
598
8.72851401987
4.9092565423
13.458857228
1.0
7.290000000000000000e+02 7.300000000000000000e+02 
599
10.4492196707
3.15689844689
13.6137763613
1.0
7.310000000000000000e+02 7.320000000000000000e+02 
600
1.34187144262
1.21130589917
13.7408900287
1.0
7.330000000000000000e+02 
601
2.81799029062
10.6524351
13.8096306769
1.0
7.340000000000000000e+02 
602
3.82846580534
9.50285871357
13.8668511284
1.0
7.350000000000000000e+02 
603
5.22458524323
7.87494260952
13.9719134839
1.0
7.360000000000000000e+02 7.370000000000000000e+02 
604
6.96734242361
5.74607030727
14.0117083499
1.0
7.380000000000000000e+02 
605
7.76129709346
4.70686470255
14.6214252377
1.0
7.390000000000000000e+02 
606
8.53926613138
3.37225702118
14.8643402691
1.0
7.400000000000000000e+02 
607
9.62625846518
1.53624761876
14.6668130529
1.0
7.410000000000000000e+02 
608
10.6986280612
10.9708742543
14.4622302988
1.0
7.420000000000000000e+02 
609
0.348159714764
10.1581611534
15.1210875213
1.0
7.430000000000000000e+02 
610
1.34171819317
8.57041551945
15.0506992651
1.0
7.440000000000000000e+02 
611
1.78994862383
7.64015147708
15.6823345151
1.0
7.450000000000000000e+02 
612
2.20178564447
6.45520926052
16.0136218829
1.0
7.460000000000000000e+02 
613
2.51947636829
5.4893563668
16.2391043339
1.0
7.470000000000000000e+02 
614
2.62523255898
5.10245549247
16.4690027161
1.0
7.480000000000000000e+02 
615
2.85110319965
3.8814206965
17.2356349825
1.0
7.490000000000000000e+02 
616
3.08756102391
1.93613178138
17.4124449508
1.0
7.500000000000000000e+02 
617
3.13561285475
0.241067537406
18.0207922418
1.0
7.510000000000000000e+02 
618
3.13917235861
9.1657718711
18.3906893947
1.0
7.520000000000000000e+02 
619
3.0956703484
8.54630367722
18.7652920465
1.0
7.530000000000000000e+02 
620
2.88920925107
7.00081117968
19.0988444529
1.0
7.540000000000000000e+02 
621
2.6269951804
5.79341952793
19.7688424351
1.0
7.550000000000000000e+02 
622
7.84848978657
8.4334643917
34.0214342374
1.0
7.560000000000000000e+02 
623
5.88033032891
6.64366796365
35.2556715688
1.0
7.590000000000000000e+02 
624
5.77632544504
8.08043693113
35.7506616935
1.0
7.600000000000000000e+02 8.470000000000000000e+02 
625
5.72502114782
10.0566704351
0.326115282515
1.0
7.610000000000000000e+02 
626
5.74412856031
10.4693199916
0.56112361036
1.0
7.620000000000000000e+02 
627
5.89839207201
0.689021087446
1.27376177293
1.0
7.630000000000000000e+02 
628
6.17982648889
2.24178125907
1.07296656809
1.0
7.640000000000000000e+02 
629
6.39100958252
3.28005337916
1.68277826875
1.0
7.650000000000000000e+02 
630
6.55540511609
3.85515024383
2.01133046396
1.0
7.660000000000000000e+02 
631
6.91087034367
4.80821004415
2.61711102683
1.0
7.670000000000000000e+02 
632
7.4559828586
5.8765896963
3.30372754469
1.0
7.680000000000000000e+02 
633
8.43133442974
7.44153002076
3.28801384875
1.0
7.690000000000000000e+02 
634
9.34520548256
8.8555380127
3.84573419599
1.0
7.700000000000000000e+02 
635
10.6314988448
10.3983723795
4.04666396389
1.0
7.710000000000000000e+02 
636
0.8802163621
0.744822003505
4.24072474632
1.0
7.720000000000000000e+02 
637
2.43887113404
2.36981835754
4.47896533921
1.0
7.730000000000000000e+02 
638
3.52074988509
3.43246463647
4.67584900787
1.0
7.740000000000000000e+02 
639
4.65822068698
4.46375766541
4.87335844205
1.0
7.750000000000000000e+02 7.760000000000000000e+02 
640
6.77936873701
6.21504946797
5.1558074801
1.0
7.770000000000000000e+02 7.780000000000000000e+02 
641
2.96529871472
8.1419468633
18.381844741
1.0
7.800000000000000000e+02 
642
2.84723734131
6.89461269968
18.6970574641
1.0
7.810000000000000000e+02 
643
2.62562195155
4.81980538757
19.1204682666
1.0
7.820000000000000000e+02 7.830000000000000000e+02 
644
2.14487450191
2.54735365796
19.5627273019
1.0
7.840000000000000000e+02 
645
1.72606815076
1.1720366733
20.3356827702
1.0
7.850000000000000000e+02 
646
1.23188825398
0.0849130711171
21.0392352144
1.0
7.860000000000000000e+02 
647
0.803412217294
10.250029349
21.5631843522
1.0
7.870000000000000000e+02 
648
0.202921934645
9.16423420858
22.1064393142
1.0
7.880000000000000000e+02 
649
10.0005837613
7.50228654142
22.4624417155
1.0
7.890000000000000000e+02 7.900000000000000000e+02 
650
7.65601099619
5.11576136996
22.619646038
1.0
7.910000000000000000e+02 7.920000000000000000e+02 7.930000000000000000e+02 
651
4.15491785259
1.68094481559
22.5880846889
1.0
7.940000000000000000e+02 7.950000000000000000e+02 7.960000000000000000e+02 
652
0.906668805524
9.67855708866
22.9274863516
1.0
7.970000000000000000e+02 7.980000000000000000e+02 7.990000000000000000e+02 
653
8.388943658
6.55736020587
23.2603286041
1.0
8.000000000000000000e+02 
654
7.00160976548
5.67656789082
23.8362479396
1.0
8.010000000000000000e+02 8.020000000000000000e+02 
655
4.52572407111
4.23553365232
24.35251724
1.0
8.030000000000000000e+02 8.040000000000000000e+02 
656
2.36454754712
3.30138086652
24.809914783
1.0
8.050000000000000000e+02 8.060000000000000000e+02 
657
10.6142890928
2.36818313412
24.8555467557
1.0
8.070000000000000000e+02 8.080000000000000000e+02 
658
6.98169120731
1.1514115914
24.752448693
1.0
8.090000000000000000e+02 8.100000000000000000e+02 
659
2.96525794262
10.5156322867
24.4194616717
1.0
8.110000000000000000e+02 8.120000000000000000e+02 
660
0.391849390578
9.14514252446
24.2859700431
1.0
8.130000000000000000e+02 8.140000000000000000e+02 
661
8.73125964412
7.55580671
24.2007780884
1.0
8.150000000000000000e+02 8.160000000000000000e+02 
662
5.14017758058
5.74081221832
24.0793546889
1.0
8.170000000000000000e+02 8.180000000000000000e+02 
663
2.95803019574
4.60508183679
24.4262953223
1.0
8.190000000000000000e+02 8.200000000000000000e+02 
664
0.246714230265
3.62902337384
24.8384277207
1.0
8.210000000000000000e+02 
665
10.4734083215
3.37791641304
25.3801245207
1.0
8.220000000000000000e+02 
666
9.1694580497
3.12107114854
25.9622159289
1.0
8.230000000000000000e+02 
667
7.40673772779
2.82863794294
25.9511625149
1.0
8.240000000000000000e+02 
668
6.38498017034
2.69524051274
26.5704436195
1.0
8.250000000000000000e+02 8.260000000000000000e+02 
669
4.18418512815
2.64052971122
26.9364916971
1.0
8.270000000000000000e+02 
670
3.16325093923
2.66633980307
27.5680678633
1.0
8.280000000000000000e+02 
671
2.14150371426
2.78013679322
27.8330415496
1.0
8.290000000000000000e+02 
672
0.666184075215
2.93379041596
27.7848456157
1.0
8.300000000000000000e+02 
673
10.6376386969
3.0987713028
28.3636075703
1.0
8.310000000000000000e+02 
674
9.83888883707
3.2948248564
28.7969881014
1.0
8.320000000000000000e+02 
675
9.26338395725
3.47588504104
29.1212685864
1.0
8.330000000000000000e+02 
676
8.17746440736
3.86943591822
29.0310744643
1.0
8.340000000000000000e+02 
677
7.39758799208
4.11181762991
29.0333218885
1.0
8.350000000000000000e+02 
678
6.82304142484
4.31516689122
29.3767258757
1.0
8.360000000000000000e+02 
679
6.45695582506
4.47282755634
29.6128157008
1.0
8.370000000000000000e+02 
680
6.0759592984
4.65098356361
29.8012611752
1.0
8.380000000000000000e+02 
681
5.53794663114
4.936804415
30.1502665138
1.0
8.390000000000000000e+02 
682
5.01124706574
5.24882736009
30.4945236981
1.0
8.400000000000000000e+02 
683
4.21202749857
5.84250203418
31.0386931494
1.0
8.410000000000000000e+02 
684
3.38451717746
6.58963214492
31.55054145
1.0
8.420000000000000000e+02 
685
2.34144392828
7.67994936201
31.783270146
1.0
8.430000000000000000e+02 
686
1.72885549237
8.36164668319
31.9195410861
1.0
8.440000000000000000e+02 
687
0.79374093799
9.51693361009
32.1671187363
1.0
8.450000000000000000e+02 
688
10.9314772543
10.8696421004
32.3684458815
1.0
8.460000000000000000e+02 
-
25
25
