5.0
5.0
18.0
0
4.94649474883
2.86003904238
18.3920949667
0
4.86455721442
1.58866928159
18.5262166758
1
4.67810135426
10.3793090002
18.6254121174
1
4.56642709937
9.11557858436
18.6735185182
2
4.35602299339
6.90974873408
18.6684914497
2
4.26414667303
5.96910340883
18.6689369656
3
4.05712929227
3.75430956628
18.6299571223
3
3.94223274365
2.49557860439
18.6240777272
4
3.74018549341
0.287335592131
18.7018413685
4
3.70685975839
10.9686010566
18.6866502951
5
3.49632447857
8.77746924111
18.6614515548
6
3.34852070505
7.21774224334
18.6699204695
7
3.22479464823
5.95283409765
18.669448079
8
3.1316925959
5.00795498795
18.6742480335
9
3.01359518272
3.75666415722
18.6732678816
10
2.88918486744
2.50455781028
18.6901539738
11
2.79252970564
1.5634782939
18.6864562633
12
2.66814587365
0.300573506966
18.7116538255
13
2.54111697305
10.0463088274
18.7609496181
14
2.40120591734
8.78652222622
18.8328757104
15
2.28585414755
7.84951658558
18.8820103343
16
2.16389326674
6.91257570909
18.9593490073
17
1.93973255587
5.35631327345
19.0748296181
18
1.56481742042
3.18084073279
19.22759882
18
1.50376703708
2.86893180137
19.252339324
19
1.13320466343
1.02312853246
19.3804744308
20
0.921467971859
10.8375676697
19.3935492997
21
0.783505453619
9.90697565031
19.4649338951
22
0.635978785242
8.9621800117
19.4894660805
23
0.296378908733
7.39856505989
19.5828315787
24
10.9846736461
6.19267517537
19.6400799126
25
10.4132828682
4.05430054611
19.8826021978
25
10.3275428471
3.76775615839
19.9344120599
26
9.64319870327
1.73877447889
20.1422815566
26
9.41682838423
1.20320282266
20.2029094619
27
8.44127341353
10.4057842785
20.3436226147
27
8.28961101558
10.1139222884
20.3433252646
28
7.43804701438
8.06961681779
20.3400474193
28
7.32302086699
7.78037258559
20.3388122496
29
6.64273562226
6.04724265368
20.3218094921
30
5.85626601967
4.03000456335
20.2615400746
31
5.29665297823
2.56020627265
20.2007796258
32
4.86993932039
1.38575932759
20.1374199449
33
4.45689503086
0.21354731832
20.0936283211
34
4.149669403
10.3244502318
20.0041574599
35
3.87125442547
9.44608145974
19.9381158003
36
3.24363663092
7.35345913987
19.7752781535
37
2.75031338267
5.5346147899
19.6473166864
38
2.4392206562
4.33241259603
19.6815518169
39
2.03744670876
2.82006443606
19.6551034254
40
1.71913182172
1.59143616815
19.6459695519
41
1.42213289571
0.389720888511
19.6103603247
42
1.14587756322
10.1761732954
19.5639211614
43
0.994500962338
9.36865718456
19.4119359523
44
0.786676988539
8.21399615767
19.2937216559
45
0.60141332284
7.28904671802
19.2663905414
46
0.410506210825
6.36666132089
19.2497520533
47
0.288275302788
5.7391745529
19.329247147
48
0.161731279126
5.12808811433
19.3434164959
49
0.0383282015204
4.50475239601
19.3449080072
50
10.9161445749
3.90190835129
19.3313760136
51
10.7961441259
3.28585887222
19.3317840305
52
10.6107619574
2.37628879947
19.3050418385
53
10.4845864492
1.77495531781
19.2512583713
54
10.3237073111
0.952366708967
19.1328496321
55
10.2324749513
0.46261721196
19.0791485273
56
10.1092836473
10.729522109
18.8904404056
57
10.0345835749
10.2068731264
18.8223245212
58
9.96255626836
9.57544955952
18.7108064565
59
9.8921676465
8.88332227107
18.6317610229
60
9.8609731666
8.52529008063
18.619668824
61
9.80110641755
7.8527643453
18.5569079023
62
9.75366427275
7.20675853315
18.5005128725
63
9.70729561075
6.57577525057
18.4686703261
64
9.66753032206
5.94551383515
18.4374422674
65
9.62623090061
5.31278865095
18.3847092948
66
9.58957167301
4.68476172244
18.387179557
67
9.54982536218
4.04968645545
18.3686345762
68
9.51471911154
3.43101232532
18.3644664969
69
9.49403255698
3.10364787993
18.3632570339
70
9.48151498894
2.75826568928
18.9066153144
71
9.48132716537
2.74679236154
19.4326515432
72
9.48115655134
2.75305129606
19.9636867325
73
9.48358374356
2.75225406194
20.4848843421
74
9.48330710976
2.75205702165
21.0198824397
75
9.48104604036
2.74524283123
21.8213895072
76
9.48375540436
2.74062669755
22.3577248337
77
9.48319247784
2.7427487337
22.879103541
78
9.48179458925
2.73525383894
23.4039151676
79
9.48212316593
2.73694586777
23.6669285799
80
9.48352365764
2.72954362361
25.7922690273
81
9.48688561356
2.72504075496
26.3295617583
82
9.48368964781
2.72612291565
26.8602860177
83
9.48471923174
2.72317956188
27.1309023558
84
9.48792303704
2.72157311917
27.3954767103
85
9.48750540919
2.72239270096
27.6736416569
86
9.49347371524
2.72115824817
27.9402616672
87
9.49316657595
2.71794279713
28.2134616374
88
9.49321857947
2.7182064781
28.4619221796
89
9.48711905563
2.72004776111
28.7217363205
90
9.48826889957
2.71551730419
29.2546479326
91
9.4882857453
2.71624252903
29.7893961126
92
9.48861540115
2.71457919627
30.0764527611
93
9.48877154066
2.71209841201
30.3316125794
94
9.48868001206
2.71269057926
30.8678871196
95
9.00192149575
3.09449151405
31.0206280864
96
8.5073072412
3.50416337512
32.1075821399
97
8.18719147471
3.99286939871
32.7545542477
98
7.51704823215
5.13133128412
32.6023008321
99
7.05425019282
5.78666982647
32.1262073292
100
6.54671432326
6.40113560391
31.6777695922
101
5.98132683601
6.97740009729
31.190341938
102
5.69074123649
7.23509846429
30.9608655258
103
5.05735633053
7.71932034746
30.4979806788
104
4.3706660924
8.15162679858
30.0572669967
105
3.65270302856
8.52703202259
29.566935947
106
2.9005956482
8.8371817224
29.0688893961
107
2.33012460492
9.02257180521
28.7156898517
108
1.54725586887
9.21169772869
28.195505941
109
10.4888185271
9.45377396514
27.7401541623
109
10.0828774502
9.4471869083
27.4947530616
110
9.23455180771
9.42115097598
26.9810296085
111
7.40821257003
9.388758474
26.8297591612
112
6.58890002448
9.35235673094
26.3638952959
113
4.71731155333
9.17512975593
26.0459124186
114
4.11519352701
9.07945623702
25.7131295435
115
2.1013942209
8.65304483486
25.3263973674
115
1.89908136932
8.59542872076
25.2020146287
116
10.843970788
7.92997511317
25.1606048897
116
9.63700044977
7.54907563011
25.1153230158
117
7.61041181333
6.81285067809
24.6674093956
117
6.74951847494
6.47361368343
24.585671287
118
4.75441200826
5.62364354176
24.4467733596
118
3.34569587293
4.98204499357
24.3108953531
119
1.40113346138
4.05366087093
24.1900479154
119
0.0188625187262
3.36436980252
24.0969425293
120
9.11594387898
2.36497416929
24.0099869772
120
8.0287189261
1.77294565265
23.9065122729
121
6.17073926062
0.712236025392
23.8201781466
121
5.11482106569
0.0783028920314
23.8086417376
122
3.27314498122
9.9684966728
23.7362711868
122
2.15867443613
9.2711664306
23.496655676
123
0.396070496466
7.90469280547
23.3080277514
123
10.907758523
7.54114455652
23.3303759831
124
9.13943047116
6.2933476288
23.432858463
125
7.62102946191
5.267639115
23.5779526231
126
7.11218068964
4.93141052355
23.6421232926
127
6.07329051807
4.27483311335
23.7536933061
128
5.2770614712
3.79884664817
23.8740571542
129
4.75441729403
3.50060807437
23.9489908419
130
4.4889487174
3.35057566212
23.995841828
131
3.94793568286
3.05111586825
24.0686928634
132
3.67072336175
2.91007002358
24.1192661771
133
3.42632109614
2.79662174634
24.7147113272
134
3.15643306893
2.70430901682
25.2827201769
135
2.54806725113
2.53864667636
25.4442892411
136
1.93608966895
2.39105528217
25.5824391455
137
1.61572482976
2.31883134508
25.632444757
138
1.01096128835
2.19218496405
25.7541314777
139
0.394307290022
2.08349995715
25.8508102134
140
0.013017329953
2.02320876336
26.2179617948
141
0.0327368739118
2.03318512045
26.7327379912
142
10.1230635581
2.0576135412
27.1316660949
143
8.20313639496
2.13924817435
27.4588804268
144
6.94364334418
2.24506986579
27.6731763019
145
5.69958318888
2.38037900586
27.856501363
146
4.44422044235
2.55519866758
28.0612357035
147
2.91334751458
2.81666302483
28.2698669347
148
0.763573015622
3.27563224023
28.5810859486
148
0.454763828436
3.34816806138
28.6371465152
149
9.34864405066
3.95875523585
29.0015418468
149
8.76398924469
4.14679425088
29.0155608907
150
6.69925535138
4.85578747364
29.159030196
151
4.65265700321
5.58357734588
28.782196675
152
3.04652276548
5.98034679138
28.5085160374
153
1.22023786002
6.40200155677
28.5047106611
154
10.8914265256
6.70990613865
28.2214925329
155
9.7582798277
6.90916340402
28.1195686021
156
8.83382308223
7.06091206043
28.1116203094
157
7.50647857952
7.26726435889
27.8138221653
158
6.3819966959
7.39752252008
27.7640241339
159
5.45643857033
7.49814636932
27.787419215
160
4.51509215863
7.60406046968
27.7778135417
161
3.5779456602
7.70748453151
27.7669395226
162
2.33201687875
7.84407633698
27.7253277936
163
1.06835029738
7.97394224234
27.6555275783
164
10.8042292019
8.08444045004
27.5881662798
165
9.5496291387
8.18487736138
27.5271069528
166
8.5970864374
8.25577246775
27.4807355642
167
7.96723839354
8.29534235096
27.431114198
168
7.01815155291
8.35561600809
27.3968452452
169
6.07205256546
8.41218000565
27.3299366208
170
5.13164233175
8.46133730588
27.311585004
171
4.18109824977
8.50669532355
27.2460389928
172
3.55892524181
8.53043009853
27.2178121782
173
3.24200674088
8.54341636396
27.2163684938
174
2.29331323193
8.57425630236
27.1284910393
175
1.34832084083
8.59123455681
27.1055177732
176
0.397388139632
8.59335863009
27.0759997095
177
10.4541938179
8.58085595399
27.0604975621
178
9.82131055629
8.56825848076
27.0076097864
179
8.87222039907
8.55706148314
26.9870874629
180
7.91474452976
8.54802379274
26.9549329937
181
6.96561699602
8.53735414577
26.9278051516
182
5.70947198929
8.51730296145
26.8789249711
183
4.76406769461
8.4951432756
26.8807122894
184
3.81502996375
8.47193324691
26.851911651
185
2.8659000481
8.44523241671
26.8207212561
186
1.60243759972
8.40444545446
26.8104252466
187
0.335533735808
8.35427528281
26.8127874755
188
10.3867634152
8.31041921901
26.8046704162
189
9.43827017644
8.27340084742
26.782933834
190
8.48229542092
8.24274684184
26.7866314985
191
7.21411949977
8.20658582717
26.7968603039
192
6.27113081328
8.18490544454
26.8680897171
193
5.32805956694
8.17312632245
26.8899988808
194
4.0621556472
8.16010613283
26.8970171919
195
3.10902707178
8.15097327025
26.9106079742
196
1.52738339253
8.13913334299
26.9029179561
197
0.258834928571
8.12347304849
26.9435900427
198
9.68284603751
8.11167133598
27.0065870372
199
8.7299727705
8.11473729196
27.047481212
200
7.7742568014
8.12413697147
27.104874162
201
6.82504695763
8.14389668891
27.1551957281
202
5.86668513343
8.17086287919
27.224167906
203
4.61042103879
8.22217977328
27.3587168734
204
3.66663369425
8.27807994377
27.4564434883
205
2.7257218704
8.34604930076
27.5672866411
206
2.10693865924
8.39538577801
27.6633859608
207
1.49329401003
8.45424287355
27.7223997778
208
0.856282095193
8.51859589137
27.7937264729
209
0.545997260662
8.55220282027
27.8370699419
210
10.9317838008
8.61973417982
27.9181326461
211
10.5502733367
8.66207512438
28.2985668651
212
10.5867072514
8.64342459615
28.8054515901
213
10.3192505668
8.72403009207
29.1183882537
214
9.70614875261
8.91425437898
29.1781258392
215
9.11475887634
9.09079788818
29.2496202977
216
8.5225968805
9.28420927004
29.3221701941
217
7.92055734346
9.50779793539
29.4146367467
218
7.34747869037
9.74787789398
29.5476000892
219
7.06178005756
9.87386069657
29.580164422
220
7.01863571434
9.88460672279
30.21359901
221
7.02233686586
9.88703089494
30.4686425923
222
6.57383214112
10.2215725364
30.8639198773
223
5.59587681178
0.001598186173
31.0430953373
224
5.13213482311
0.386987688289
31.1907655944
225
4.0092453108
1.41604563069
31.4276158996
226
2.74671636506
2.72085256529
31.7505495765
227
1.72698714101
3.87055272757
31.9843066764
228
0.395915912217
5.55451238573
32.2821313607
229
10.1596326595
7.30562647478
32.5108406684
229
9.98672485967
7.55849868927
32.5258267762
230
8.75390426496
9.25593207368
32.6898033942
231
7.52308892707
0.0324782881224
32.7821144615
231
7.20016377157
0.560544473346
32.7798514702
232
6.41931727485
1.87532377872
32.8327936711
233
5.65164770091
3.19729422984
32.9116463649
234
4.74689751316
4.81203389554
32.9856734678
235
3.87049835567
6.44864376508
33.0714567539
236
2.87399657949
8.36163987289
33.1238913066
237
2.31202479717
9.4587697858
33.1461932462
238
1.50981693185
0.109654612129
33.1751418097
239
0.619718059103
2.09043500988
33.2334985103
239
0.485482386124
2.37483119568
33.2506581373
240
10.5523675895
4.32415868758
33.3214980814
241
10.034032986
5.45137660207
33.3908797452
242
9.40676084556
6.86579784007
33.4824772562
243
8.78521396886
8.26758016845
33.5523037096
244
8.40231183992
9.09785079793
33.5838376809
245
8.00499565229
9.9332307702
33.6420407844
246
7.52126305735
0.082955056691
33.6599544729
247
7.0620108635
1.23366231315
33.747312654
248
6.74136127491
2.11422946442
33.7842304517
249
6.52517132081
2.69304736536
33.829950352
250
6.31332672051
3.26802678056
33.8492134595
251
6.20421444889
3.5656801333
33.8898234821
252
5.99911101387
4.14933111787
33.926459779
253
5.80816025679
4.74537341128
34.0083423232
254
5.61786307301
5.33376688403
34.094081143
255
5.52799269417
5.63209163425
34.1327780998
256
5.43832971102
5.92188910832
34.1654266512
257
5.34021398232
6.27075769882
34.5415891549
258
5.35777962365
6.22322329714
35.0384157343
259
5.33187248348
6.57467616804
35.5679772206
260
5.29914248093
7.19410433682
35.6914200012
261
5.27527590225
7.82128350832
35.8038156242
262
5.26893202164
8.13532636666
35.8544175817
263
5.25675545513
8.77099432708
35.9163229672
264
5.25771805908
9.1674171218
0.269164942502
265
5.26268678533
9.13160532305
0.777712498392
266
5.30614122345
9.38510570158
1.08619548906
267
5.42157371183
10.0320602371
1.18281859166
268
5.60228119194
10.9668221261
1.30469229478
269
5.73056186511
0.597763503378
1.39549548739
270
5.86026001969
1.20439414497
1.4742359178
271
5.99925063828
1.80756317806
1.58051545063
272
6.01035881367
1.88906002393
2.14925040253
273
6.13502447675
2.15058059274
2.70477124741
274
6.84809412184
3.55970393293
2.99532721873
275
7.5743657462
4.87941155111
3.20091616355
276
8.7220053424
6.68569147618
3.54800780738
277
9.7968440901
8.18802000499
3.94574274172
278
10.9591038029
9.40971026513
4.35626474225
279
1.67428805479
10.628657791
4.58671895102
279
2.39520026736
0.27113548787
4.58740873278
280
3.93660659216
1.76186862967
4.55151853445
280
4.59039519244
2.40508560384
4.51247747354
281
6.09534629116
3.91595617574
4.36541616952
281
6.7392869509
4.59530474809
4.30344766827
282
8.17784116171
6.17020896846
4.14218530992
282
8.57347512504
6.62979227425
4.09148159411
283
9.92930687496
8.27528370242
3.88326451129
283
0.0277657711716
9.5309514737
3.77003805341
284
1.55457379413
10.954746273
3.65814956092
284
2.34501866721
0.970186527254
3.57538602954
285
3.5508119734
2.75488979464
3.41952480633
285
3.72123537565
3.01403483691
3.3875098572
286
4.87883349906
4.83349258274
3.271245929
286
5.9642964536
6.67118925813
3.14412840606
287
6.32963108226
7.37698970241
2.63638185753
288
7.2351484208
9.34801623519
2.61628111314
288
7.5460605692
10.1046769204
2.08680891978
289
8.25632381407
1.18960776333
2.09152490813
289
8.45806397588
1.78382648824
2.09053780869
290
8.70963962509
2.56957742731
1.60013221594
291
9.11919874617
4.50870045958
1.35230259288
292
9.40954679392
5.93075498798
1.13929877094
293
9.50859498311
6.56129086877
0.753924113908
294
9.62891774599
8.01728429251
0.443209388733
295
9.65791682488
9.48139386301
0.20334000497
296
9.58748657498
10.3369302789
35.9995161082
297
9.44535273809
0.579829629193
35.8487212842
298
9.34533947225
2.2321334516
35.6468440685
299
9.23680388298
4.11964325935
35.4870719882
300
9.08398983218
6.02220174471
35.3670871267
301
8.9299271051
7.59484906337
35.280641271
302
8.7412847965
9.1133538496
35.2812950283
303
8.46420874402
10.9447923257
35.3007307473
304
8.27449558734
1.52185431586
35.3450101792
305
8.12865425629
3.09974353734
35.3791029636
306
7.96186054264
4.99148869613
35.427750274
307
7.81801423856
6.88552528063
35.5049341974
308
7.75240738114
7.82923323319
35.5469483064
309
7.63008870564
9.73004465416
35.6462371125
310
7.54111016286
0.322437088046
35.673294914
311
7.44679409233
2.21846770701
35.7181369012
312
7.37516437109
3.80584117384
35.7048360159
313
7.29338278156
5.70379599868
35.6971398522
314
7.22247777141
7.29338968586
35.6293685393
315
7.1265527259
8.87514692467
35.5045121634
316
6.95331702827
0.0635217715046
35.3633814813
317
6.77104141072
1.95682843742
35.2823152695
318
6.6059275703
3.51688697304
35.2376612616
319
6.43699052382
5.07436200273
35.2123507101
320
6.29749736744
6.33437538049
35.2637061543
321
6.20230621771
7.27387110097
35.3149427139
322
6.08351054415
8.54480057641
35.4122398114
323
6.00576336549
9.48762585857
35.4584825038
324
5.93431998102
10.4326392781
35.5273614743
325
5.85571947319
0.696591428781
35.6095109694
326
5.79302276455
1.9574321184
35.7180392324
327
5.73894616782
3.21847797059
35.7692184413
328
5.70365868138
4.17346672468
35.7739897663
329
5.67139124385
5.12733062923
35.8082353463
330
5.64032419575
6.08264499623
35.8317584385
331
5.62110297875
6.70819848463
35.9113504435
332
5.60804021762
7.65739637358
35.9827820541
333
5.60408659765
8.29333248839
0.0281374145624
334
5.60485836522
8.6234296626
0.0742344531102
335
5.61186718071
9.26248849703
0.131563659738
336
5.62571531213
9.89003139933
0.187331741087
337
5.64480034058
10.5330187045
0.232919667404
338
5.65613116895
10.8482729563
0.258571787152
339
5.67933245853
0.483929786375
0.281169079347
340
5.67216682942
0.459427465399
1.11298481082
341
5.66342927915
0.458963344303
1.63735789857
342
5.66184977736
0.462254948456
2.18007017289
343
5.66278125162
0.467805646064
2.96132531171
344
5.94083578594
0.980874058514
3.033212359
345
6.23323424824
1.5089726032
3.07612542646
346
6.53698870396
2.05416616842
3.15222029435
347
6.69065068196
2.32178831764
3.68145275307
348
6.68874691222
2.32103564472
4.21312079468
349
7.26062573547
2.97017422007
4.31471193427
350
7.68586446627
3.41693317737
4.45814347125
351
8.12356511636
3.85512930861
4.58939015455
352
8.56909453513
4.28191777027
4.69238565733
353
9.22974264462
4.88539951041
4.8316964249
354
9.46245652157
5.09298912597
5.3838277312
355
9.47105366989
5.10505019956
6.19298727453
356
10.8084924084
5.76563976015
6.49668094052
357
1.23063375735
6.32444443747
6.84942883321
358
3.28627652019
7.00135274807
7.12748461543
358
4.17109253302
7.26305245758
7.18595490273
359
6.28327439712
7.85893345607
7.25898457125
359
7.77559739487
8.27376246565
7.24668522925
360
9.86170006016
8.84684178081
7.17474711815
360
0.662480375571
9.24374679259
7.10574699091
361
2.79621205557
9.82944570061
7.08362507313
361
4.86766312317
10.4792961188
6.95313500858
361
4.01634003691
8.41365054653
17.9193124295
1
4.00958005217
1.98128266011
17.9754795088
362
3.13897781641
10.7451579945
18.0765161362
363
3.12105968602
8.51849847174
18.1291427781
364
3.07929336964
6.30642222669
18.2022039079
365
3.03539022113
4.72392665907
18.2390919099
366
2.99004864494
3.455416563
18.3250252636
367
2.93156534254
2.19876299974
18.3932900238
368
2.87530978052
1.25540829986
18.4638136381
369
2.80986207221
0.306168208738
18.4928096642
370
2.71581367153
10.0426009014
18.5740632996
371
2.66210849555
9.4162657839
18.5940166881
372
2.60796343057
8.78949882623
18.6060022545
373
2.52491781046
7.83872806642
18.6854227333
374
2.4665454622
7.21603327033
18.7522967481
375
2.3952388346
6.58609380898
18.8156902982
376
2.28304923725
5.64724937536
18.8854512977
377
2.11160144027
4.38766596933
19.074908437
378
1.96197314809
3.45232037758
19.1828225135
379
0.868341198078
0.588120266833
19.1774688475
19
0.121333633639
10.1877113389
19.1299234878
380
4.4161178755
0.495727358538
19.8337503047
32
2.89644085177
7.87305358056
19.059121357
36
2.72287053776
5.38744102714
18.8419010631
37
1.91363931847
3.65890121511
19.1284942909
38
1.87826680727
3.4088867413
19.3284015362
381
1.68331134561
2.62921111225
19.7914869798
382
1.36200975315
1.67305903137
20.3820178775
383
0.952455631203
0.743082775287
20.9426749801
384
0.439880509125
10.7801594771
21.5868317744
385
10.5418394109
8.84814136997
22.0299068105
386
9.28215032477
7.256871459
22.0925880451
386
9.08136674907
7.02403095183
22.056861965
387
7.69964178307
5.38903179676
22.0288502009
387
6.91017305174
4.44605946854
22.0951066995
388
5.50224825656
2.83560226483
22.2449109541
388
5.29497348421
2.60234626727
22.2779826285
389
3.80886203551
1.04346625377
22.4570220781
389
3.22973005277
9.90583933549
23.7533588832
115
0.038928379499
7.70875139123
24.9768825627
115
3.55033865396
4.06808991033
23.6670522533
118
5.47439327529
9.98822321372
22.9554999961
121
2.15150120499
8.40117074089
22.9149505659
122
10.7664074972
7.20264914634
23.6170506289
390
8.89081177644
6.13379936836
24.0040928324
390
8.26528763448
5.80781152506
24.264256485
391
7.33562189852
5.39721367545
24.8624126705
392
5.45618572985
4.75103127026
25.1810299284
392
5.07137052209
4.63679765336
25.4528735936
393
3.01858553351
4.27396522847
26.0493424815
394
1.05189168868
4.0215134686
26.4207475998
394
0.213457119042
3.96866699361
26.6087473074
395
9.01269454094
3.85612471958
26.6630390797
396
6.79740129775
3.76271889458
26.8284575744
396
6.47600147172
3.75383794244
26.8872450182
397
4.46226798095
3.79230293418
27.3363845567
397
3.83863995231
3.82077837735
27.341126825
398
2.16445437655
3.9153157621
27.6902334445
399
0.0943228528348
4.22832845625
28.1126905078
399
10.1733579603
4.40451012609
28.4997133928
400
8.08450169324
4.95146552045
28.8752430085
400
7.89605153625
5.00355949118
28.9779720801
401
6.72872766628
5.43912076576
29.6358816864
402
4.85582512432
6.27247776631
29.8845465624
403
4.15693649333
6.66245984997
30.3738359035
404
2.82060026664
7.56510566749
30.355437766
405
1.76737905911
8.28856137207
31.0009635114
406
0.898654641922
9.08119963264
31.7048919767
407
0.227023728056
9.90496445935
32.3885955797
408
10.8283980588
10.784541732
33.1875805051
409
10.5981929823
0.753981074561
33.8669955604
410
10.2659219988
2.25226621239
34.7525169432
411
10.0384291651
3.79853826493
35.0085288656
412
9.6780578362
5.96030641659
34.7193998347
412
9.33514744075
7.49322942127
34.4938676074
413
8.74999587125
9.5154157033
34.4236344419
413
8.09567218935
0.607007873249
34.6142022315
413
7.95668533505
1.22790599271
34.6448430571
414
7.53453841724
3.37790695686
34.8449598481
414
7.23184127502
5.24817071542
35.0466931876
415
6.95806762994
7.4623609173
35.281943173
415
6.8040398949
9.02390952019
35.3926352467
416
6.63145651357
0.243382610725
35.5607105466
416
6.57198927754
1.1908628298
35.6036065584
417
6.4485956015
3.39920947144
35.6976094022
417
6.40195817453
4.35477724576
35.6975285032
418
6.30388330132
6.56051687129
35.7275606909
418
6.28002466605
7.18148192935
35.7282685371
419
6.18880301379
9.40313922605
35.6220313722
419
6.13140607305
10.351379248
35.4982958344
420
5.92997361401
1.56623580534
35.2568252488
421
5.6643064366
3.74009710045
35.064466971
421
5.5726363938
4.36165400911
35.0046222657
422
5.20921992146
6.52898632674
34.745900025
423
4.76525954191
8.67830171068
34.4445423046
424
4.19449242442
10.7849278625
34.0814821897
425
3.51878105371
1.84624893453
33.7629962147
425
3.40785176354
2.13729064518
33.6813817507
426
2.56402573606
4.1230972418
33.3137071247
426
2.43262549902
4.40179936149
33.250774545
427
1.54082223843
6.33531158361
33.895436879
427
1.40754331776
6.71556662454
34.1341553029
428
0.77173921631
8.77263816176
34.3698018471
428
0.54916173277
10.0985321059
34.7921845578
429
0.352453966691
1.16567127217
34.6732268839
429
0.00264998272672
3.07769723412
34.6528280989
430
10.6159166903
5.01521316147
35.0051149878
430
10.3935113452
7.01663885443
35.3004478876
430
10.3304025186
7.63220196997
35.320168551
431
10.0566315093
9.83188702248
35.5030757284
431
9.8143772013
0.769221127411
0.0788397806766
431
9.79294953595
1.11223398323
0.0823827375192
432
9.80574447119
3.22970072676
0.589846381723
432
9.96307085236
4.69974854866
0.680846464666
433
10.1814340854
6.68709854689
1.1777279181
433
10.2192533127
6.89277089461
1.30005386668
434
10.6185026615
8.9601708823
1.47480762959
434
10.7499480798
9.41485134357
1.80885561662
435
0.324626496367
10.5996285321
2.29234650097
436
0.940224546666
0.732731672018
2.59884580184
437
1.43856644186
1.68806676207
3.1905703294
438
1.99540233724
2.52989132099
3.7557271816
439
2.73846071628
3.43704878885
4.44668691588
440
3.31517828255
3.99832842586
4.90173871928
441
4.26906966873
4.73877435985
5.6079166346
442
5.32656894617
5.34963786128
6.00464129355
443
6.92941156962
6.23630664063
5.91202380239
444
8.5269706574
7.16694745067
5.70042922489
445
9.81627675811
7.98580946692
5.59254804786
446
0.367886551852
8.91297945364
5.62168021974
447
1.73257639184
9.62471315833
5.75713934113
448
3.59786162739
10.6917755614
5.96952966499
448
3.87021984879
10.8488777193
6.01700072715
449
5.24504705072
0.549486635754
6.24679755379
450
6.83625776134
1.26911070872
6.64914619068
451
8.25168309913
1.82729105432
6.8357852857
452
10.0090097145
2.44855957809
7.07892259708
453
10.4008934386
2.56789206273
7.33471775634
454
0.717083902227
0.67752016156
19.3759763366
382
10.6002950118
8.74024485445
21.7026541413
385
2.53708096927
10.1630525917
22.3615960612
389
5.85136539226
5.73291110783
24.5292132349
117
9.62297133028
5.86995747992
23.0181142327
124
7.75169402373
4.87628082395
23.0623039142
125
5.96532089515
4.05019006072
23.1569785043
126
10.6047139552
1.71980585717
25.18982244
455
6.7096406547
4.65015370464
29.1127885947
150
4.64588602095
4.61006918175
29.0425681891
151
2.60211721429
5.1982898138
27.962224062
152
1.23527655646
5.23459604621
27.5006656064
153
10.707296959
7.72754577239
26.0599332329
197
6.0531387
8.02934445835
27.5511221048
456
5.01638686401
8.15813245976
28.1260702464
457
4.41314654762
8.27661153795
28.4882871173
458
3.8195010225
8.43065349424
28.8269532197
459
3.04854455172
8.6838091556
29.2540216184
460
2.11965020694
9.07303058435
29.866886434
461
1.27123637595
9.54948392946
30.4814530004
462
10.5667358366
10.9238413245
30.7802203986
463
9.16159374199
1.35066699975
31.4471995527
464
7.71053873443
2.8065344515
31.8731207343
464
7.45632735765
3.1087568549
32.1069381963
465
6.24923471094
4.74387920576
32.5249839144
465
5.92511862998
5.24469408918
32.8368759909
466
5.53627075303
5.9601837197
33.3287882702
467
4.70962785277
7.83460697347
33.6529244934
467
4.43219704648
8.58195004142
34.124400976
468
4.1720592555
9.56321426815
34.7102121124
469
3.99232322447
10.7793104437
35.4803176483
470
3.95220887656
0.624448021679
35.9417307946
471
3.95959016146
2.63872025578
35.8828702416
471
3.94182542148
3.46530640364
35.9509805108
472
3.92400404548
5.6915681066
35.9645282932
472
3.91972183122
6.20153010224
0.0790859970707
473
4.03182140461
7.9855992332
0.554328705835
474
4.20315446818
10.1801056027
0.535965918981
475
4.36043411824
1.07053377045
0.637446872742
476
4.56865030622
3.26603269648
0.757423795857
477
4.82009138235
5.44743394634
0.876372010543
477
4.86197040274
5.75410743824
0.900768192625
478
5.11091184122
7.6222372579
0.947050808686
479
5.44001384889
9.81635111265
1.00693217127
479
5.58544125898
10.749824966
1.02568994277
480
5.91662926098
1.92867118742
1.08784672276
480
6.17976453178
3.56750365909
1.41121135856
481
6.70031938188
5.37631623145
2.1044566861
481
6.83488437713
5.75951903751
2.32322292944
482
7.70457235968
7.84773952662
2.26768220792
482
8.24041601578
9.27776043673
2.58598648834
483
9.03388601851
0.275694574932
2.41909314314
483
9.46937397068
1.55971174599
2.61617593777
484
10.0562170373
2.78342158574
3.23546061192
485
0.159527157342
4.66894105939
3.12789964392
485
0.460777444921
5.19573854988
3.11403305789
486
1.53778886911
7.07449902879
3.166398577
486
1.84992422364
7.59502743691
3.2041329012
487
2.98882871346
9.40004722775
3.76039826535
487
3.29329006083
9.80097760471
3.91415956704
488
4.54928813527
0.386518914154
4.32403900816
488
5.51199539852
1.40087725277
4.29019491609
489
6.2208432494
2.10816614613
4.94361693129
490
7.81497468288
3.34037098396
5.18715498362
490
8.31128990527
3.70474689646
5.60137007661
491
9.35339826743
4.30504693079
6.25336224404
492
0.325381262914
5.15930226944
6.68401296914
493
1.47184250035
5.54289109708
7.39500166503
494
2.26889294601
5.71871321237
7.89218045727
495
3.0698776636
5.82472511763
8.40788982559
496
3.89771798847
5.86821672441
8.8679891531
497
4.51933635857
5.8684749397
9.22148718887
498
5.34032933192
5.80962270747
9.66696001993
499
5.95751266692
5.73106674303
10.0386107603
500
6.77512219716
5.57716176719
10.4847153142
501
7.17222528873
5.47823293306
10.7075074572
502
7.64954397787
5.33737864496
10.7975319553
503
8.25429468572
5.16805197509
10.6435288844
504
9.15652321568
4.94962649781
10.4057508813
505
9.76751484413
4.82691012617
10.2651702518
506
10.3824732025
4.71041714161
10.1009639426
507
0.317326963208
4.56299546673
9.87231576308
508
0.629382854396
4.5231821328
9.7903981178
509
1.87600016129
4.39762300887
9.63897360067
510
3.12628287133
4.2840910896
9.59915845984
511
3.75826801435
4.227693487
9.5899824272
512
4.37633851588
4.1780546796
9.57717858115
513
5.32446435801
4.09823719874
9.60495445763
514
6.26721012144
4.0144930346
9.62581708542
515
7.20932812576
3.92464033047
9.67538534513
516
7.84700307348
3.86114986823
9.70332994002
517
8.48067966359
3.79078180777
9.76764476947
518
9.10266391601
3.72052964459
9.79891773128
519
9.72878763324
3.64974984257
9.81769715726
520
10.3538222548
3.57127038484
9.89551473574
521
10.9828839568
3.48771637945
9.93995258726
522
0.918694750041
3.35901261209
9.97759659198
523
1.85827225989
3.21771811695
10.0571666401
524
2.78547440124
3.07822121922
10.1234559156
525
3.72566887979
2.92444829941
10.1703649016
526
4.65460824859
2.75824022911
10.2127957186
527
5.26996912851
2.64137796482
10.2548884166
528
6.19053090312
2.45226487603
10.3221172825
529
6.8089358337
2.31908693324
10.3816592614
530
8.0368609923
2.0587445665
10.4171747666
531
9.25962897111
1.79203145491
10.5008341212
532
10.1712131861
1.5889832314
10.5150618526
533
6.69882289102
7.79254963778
26.1601158993
534
3.85403238882
8.00780018625
27.1114657661
456
3.52426281343
8.01308732381
27.1333841345
535
2.25487266342
8.04031856208
27.2211534744
536
1.28752069925
8.07528099271
27.3232548046
537
0.346616457864
8.12053988171
27.3756343927
538
10.6991582654
8.15820859915
27.4450376357
539
10.0686332365
8.19421715721
27.5030769663
540
9.44288557674
8.24183454245
27.5713925345
541
9.11851887862
8.26645873793
27.6110511231
542
8.48651099261
8.3284954106
27.7249127467
543
7.85896295773
8.3938171575
27.8019069965
544
7.54211993343
8.42988901244
27.8281557448
545
7.22658108889
8.46812288082
27.8508087646
546
6.92283826949
8.50631708587
27.8869404797
547
6.30027154487
8.58819827255
27.9786305309
548
5.67940640961
8.67996106589
28.0846249518
549
5.06862178474
8.78025787488
28.1813496939
550
4.75631781544
8.83071584603
28.2168030302
551
4.44829177222
8.88510393948
28.2705545308
552
4.36445477935
8.89641578334
28.5617940813
553
4.37723188327
8.88776791569
29.0392089428
554
4.37478295856
8.88408870811
29.2893042779
555
4.37232838484
8.88144139526
29.8155998761
556
4.26656042126
10.3280396951
30.9770459193
557
4.6992238096
2.63251261873
32.1081741433
233
2.79439592433
5.37870498647
32.1327823593
235
10.0033870616
3.75902241362
32.9937124432
240
9.16182166966
6.40801502822
33.5508479498
558
8.36676562759
8.3003069395
33.6725768356
559
8.07297668932
9.05130008113
34.1029662593
560
7.44804712972
0.0306381438751
34.2934489419
560
7.3929531793
0.231407135055
34.4442378716
561
7.13716911538
1.633489998
35.3347409764
562
7.06690354673
3.08230025568
35.8915471388
563
7.0562731548
5.07029189532
0.22728038018
563
7.12209049086
6.13526331488
0.483350293605
564
7.27960338284
8.34968594189
0.517319545024
565
7.45610550919
10.566502378
0.682940126857
565
7.48249631172
10.8784059779
0.708503693315
566
7.65769239269
1.44059031516
0.880980849344
567
7.86742121718
2.99123286698
1.02046357023
568
8.21330268156
5.17167703031
1.16980882173
569
8.63546707685
7.33560585327
1.36349113004
570
9.07370616067
9.4633765861
1.49009045166
571
9.41302557696
0.582062994833
1.57092753822
572
9.86938818171
2.76599882952
1.62455919169
572
10.1025517299
3.6814187664
1.65537624694
573
10.6465795279
5.78614148427
1.69864389288
573
0.133630889411
7.60871129173
1.66643462539
574
6.45904822207
8.7812976563
3.17102187494
287
6.56074442837
8.95507670094
3.28730054416
575
7.2461969199
9.94392158649
4.03487987737
576
8.52512531855
0.509584482725
3.9832906295
576
9.26999538518
1.44046096756
4.66317347381
577
10.7816877132
2.82118454879
5.19071148439
577
0.0999508421258
3.0502550761
5.40854032096
578
1.78884491489
4.1071206038
5.83010948794
578
2.14466953811
4.30958069472
6.05250821335
579
3.40895681823
4.8998541307
6.84521800214
580
4.57232885871
5.25107856761
7.58015590825
581
5.79229782632
5.46580335431
8.30506547482
582
7.02672612773
5.53988643376
9.01465732907
583
9.14575532697
5.42052814643
9.42915496955
583
9.4602469941
5.39988211332
9.39784248294
584
10.4808478738
5.29970039283
10.0390546965
585
1.67989977625
4.96528837165
10.0756792073
586
2.67470676888
4.76217240953
10.6701917776
587
4.66143470148
4.18763722917
11.101770079
587
4.83916144852
4.12786156124
11.1826768242
588
5.60975190409
3.82608541881
11.6485957202
589
7.48105283938
2.97585004288
11.7196220436
589
8.0020044567
2.71888847466
12.0549550169
590
9.21579241528
1.96422874767
12.4400849608
591
10.6355576359
1.09382053715
12.5030453973
592
1.14733211321
0.287188187235
12.5689606437
593
2.56708067279
10.4261028035
12.8191569733
594
3.28131499457
9.8397248666
13.1580817509
595
4.90271857162
8.42271583445
13.1638903086
595
5.13417897204
8.21627328826
13.1658684562
596
6.73305993845
6.79438652596
13.2709432614
597
8.2957442996
5.33003965454
13.4239480183
597
8.94925275139
4.68840666428
13.4753812645
598
10.4492196707
3.15689844689
13.6137763613
598
10.6583732909
2.93917020126
13.6326713597
599
1.13015503236
1.4211344384
13.7003559719
599
1.56215868327
0.988611216834
13.756383511
600
3.02426706318
10.421358525
13.8067466583
601
4.0301128692
9.27620169942
13.8871878043
602
5.41323262798
7.64341260292
13.9740998098
603
6.77945369964
5.97774344154
14.0215925572
603
7.15924928208
5.51475709885
14.0208280923
604
7.87513252093
4.53373873907
14.7347878182
605
8.69401661331
3.10494248182
14.8400534309
606
9.78863921952
1.28879243545
14.6441151782
607
10.7963068029
10.8560760758
14.5997514647
608
0.519880284701
9.89815564511
15.0978415783
609
1.44428388005
8.37970753813
15.2173376038
610
1.86722899353
7.44560452173
15.8236687181
611
2.2972223703
6.16056391028
15.9623517719
612
2.57202668528
5.30292662635
16.3508984001
613
2.67595844698
4.90043602457
16.6083542604
614
2.88663320465
3.57739654049
17.2231129954
615
3.1080804975
1.72287537346
17.542048405
616
3.13605307524
10.9237661263
17.9863176616
617
3.13023801126
8.9572868761
18.5173308824
618
3.06934590416
8.34156267826
18.8685020704
619
2.8545383529
6.79188210402
19.201303337
620
2.56815348361
5.58891707192
19.8545057339
621
7.75369438874
8.71867276974
34.0098833787
622
0.454523355078
9.64166961946
1.07663858419
574
7.7369392505
9.20087479545
34.8980277688
302
5.85668794571
6.84120268074
35.3414026801
623
5.76281580255
8.39315401525
35.7507860112
624
5.73306057741
10.2677529033
0.453516235784
625
5.76219985524
10.6750523851
0.686118451664
626
5.96151622452
0.998379272744
1.25192126504
627
6.21136958932
2.45880590451
1.17924699342
628
6.44157106862
3.46663739335
1.76798706151
629
6.62299891788
4.05315520083
2.13682827147
630
6.98855162465
4.9865401605
2.72462717832
631
7.61789983619
6.13353093229
3.30658628496
632
8.5926962906
7.70092080643
3.30492106819
633
9.46844378991
9.01631997925
3.98097476265
634
10.8061159236
10.5902808585
4.07562234921
635
1.1203589328
0.991693219442
4.28808484402
636
2.6465069592
2.58115395052
4.54015820839
637
3.74450064221
3.6380072876
4.72569467475
638
4.89157902188
4.66322624902
4.90071388635
639
6.53780868196
6.0249110324
5.13864965435
639
7.02381182084
6.400699126
5.21653644168
640
8.76424284592
7.6677622789
5.41848554812
640
5.48214555562
1.15043164844
17.3570650169
0
2.95338556491
7.93832054266
18.4860960346
641
2.81319599275
6.57775422643
18.6726190897
642
2.58940394489
4.61106221846
19.2391262079
643
2.14487450191
2.54735365796
19.5627273019
643
2.09329137872
2.3472733869
19.682805873
644
1.64919086195
0.979721015325
20.461565802
645
1.14288196121
10.9114301694
21.1276302529
646
0.716335608296
10.0875364814
21.6896515705
647
0.0444072544091
8.90233960431
22.0279270692
648
9.78978739091
7.2831355051
22.4516556976
649
8.39758595422
5.83001734293
22.4008810438
649
7.43360549574
4.90501481978
22.5852530338
650
5.91202077599
3.40855453706
22.5255532888
650
4.37826069611
1.90048199373
22.5645331684
650
3.93505765956
1.46733224687
22.6131952339
651
2.40523134241
0.0798171413768
22.8501843829
651
0.906668805524
9.67855708866
22.9274863516
651
0.712545824235
9.4660236137
22.9647055272
652
10.1358200321
7.846892603
23.259646013
652
8.388943658
6.55736020587
23.2603286041
652
8.23546715147
6.44292883666
23.3963581486
653
6.74272236209
5.52373912836
23.8143916807
654
4.8866976747
4.42793846222
24.1381174456
654
4.34051519196
4.14797330788
24.4995707862
655
2.36454754712
3.30138086652
24.809914783
655
2.16591119754
3.22432615505
24.9438368494
656
0.192064020806
2.57490417789
24.8840343718
656
10.4282923917
2.30130641331
24.9872907554
657
8.44576333327
1.68133601022
24.936859561
657
6.69829853394
1.04817413361
24.7439395031
658
4.6696395895
0.248792399433
24.5259220692
658
2.68665256686
10.3878917201
24.3969381409
659
0.848487575982
9.45367993526
24.3123745556
659
0.152251280772
8.9769774175
24.2567820905
660
9.28463587329
7.82861429376
24.1966479382
660
8.44458841751
7.41513936404
24.1892341768
661
6.50896408147
6.44592742599
24.1338521087
661
4.86270251224
5.59664841335
24.0651536775
662
2.95803019574
4.60508183679
24.4262953223
662
2.77136681453
4.51876874656
24.5296646058
663
0.827137846425
3.82633044659
24.8930445874
663
0.0599852038312
3.56364520135
24.9957069479
664
10.2761132484
3.32778558938
25.5171913911
665
8.86164274648
3.0719788149
25.9152368676
666
7.20124102358
2.79494710754
26.0581651786
667
6.18643770519
2.68190027167
26.687094455
668
4.18418512815
2.64052971122
26.9364916971
668
3.98335164962
2.63674176636
27.0868121946
669
2.96231747976
2.68105334744
27.7033905472
670
1.82024755972
2.8164627331
27.8047994131
671
0.46143744043
2.96029479296
27.9281796556
672
10.4395919178
3.14076811993
28.4648125267
673
9.64680785747
3.35003696081
28.9019016717
674
9.06327546359
3.54799876249
29.2000655127
675
7.89266506374
3.96444369438
28.9604761572
676
7.20219468196
4.1763463949
29.1740605263
677
6.63719264684
4.39228908341
29.5043760571
678
6.26169979192
4.56340057838
29.7031559918
679
5.8906613584
4.74677477592
29.9088952397
680
5.35959212786
5.03555493832
30.2699450219
681
4.84863441558
5.35837045974
30.604517462
682
4.04906967806
5.97653779903
31.1294009432
683
3.17332636034
6.8060124009
31.5902748144
684
2.13321765203
7.9084361224
31.8295926499
685
1.53260487265
8.59769262515
31.9647982184
686
0.628816842687
9.73944094354
32.1957248265
687
10.8135016975
0.126172299341
32.3769610386
688
4.7509416815
10.1595938056
35.4393394339
624
-
31.0
0
