0.0
1.38777878078e-17
1.38777878078e-17
0.0
0.0
0.000000000000000000e+00 

0.0
-1.0
-1.0
1.0
0.206611366407
0.215821850371
0.92175201121
1.0
1.000000000000000000e+00 
0.000000000000000000e+00 
0.0
-1.0
-1.0
2.0
0.293852431522
0.395188867286
1.19173262988
2.0
2.000000000000000000e+00 
1.000000000000000000e+00 
0.0
-1.0
-1.0
3.0
0.334958300128
0.590672887348
1.41262586333
3.0
3.000000000000000000e+00 
2.000000000000000000e+00 
0.0
-1.0
-1.0
4.0
0.329787183316
0.790229521522
1.65806278939
4.0
4.000000000000000000e+00 
3.000000000000000000e+00 
0.0
-1.0
-1.0
5.0
0.283366259958
0.984520006127
1.85441233024
5.0
5.000000000000000000e+00 
4.000000000000000000e+00 
0.0
-1.0
-1.0
6.0
0.199933108421
1.16602098066
2.05076187109
6.0
6.000000000000000000e+00 
5.000000000000000000e+00 
0.0
-1.0
-1.0
7.0
0.0826940179259
1.32775746447
2.24711141194
7.0
7.000000000000000000e+00 
6.000000000000000000e+00 
0.0
-1.0
-1.0
8.0
-0.0686404045394
1.45793996433
2.492548338
8.0
8.000000000000000000e+00 
7.000000000000000000e+00 
0.0
-1.0
-1.0
9.0
-0.24707129125
1.54744979261
2.73798526407
9.0
9.000000000000000000e+00 
8.000000000000000000e+00 
0.0
-1.0
-1.0
10.0
-0.441903942075
1.59092195456
2.98342219013
10.0
1.000000000000000000e+01 
9.000000000000000000e+00 
0.0
-1.0
-1.0
11.0
-0.641460576249
1.58575083775
-3.05432619099
11.0
1.100000000000000000e+01 
1.000000000000000000e+01 
0.0
-1.0
-1.0
12.0
-0.834553317704
1.53457576832
-2.83343295753
12.0
1.200000000000000000e+01 
1.100000000000000000e+01 
0.0
-1.0
-1.0
13.0
-1.01273944104
1.44457967872
-2.61253972408
13.0
1.300000000000000000e+01 
1.200000000000000000e+01 
0.0
-1.0
-1.0
14.0
-1.1654130503
1.31576017877
-2.39164649062
14.0
1.400000000000000000e+01 
1.300000000000000000e+01 
0.0
-1.0
-1.0
15.0
-1.28801311148
1.15822029274
-2.17075325717
15.0
1.500000000000000000e+01 
1.400000000000000000e+01 
0.0
-1.0
-1.0
16.0
-1.36865993262
0.975612294743
-1.92531633111
16.0

1.500000000000000000e+01 
0.0
-1.0
-1.0
-
16.0
15.0
