0.298776384318
0.807198117792
0.92175201121
1.0
0.0
3.0
0.199458091336
0.196349540849
0.269980618668
2.0
1.0
5.0
0.199759091241
0.171805848243
0.220893233456
3.0
2.0
7.0
0.19962362258
0.184077694546
0.245436926062
4.0
3.0
9.0
0.199759091241
0.147262155637
0.196349540849
5.0
4.0
11.0
0.199759091241
0.147262155637
0.196349540849
6.0
5.0
13.0
0.199759091241
0.147262155637
0.196349540849
7.0
6.0
15.0
0.19962362258
0.184077694546
0.245436926062
8.0
7.0
17.0
0.19962362258
0.184077694546
0.245436926062
9.0
8.0
19.0
0.19962362258
0.184077694546
0.245436926062
10.0
9.0
21.0
0.19962362258
0.184077694546
0.245436926062
11.0
10.0
23.0
0.199759091241
0.171805848243
0.220893233456
12.0
11.0
25.0
0.19962362258
0.15953400194
0.220893233456
13.0
12.0
27.0
0.199759091241
0.171805848243
0.220893233456
14.0
13.0
29.0
0.19962362258
0.15953400194
0.220893233456
15.0
14.0
31.0
0.19962362258
0.184077694546
0.245436926062
16.0
15.0
33.0
