40.0088800537
39.9013105364
7.2925069661
0.0
40.1866130981
39.9518480351
8.52706954659
1.0
40.354099438
39.9413150748
10.0524288301
2.0
40.5182394569
39.8862247046
11.3005018697
3.0
40.6722616846
39.7930796076
12.6812703959
4.0
40.7950063168
39.6788065661
13.7872925821
5.0
40.8841852906
39.5396077054
14.8903194279
6.0
40.9455396383
39.3784668246
15.9934935709
7.0
40.972385882
39.2082325769
17.3755251192
8.0
40.9601308805
39.0381584492
18.7723459824
9.0
40.9102796485
38.8820310223
20.1559114519
10.0
40.8214172477
38.7407969988
21.5374585942
11.0
40.696527118
38.6227865213
22.7909801718
12.0
40.5498090436
38.5294528919
24.030462661
13.0
40.3868718412
38.4764245715
25.2858888144
14.0
40.2162223608
38.4606281191
26.532142065
15.0
40.0468956602
38.4856843337
27.9215099351
16.0
-
16.0
0.0
