0.0
40.0
40.0
6.03121949504
1.5
0.000000000000000000e+00 
1.0
40.1033247432
39.9356454463
7.83121949504
1.5
1.000000000000000000e+00 
2.0
40.2728044118
39.9515994805
9.21909227136
1.5
2.000000000000000000e+00 
3.0
40.4356288666
39.9175601532
10.7482470496
1.5
3.000000000000000000e+00 
4.0
40.5991909839
39.847067619
11.9893810526
1.5
4.000000000000000000e+00 
5.0
40.7381924298
39.7397123859
13.2349505938
1.5
5.000000000000000000e+00 
6.0
40.8415581748
39.6110161179
14.3360197146
1.5
6.000000000000000000e+00 
7.0
40.9145426717
39.4600040469
15.4378641157
1.5
7.000000000000000000e+00 
8.0
40.962003692
39.2950598252
16.6811499168
1.5
8.000000000000000000e+00 
9.0
40.9706780812
39.1210416821
18.077836377
1.5
9.000000000000000000e+00 
10.0
40.9423345533
38.9582818247
19.4592046645
1.5
1.000000000000000000e+01 
11.0
40.86859743
38.8104088592
20.8513116861
1.5
1.100000000000000000e+01 
12.0
40.7638322687
38.679380788
22.2307245884
1.5
1.200000000000000000e+01 
13.0
40.625034139
38.5711595434
23.3427052698
1.5
1.300000000000000000e+01 
14.0
40.4717915936
38.4989395737
24.7256954906
1.5
1.400000000000000000e+01 
15.0
40.300494012
38.4666449361
25.8385527406
1.5
1.500000000000000000e+01 
16.0
40.129036336
38.4679502837
27.2255893486
1.5
1.600000000000000000e+01 
-
16.0

