0.0
-0.612666555850826
-0.3941500418446728
-0.9358275891766945
0.0
0.000000000000000000e+00 

0.0
-1.0
-1.0
1.0
-0.6098278566607299
-0.364501578894114
1.4526025401565559
1.0
1.000000000000000000e+00 
0.000000000000000000e+00 
0.0
-1.0
-1.0
2.0
-0.6032983514347507
-0.3407658844364354
1.41837548109664
2.0
2.000000000000000000e+00 7.060000000000000000e+02 
1.000000000000000000e+00 
0.0
-1.0
-1.0
3.0
-0.5982934502456534
-0.31273766299140876
1.3802071041554622
3.0
3.000000000000000000e+00 
2.000000000000000000e+00 
0.0
-1.0
-1.0
4.0
-0.5925529504137781
-0.2897259335448418
1.3532467743082237
4.0
4.000000000000000000e+00 
3.000000000000000000e+00 
0.0
-1.0
-1.0
5.0
-0.5849418211044188
-0.2617658345016827
1.326293591562824
5.0
5.000000000000000000e+00 7.100000000000000000e+02 
4.000000000000000000e+00 7.090000000000000000e+02 
0.0
-1.0
-1.0
6.0
-0.5768792762926593
-0.23599918259786157
1.3071928419875813
6.0
6.000000000000000000e+00 7.120000000000000000e+02 
5.000000000000000000e+00 7.110000000000000000e+02 
0.0
-1.0
-1.0
7.0
-0.570741856511314
-0.20631427220705115
1.234804713376042
7.0
7.000000000000000000e+00 
6.000000000000000000e+00 
0.0
-1.0
-1.0
8.0
-0.5647633067035513
-0.18552365360375297
1.1999452545847613
8.0
8.000000000000000000e+00 
7.000000000000000000e+00 
0.0
-1.0
-1.0
9.0
-0.5565904751722467
-0.16020130630797208
1.1685912636215519
9.0
9.000000000000000000e+00 
8.000000000000000000e+00 
0.0
-1.0
-1.0
10.0
-0.5494438656457356
-0.13973012290137604
1.1354924821119188
10.0
1.000000000000000000e+01 
9.000000000000000000e+00 
0.0
-1.0
-1.0
11.0
-0.5398983093922605
-0.11517016726091106
1.1049987158783874
11.0
1.100000000000000000e+01 1.030000000000000000e+02 
1.000000000000000000e+01 1.020000000000000000e+02 
0.0
-1.0
-1.0
12.0
-0.5397529316802123
-0.08866369824593442
1.534826384555278
12.0
1.200000000000000000e+01 7.190000000000000000e+02 
1.100000000000000000e+01 1.040000000000000000e+02 7.180000000000000000e+02 
0.0
-1.0
-1.0
13.0
-0.5316371727828512
-0.06690712290683642
1.5777617894676408
13.0
1.300000000000000000e+01 7.210000000000000000e+02 
1.200000000000000000e+01 7.200000000000000000e+02 
0.0
-1.0
-1.0
14.0
-0.5247586648678251
-0.03927388603410062
1.4775548857754786
14.0
1.400000000000000000e+01 7.230000000000000000e+02 
1.300000000000000000e+01 7.220000000000000000e+02 
0.0
-1.0
-1.0
15.0
-0.5231994374861536
-0.0079662137782775
1.5207249911337388
15.0
1.500000000000000000e+01 
1.400000000000000000e+01 
0.0
-1.0
-1.0
16.0
-0.5209920538229341
0.023161721394778977
1.5374019926519225
16.0
1.600000000000000000e+01 7.260000000000000000e+02 
1.500000000000000000e+01 7.250000000000000000e+02 
0.0
-1.0
-1.0
17.0
-0.5190877676214107
0.04837443127773379
1.5515350983724803
17.0
1.700000000000000000e+01 7.280000000000000000e+02 
1.600000000000000000e+01 7.270000000000000000e+02 
0.0
-1.0
-1.0
18.0
-0.5167926217767116
0.08330079359112852
1.541044830140056
18.0
1.800000000000000000e+01 7.300000000000000000e+02 
1.700000000000000000e+01 7.290000000000000000e+02 
0.0
-1.0
-1.0
19.0
-0.5150564002562581
0.1114488900581552
1.534705638653652
19.0
1.900000000000000000e+01 7.320000000000000000e+02 
1.800000000000000000e+01 7.310000000000000000e+02 
0.0
-1.0
-1.0
20.0
-0.5126419341335579
0.14458160520803687
1.5170925308566778
20.0
2.000000000000000000e+01 7.340000000000000000e+02 
1.900000000000000000e+01 7.330000000000000000e+02 
0.0
-1.0
-1.0
21.0
-0.5100889758557742
0.17442680720235654
1.5093447400064213
21.0
2.100000000000000000e+01 7.360000000000000000e+02 
2.000000000000000000e+01 7.350000000000000000e+02 
0.0
-1.0
-1.0
22.0
-0.5079793935036618
0.19941850574584
1.502731565919841
22.0
2.200000000000000000e+01 7.380000000000000000e+02 
2.100000000000000000e+01 7.370000000000000000e+02 
0.0
-1.0
-1.0
23.0
-0.5056113965296468
0.22766469127006772
1.5013428566831717
23.0
2.300000000000000000e+01 7.400000000000000000e+02 
2.200000000000000000e+01 7.390000000000000000e+02 
0.0
-1.0
-1.0
24.0
-0.5033892040841765
0.25614358565786643
1.5123603923906193
24.0
2.400000000000000000e+01 7.420000000000000000e+02 
2.300000000000000000e+01 7.410000000000000000e+02 
0.0
-1.0
-1.0
25.0
-0.5005834653872705
0.2667024063445639
1.5736033189446288
25.0
2.500000000000000000e+01 
2.400000000000000000e+01 
0.0
-1.0
-1.0
26.0
-0.5004166718946892
0.2879493250122084
1.6846770933530848
26.0
2.600000000000000000e+01 
2.500000000000000000e+01 
0.0
-1.0
-1.0
27.0
-0.5021223269494371
0.31732032803746035
1.7434374456708424
27.0
2.700000000000000000e+01 
2.600000000000000000e+01 
0.0
-1.0
-1.0
28.0
-0.5049087594356925
0.3366950862584762
1.8712347375684741
28.0
2.800000000000000000e+01 
2.700000000000000000e+01 
0.0
-1.0
-1.0
29.0
-0.508606026814649
0.3523865152365532
1.9824691789560132
29.0
2.900000000000000000e+01 
2.800000000000000000e+01 
0.0
-1.0
-1.0
30.0
-0.5169879467506213
0.3751402043699897
2.030040815745177
30.0
3.000000000000000000e+01 
2.900000000000000000e+01 
0.0
-1.0
-1.0
31.0
-0.5268981441241116
0.39938772505292625
2.122999518280384
31.0
3.100000000000000000e+01 
3.000000000000000000e+01 
0.0
-1.0
-1.0
32.0
-0.5319694920039447
0.4110820718533367
2.2133949706774754
32.0
3.200000000000000000e+01 
3.100000000000000000e+01 
0.0
-1.0
-1.0
33.0
-0.5422432302128051
0.4271453676277031
2.3474266613769244
33.0
3.300000000000000000e+01 
3.200000000000000000e+01 
0.0
-1.0
-1.0
34.0
-0.5567630426627421
0.4437199655508765
2.5024438752589404
34.0
3.400000000000000000e+01 
3.300000000000000000e+01 
0.0
-1.0
-1.0
35.0
-0.5834095713980303
0.4664961462154689
2.5466956876482
35.0
3.500000000000000000e+01 
3.400000000000000000e+01 
0.0
-1.0
-1.0
36.0
-0.6098052617734082
0.48652586678207854
2.6974809604290346
36.0
3.600000000000000000e+01 
3.500000000000000000e+01 
0.0
-1.0
-1.0
37.0
-0.6451854092445475
0.5069582047427517
2.7373483402894268
37.0
3.700000000000000000e+01 
3.600000000000000000e+01 
0.0
-1.0
-1.0
38.0
-0.6724645098301528
0.5219862743856076
2.791346258833288
38.0
3.800000000000000000e+01 
3.700000000000000000e+01 
0.0
-1.0
-1.0
39.0
-0.7053677212403868
0.5371422076406351
2.857572933994255
39.0
3.900000000000000000e+01 
3.800000000000000000e+01 
0.0
-1.0
-1.0
40.0
-0.7292498878936862
0.5473325911090812
2.914176371922297
40.0
4.000000000000000000e+01 
3.900000000000000000e+01 
0.0
-1.0
-1.0
41.0
-0.7538062416965725
0.5562239392210888
2.9682043683753943
41.0
4.100000000000000000e+01 
4.000000000000000000e+01 
0.0
-1.0
-1.0
42.0
-0.7981902514002992
0.5666593623054064
3.045904508698408
42.0
4.200000000000000000e+01 
4.100000000000000000e+01 
0.0
-1.0
-1.0
43.0
-0.8528699005914957
0.574538518718253
3.1200741657436994
43.0
4.300000000000000000e+01 
4.200000000000000000e+01 
0.0
-1.0
-1.0
44.0
-0.9374487345243401
0.5784777538680741
-3.0908248116071393
44.0
4.400000000000000000e+01 7.730000000000000000e+02 
4.300000000000000000e+01 7.720000000000000000e+02 
0.0
-1.0
-1.0
45.0
-0.9866448421351341
0.5746858346411765
-3.04398511079206
45.0
4.500000000000000000e+01 
4.400000000000000000e+01 
0.0
-1.0
-1.0
46.0
-1.0366097497420115
0.571462731099438
-3.009695081246993
46.0
4.600000000000000000e+01 
4.500000000000000000e+01 
0.0
-1.0
-1.0
47.0
-1.0957812126632338
0.5654912203388704
-2.9770882639991014
47.0
4.700000000000000000e+01 
4.600000000000000000e+01 
0.0
-1.0
-1.0
48.0
-1.1223943104634848
0.5618077107575682
-2.8895157928727517
48.0
4.800000000000000000e+01 
4.700000000000000000e+01 
0.0
-1.0
-1.0
49.0
-1.1544228800182905
0.5516925850846516
-2.7591289643184065
49.0
4.900000000000000000e+01 
4.800000000000000000e+01 
0.0
-1.0
-1.0
50.0
-1.1714368904172199
0.5432396814111193
-2.6462292267808136
50.0
5.000000000000000000e+01 
4.900000000000000000e+01 
0.0
-1.0
-1.0
51.0
-1.1936109224015574
0.530869271308005
-2.557718169057956
51.0
5.100000000000000000e+01 
5.000000000000000000e+01 
0.0
-1.0
-1.0
52.0
-1.2192483567787078
0.5103100485416492
-2.4421475077114545
52.0
5.200000000000000000e+01 
5.100000000000000000e+01 
0.0
-1.0
-1.0
53.0
-1.2299456241434794
0.4978234211880356
-2.2846690736318336
53.0
5.300000000000000000e+01 
5.200000000000000000e+01 
0.0
-1.0
-1.0
54.0
-1.2380697916355825
0.4834680970742564
-2.1193347978881496
54.0
5.400000000000000000e+01 
5.300000000000000000e+01 
0.0
-1.0
-1.0
55.0
-1.2436533774975267
0.4674087906334525
-1.9636466970049395
55.0
5.500000000000000000e+01 
5.400000000000000000e+01 
0.0
-1.0
-1.0
56.0
-1.2454600212893592
0.4534372925863294
-1.8253568578137878
56.0
5.600000000000000000e+01 
5.500000000000000000e+01 
0.0
-1.0
-1.0
57.0
-1.2509678737467158
0.4185361663324325
-1.7281174220249143
57.0
5.700000000000000000e+01 
5.600000000000000000e+01 
0.0
-1.0
-1.0
58.0
-1.2559805418529117
0.36814597259056436
-1.6544305706584306
58.0
5.800000000000000000e+01 
5.700000000000000000e+01 
0.0
-1.0
-1.0
59.0
-1.261663225929616
0.2958029244260475
-1.6505485084668459
59.0
5.900000000000000000e+01 
5.800000000000000000e+01 
0.0
-1.0
-1.0
60.0
-1.2619926100534489
0.2245585701655512
-1.5506234484711232
60.0
6.000000000000000000e+01 
5.900000000000000000e+01 
0.0
-1.0
-1.0
61.0
-1.2571964525624386
0.17993012781587087
-1.4507575967228974
61.0
6.100000000000000000e+01 
6.000000000000000000e+01 
0.0
-1.0
-1.0
62.0
-1.2473234847420334
0.12528700446821858
-1.3194031373955897
62.0
6.200000000000000000e+01 
6.100000000000000000e+01 
0.0
-1.0
-1.0
63.0
-1.2322208412765883
0.07534321781874848
-1.2309122182974455
63.0
6.300000000000000000e+01 
6.200000000000000000e+01 
0.0
-1.0
-1.0
64.0
-1.2169107385340616
0.044636862234518244
-1.1563369368899454
64.0
6.400000000000000000e+01 
6.300000000000000000e+01 
0.0
-1.0
-1.0
65.0
-1.1967763613348232
0.012250987230745388
-1.077529326885666
65.0
6.500000000000000000e+01 
6.400000000000000000e+01 
0.0
-1.0
-1.0
66.0
-1.1620050657261476
-0.04893990056842182
-1.1043413454905127
66.0
6.600000000000000000e+01 
6.500000000000000000e+01 
0.0
-1.0
-1.0
67.0
-1.134136611634359
-0.10612953087417888
-1.1677248613462177
67.0
6.700000000000000000e+01 
6.600000000000000000e+01 
0.0
-1.0
-1.0
68.0
-1.1155431985510202
-0.1455957405990045
-1.183131643220211
68.0
6.800000000000000000e+01 
6.700000000000000000e+01 
0.0
-1.0
-1.0
69.0
-1.0892633718352496
-0.20874446218751663
-1.1994133494813544
69.0
6.900000000000000000e+01 
6.800000000000000000e+01 
0.0
-1.0
-1.0
70.0
-1.065798273122736
-0.2674567603911375
-1.220971518391712
70.0
7.000000000000000000e+01 
6.900000000000000000e+01 
0.0
-1.0
-1.0
71.0
-1.0505727722884863
-0.30105214709072603
-1.1221575592364381
71.0
7.100000000000000000e+01 
7.000000000000000000e+01 
0.0
-1.0
-1.0
72.0
-1.0259863970035576
-0.33952443775704433
-1.0251727443062153
72.0
7.200000000000000000e+01 
7.100000000000000000e+01 
0.0
-1.0
-1.0
73.0
-1.0162174555453227
-0.34823698353349664
-0.9063682017393726
73.0
7.300000000000000000e+01 
7.200000000000000000e+01 
0.0
-1.0
-1.0
74.0
-0.9988239271427963
-0.3634095718312896
-0.811994909224035
74.0
7.400000000000000000e+01 
7.300000000000000000e+01 
0.0
-1.0
-1.0
75.0
-0.9789998421084278
-0.38094169127289024
-0.7770536885544013
75.0
7.500000000000000000e+01 
7.400000000000000000e+01 
0.0
-1.0
-1.0
76.0
-0.9645116190264731
-0.38937257982593754
-0.6382952010295964
76.0
7.600000000000000000e+01 
7.500000000000000000e+01 
0.0
-1.0
-1.0
77.0
-0.9338551412485434
-0.4067717747311514
-0.5422699436785445
77.0
7.700000000000000000e+01 
7.600000000000000000e+01 
0.0
-1.0
-1.0
78.0
-0.917352020156309
-0.41185752986452207
-0.4000282462899247
78.0
7.800000000000000000e+01 
7.700000000000000000e+01 
0.0
-1.0
-1.0
79.0
-0.8985741909395262
-0.416179193423587
-0.3529702692227361
79.0
7.900000000000000000e+01 
7.800000000000000000e+01 
0.0
-1.0
-1.0
80.0
-0.8767009081276508
-0.4215808837880494
-0.30769600196999847
80.0
8.000000000000000000e+01 
7.900000000000000000e+01 
0.0
-1.0
-1.0
81.0
-0.8585824004347091
-0.4231710989638658
-0.17430526244604946
81.0
8.100000000000000000e+01 
8.000000000000000000e+01 
0.0
-1.0
-1.0
82.0
-0.8436426368794493
-0.4222799754949192
-0.06544769696639721
82.0
8.200000000000000000e+01 
8.100000000000000000e+01 
0.0
-1.0
-1.0
83.0
-0.8318380486022124
-0.41990553528918373
0.018127219111601617
83.0
8.300000000000000000e+01 
8.200000000000000000e+01 
0.0
-1.0
-1.0
84.0
-0.8103900398541815
-0.4175549938016022
-0.00127981988099796
84.0
8.400000000000000000e+01 
8.300000000000000000e+01 
0.0
-1.0
-1.0
85.0
-0.7971959647220122
-0.4148464160302797
0.058682048207622795
85.0
8.500000000000000000e+01 
8.400000000000000000e+01 
0.0
-1.0
-1.0
86.0
-0.7857914896776544
-0.41116492811305927
0.14736385091444332
86.0
8.600000000000000000e+01 
8.500000000000000000e+01 
0.0
-1.0
-1.0
87.0
-0.7776903219216689
-0.40722523378285297
0.2072667781862437
87.0
8.700000000000000000e+01 
8.600000000000000000e+01 
0.0
-1.0
-1.0
88.0
-0.7697179896187409
-0.4028704070533629
0.2688421788905201
88.0
8.800000000000000000e+01 
8.700000000000000000e+01 
0.0
-1.0
-1.0
89.0
-0.7587359084124845
-0.3969884012265955
0.3627415568361194
89.0
8.900000000000000000e+01 
8.800000000000000000e+01 
0.0
-1.0
-1.0
90.0
-0.7481571014486567
-0.39025077542440834
0.45046656632423027
90.0
9.000000000000000000e+01 
8.900000000000000000e+01 
0.0
-1.0
-1.0
91.0
-0.7321569348391184
-0.3793133345751044
0.5748190072473528
91.0
9.100000000000000000e+01 
9.000000000000000000e+01 
0.0
-1.0
-1.0
92.0
-0.7147623524207004
-0.3647375218716634
0.6878508197507935
92.0
9.200000000000000000e+01 
9.100000000000000000e+01 
0.0
-1.0
-1.0
93.0
-0.6947229271104238
-0.3459474564822559
0.7571640784682407
93.0
9.300000000000000000e+01 
9.200000000000000000e+01 
0.0
-1.0
-1.0
94.0
-0.6827973160793921
-0.3327335347959227
0.8047109863400765
94.0
9.400000000000000000e+01 
9.300000000000000000e+01 
0.0
-1.0
-1.0
95.0
-0.6648318166665801
-0.311811799519301
0.8696938680204922
95.0
9.500000000000000000e+01 
9.400000000000000000e+01 
0.0
-1.0
-1.0
96.0
-0.6446469608890978
-0.2860650165022452
0.9180151628771909
96.0
9.600000000000000000e+01 
9.500000000000000000e+01 
0.0
-1.0
-1.0
97.0
-0.6287208393583633
-0.2636497507602394
0.9567274175856145
5.0
9.700000000000000000e+01 
9.600000000000000000e+01 
0.0
-1.0
-1.0
98.0
-0.6103772460041583
-0.2365106723228681
0.9884332783182517
6.0
9.800000000000000000e+01 
9.700000000000000000e+01 
0.0
-1.0
-1.0
99.0
-0.5899330243644914
-0.20500089499060953
1.0079854825287167
7.0
9.900000000000000000e+01 
9.800000000000000000e+01 
0.0
-1.0
-1.0
100.0
-0.5757192314930366
-0.18137346047080927
1.038886850329955
8.0
1.000000000000000000e+02 
9.900000000000000000e+01 
0.0
-1.0
-1.0
101.0
-0.5620600432397971
-0.1571787045111337
1.0654402754661203
9.0
1.010000000000000000e+02 
1.000000000000000000e+02 
0.0
-1.0
-1.0
102.0
-0.5515514867552289
-0.13700490742559293
1.0953987158783876
10.0
1.020000000000000000e+02 
1.010000000000000000e+02 
0.0
-1.0
-1.0
103.0
-0.5358066506635031
-0.10575661159374518
1.6430922185021477
11.0
1.040000000000000000e+02 
1.030000000000000000e+02 
0.0
-1.0
-1.0
104.0
-0.5726467413200043
-1.3557747974068342
-1.888424141159999
97.0
1.050000000000000000e+02 

0
-1
-1
105.0
-0.5432260582028268
-1.337637395063799
0.5533322751933772
98.0
1.060000000000000000e+02 6.580000000000000000e+02 
1.050000000000000000e+02 
0
-1
-1
106.0
-0.5219136745575953
-1.3288744938042352
0.6790984108382565
99.0
1.070000000000000000e+02 
1.060000000000000000e+02 
0
-1
-1
107.0
-0.49508335353847077
-1.310523528079048
0.7097887482883952
100.0
1.080000000000000000e+02 
1.070000000000000000e+02 
0
-1
-1
108.0
-0.48441327690587654
-1.3036482161480314
0.8050522057479057
101.0
1.090000000000000000e+02 
1.080000000000000000e+02 
0
-1
-1
109.0
-0.4581001194127037
-1.2795305926275977
0.8724388328504479
102.0
1.100000000000000000e+02 
1.090000000000000000e+02 
0
-1
-1
110.0
-0.4436368862462609
-1.262716488336578
1.0524486622378164
103.0
1.110000000000000000e+02 
1.100000000000000000e+02 
0
-1
-1
111.0
-0.43231197653118525
-1.2441160325991263
1.1686317097402106
104.0
1.120000000000000000e+02 
1.110000000000000000e+02 
0
-1
-1
112.0
-0.41423630703417513
-1.201157438976813
1.302387974592567
105.0
1.130000000000000000e+02 
1.120000000000000000e+02 
0
-1
-1
113.0
-0.40378802336153147
-1.169986887661335
1.3261674396884078
106.0
1.140000000000000000e+02 
1.130000000000000000e+02 
0
-1
-1
114.0
-0.3935626799839407
-1.1335965283856306
1.385820071872777
107.0
1.150000000000000000e+02 1.820000000000000000e+02 
1.140000000000000000e+02 1.810000000000000000e+02 
0
-1
-1
115.0
-0.40239865888460336
-1.1043224084087517
1.8895190746087942
108.0
1.160000000000000000e+02 
1.150000000000000000e+02 1.830000000000000000e+02 
0
-1
-1
116.0
-0.3943152032751549
-1.0821534973516345
1.7226827790283292
109.0
1.170000000000000000e+02 
1.160000000000000000e+02 
0
-1
-1
117.0
-0.3975584725027689
-1.048386872650426
1.782091817257924
110.0
1.180000000000000000e+02 
1.170000000000000000e+02 
0
-1
-1
118.0
-0.4028160510190034
-1.0150117839348138
1.8476228474561867
111.0
1.190000000000000000e+02 
1.180000000000000000e+02 
0
-1
-1
119.0
-0.4099886633875881
-0.9822288270685547
1.9026755729291036
112.0
1.200000000000000000e+02 
1.190000000000000000e+02 
0
-1
-1
120.0
-0.4189781413241379
-0.9499681300053044
1.9534496868727373
113.0
1.210000000000000000e+02 
1.200000000000000000e+02 
0
-1
-1
121.0
-0.43528194677897747
-0.9047091120016888
2.0111448735230044
114.0
1.220000000000000000e+02 
1.210000000000000000e+02 
0
-1
-1
122.0
-0.4603985221878628
-0.8469974689410331
2.056660809367929
115.0
1.230000000000000000e+02 
1.220000000000000000e+02 
0
-1
-1
123.0
-0.48056223883919374
-0.8035626781965308
2.0812971644242664
116.0
1.240000000000000000e+02 
1.230000000000000000e+02 
0
-1
-1
124.0
-0.5041723754594583
-0.756010766238497
2.095553603579847
117.0
1.250000000000000000e+02 
1.240000000000000000e+02 
0
-1
-1
125.0
-0.5231651459694696
-0.717391392917673
2.093129788002421
118.0
1.260000000000000000e+02 
1.250000000000000000e+02 
0
-1
-1
126.0
-0.5493950439106516
-0.6654663376909569
2.0864253766149523
119.0
1.270000000000000000e+02 1.840000000000000000e+02 
1.260000000000000000e+02 
0
-1
-1
127.0
-0.5682415237591951
-0.6408128375768336
2.266555834131908
120.0
1.280000000000000000e+02 
1.270000000000000000e+02 
0
-1
-1
128.0
-0.594025868013319
-0.6150063570010589
2.404375335684783
121.0
1.290000000000000000e+02 
1.280000000000000000e+02 
0
-1
-1
129.0
-0.6171040951494535
-0.5957708925698766
2.561366423536489
122.0
1.300000000000000000e+02 
1.290000000000000000e+02 
0
-1
-1
130.0
-0.6519371809007917
-0.5759557625080091
2.7419795360988504
123.0
1.310000000000000000e+02 
1.300000000000000000e+02 
0
-1
-1
131.0
-0.689490099635526
-0.5627459899877159
2.8964151008589583
124.0
1.320000000000000000e+02 
1.310000000000000000e+02 
0
-1
-1
132.0
-0.7128177291956623
-0.5590781865719074
3.0779235333871187
125.0
1.330000000000000000e+02 
1.320000000000000000e+02 
0
-1
-1
133.0
-0.7333944408693103
-0.5596171841563539
-3.033280070780035
126.0
1.340000000000000000e+02 
1.330000000000000000e+02 
0
-1
-1
134.0
-0.7539389675256112
-0.5635838663216779
-2.864824708305621
127.0
1.350000000000000000e+02 
1.340000000000000000e+02 
0
-1
-1
135.0
-0.7736460022860252
-0.5708362221397648
-2.6997953119633786
128.0
1.360000000000000000e+02 
1.350000000000000000e+02 
0
-1
-1
136.0
-0.8083590726338752
-0.5898982931426919
-2.583591522703369
129.0
1.370000000000000000e+02 
1.360000000000000000e+02 
0
-1
-1
137.0
-0.8225494762739596
-0.6001752006941694
-2.4263629975679386
130.0
1.380000000000000000e+02 
1.370000000000000000e+02 
0
-1
-1
138.0
-0.8501148054389721
-0.6235239805704285
-2.373859410382001
131.0
1.390000000000000000e+02 
1.380000000000000000e+02 
0
-1
-1
139.0
-0.8621721478495172
-0.6364298371146035
-2.2218304523986427
132.0
1.400000000000000000e+02 
1.390000000000000000e+02 
0
-1
-1
140.0
-0.8844701706383107
-0.666625012621715
-2.0750258329014097
133.0
1.410000000000000000e+02 
1.400000000000000000e+02 
0
-1
-1
141.0
-0.8913699699386108
-0.6796785736170963
-1.9482452797644827
134.0
1.420000000000000000e+02 
1.410000000000000000e+02 
0
-1
-1
142.0
-0.9073868252753099
-0.7171134142985336
-1.8484385399718637
135.0
1.430000000000000000e+02 
1.420000000000000000e+02 
0
-1
-1
143.0
-0.9120563449531549
-0.7342373379172003
-1.7111053800965472
136.0
1.440000000000000000e+02 
1.430000000000000000e+02 
0
-1
-1
144.0
-0.916963013503906
-0.7595118321597378
-1.6898455867406215
137.0
1.450000000000000000e+02 
1.440000000000000000e+02 
0
-1
-1
145.0
-0.9203063917440648
-0.7819012574104734
-1.6031089669370655
138.0
1.460000000000000000e+02 
1.450000000000000000e+02 
0
-1
-1
146.0
-0.9233289705466636
-0.8177057147036928
-1.5747453485139884
139.0
1.470000000000000000e+02 
1.460000000000000000e+02 
0
-1
-1
147.0
-0.9239795106688824
-0.8339055224695904
-1.4713545804219357
140.0
1.480000000000000000e+02 
1.470000000000000000e+02 
0
-1
-1
148.0
-0.9208315832887374
-0.8665018790805901
-1.381886533024834
141.0
1.490000000000000000e+02 
1.480000000000000000e+02 
0
-1
-1
149.0
-0.9152843271494648
-0.9067093781095825
-1.3447910983550853
142.0
1.500000000000000000e+02 
1.490000000000000000e+02 
0
-1
-1
150.0
-0.9064256829175386
-0.9514983229820091
-1.2718681903332447
143.0
1.510000000000000000e+02 
1.500000000000000000e+02 
0
-1
-1
151.0
-0.8929878564517377
-1.000081972886687
-1.1963177449526978
144.0
1.520000000000000000e+02 
1.510000000000000000e+02 
0
-1
-1
152.0
-0.878065656144285
-1.0428162554123408
-1.137339720429684
145.0
1.530000000000000000e+02 
1.520000000000000000e+02 
0
-1
-1
153.0
-0.8625263923667671
-1.0802419142902395
-1.0765840973190097
146.0
1.540000000000000000e+02 
1.530000000000000000e+02 
0
-1
-1
154.0
-0.8496932465675046
-1.1078473966048539
-1.0262508785957212
147.0
1.550000000000000000e+02 
1.540000000000000000e+02 
0
-1
-1
155.0
-0.8328986942688698
-1.139122185076558
-0.9741400897030565
148.0
1.560000000000000000e+02 
1.550000000000000000e+02 
0
-1
-1
156.0
-0.8094460126186745
-1.1778336879659492
-0.9351017785668922
149.0
1.570000000000000000e+02 
1.560000000000000000e+02 
0
-1
-1
157.0
-0.7972215460697183
-1.1947850253135708
-0.7660360155769755
150.0
1.580000000000000000e+02 
1.570000000000000000e+02 
0
-1
-1
158.0
-0.7785048007628648
-1.2146232091238027
-0.7111928935351497
151.0
1.590000000000000000e+02 
1.580000000000000000e+02 
0
-1
-1
159.0
-0.7541279709395079
-1.2399206911227232
-0.7209725275708327
152.0
1.600000000000000000e+02 
1.590000000000000000e+02 
0
-1
-1
160.0
-0.7308252245080136
-1.2645536916312126
-0.7027750550239729
153.0
1.610000000000000000e+02 
1.600000000000000000e+02 
0
-1
-1
161.0
-0.714094991731054
-1.279350631266809
-0.5640506352957085
154.0
1.620000000000000000e+02 
1.610000000000000000e+02 
0
-1
-1
162.0
-0.6930395366190846
-1.2959957308100805
-0.5161494496669693
155.0
1.630000000000000000e+02 
1.620000000000000000e+02 
0
-1
-1
163.0
-0.6785554469994948
-1.3051524072336664
-0.36872170108525115
156.0
1.640000000000000000e+02 
1.630000000000000000e+02 
0
-1
-1
164.0
-0.6586414581069462
-1.3143587974724527
-0.3084676139197819
157.0
1.650000000000000000e+02 
1.640000000000000000e+02 
0
-1
-1
165.0
-0.645216438158483
-1.3202084661695102
-0.20813743368530369
158.0
1.660000000000000000e+02 
1.650000000000000000e+02 
0
-1
-1
166.0
-0.639048306297423
-1.3229238560364784
-0.12783142673469539
159.0
1.670000000000000000e+02 
1.660000000000000000e+02 
0
-1
-1
167.0
-0.6178101494107591
-1.3260256853872903
0.022400120079378548
160.0
1.680000000000000000e+02 
1.670000000000000000e+02 
0
-1
-1
168.0
-0.5885879559898265
-1.327843596449663
0.10460689977359829
161.0
1.690000000000000000e+02 
1.680000000000000000e+02 
0
-1
-1
169.0
-0.5605776431075031
-1.3248527034290125
0.22598858563373486
162.0
1.700000000000000000e+02 
1.690000000000000000e+02 
0
-1
-1
170.0
-0.5304557889458751
-1.319582733858386
0.35879483164488063
163.0
1.710000000000000000e+02 
1.700000000000000000e+02 
0
-1
-1
171.0
-0.5214825499214445
-1.3172591649130565
0.461075272952073
164.0
1.720000000000000000e+02 
1.710000000000000000e+02 
0
-1
-1
172.0
-0.4995058041160912
-1.307641619843997
0.5694795263512538
165.0
1.730000000000000000e+02 6.600000000000000000e+02 
1.720000000000000000e+02 6.590000000000000000e+02 
0
-1
-1
173.0
-0.48002242902276715
-1.2910750006636027
0.6800519103252765
166.0
1.740000000000000000e+02 
1.730000000000000000e+02 
0
-1
-1
174.0
-0.46519977043452654
-1.2767928166155142
0.7860262851028083
101.0
1.750000000000000000e+02 
1.740000000000000000e+02 
0
-1
-1
175.0
-0.46024993796379654
-1.2714118459111698
0.7908245729261505
167.0
1.760000000000000000e+02 
1.750000000000000000e+02 
0
-1
-1
176.0
-0.4452584349791642
-1.2554348215747995
0.8584966584063511
102.0
1.770000000000000000e+02 
1.760000000000000000e+02 
0
-1
-1
177.0
-0.4320749133799955
-1.2376116388720337
1.0002924088555991
103.0
1.780000000000000000e+02 
1.770000000000000000e+02 
0
-1
-1
178.0
-0.42104066838734505
-1.217950025361969
1.1448116746658215
104.0
1.790000000000000000e+02 
1.780000000000000000e+02 
0
-1
-1
179.0
-0.4138645468581633
-1.2005239750804515
1.2701542897250349
105.0
1.800000000000000000e+02 
1.790000000000000000e+02 
0
-1
-1
180.0
-0.3989430489394411
-1.155991708987711
1.2776200718727764
106.0
1.810000000000000000e+02 
1.800000000000000000e+02 
0
-1
-1
181.0
-0.3873068058758512
-1.1300758543712486
1.8859199482877256
107.0
1.830000000000000000e+02 
1.820000000000000000e+02 
0
-1
-1
182.0
-0.5720017596338733
-0.6186236114748769
1.9594118079261302
168.0
1.850000000000000000e+02 6.950000000000000000e+02 
1.840000000000000000e+02 6.940000000000000000e+02 
0
-1
-1
183.0
-0.5910410811167843
-0.5851377716406705
2.0385996865098823
169.0
1.860000000000000000e+02 
1.850000000000000000e+02 
0
-1
-1
184.0
-0.5998305948871957
-0.5683452461236167
2.001138250546014
170.0
6.980000000000000000e+02 
1.860000000000000000e+02 6.970000000000000000e+02 
0
-1
-1
185.0
-1.4343992976435846
-1.2598892627375076
3.028736148862957
171.0
1.870000000000000000e+02 

0
-1
-1
186.0
-1.4207932370935068
-1.2743498087248697
-0.8205920724489634
172.0
1.880000000000000000e+02 
1.870000000000000000e+02 
0
-1
-1
187.0
-1.4064516036818424
-1.2875669308412605
-0.8282789534984615
173.0
1.890000000000000000e+02 6.080000000000000000e+02 
1.880000000000000000e+02 
0
-1
-1
188.0
-1.3928502665718108
-1.3022277160218816
-0.835440965814675
174.0
1.900000000000000000e+02 
1.890000000000000000e+02 
0
-1
-1
189.0
-1.3794727383130292
-1.316452631136672
-0.8401100658370881
175.0
1.910000000000000000e+02 
1.900000000000000000e+02 
0
-1
-1
190.0
-1.3661232634865326
-1.3307737675576385
-0.8456307171849083
176.0
1.920000000000000000e+02 
1.910000000000000000e+02 
0
-1
-1
191.0
-1.3560307782013115
-1.3415051693356546
-0.8467528388193988
177.0
1.930000000000000000e+02 6.130000000000000000e+02 
1.920000000000000000e+02 6.120000000000000000e+02 
0
-1
-1
192.0
-1.3439146857501245
-1.354796398506192
-0.8478255369555211
178.0
1.940000000000000000e+02 
1.930000000000000000e+02 
0
-1
-1
193.0
-1.3312410604300444
-1.3683965812264773
-0.835424931824196
179.0
1.950000000000000000e+02 
1.940000000000000000e+02 
0
-1
-1
194.0
-1.3183679622231117
-1.3820245934570377
-0.8334755248308452
180.0
1.960000000000000000e+02 
1.950000000000000000e+02 
0
-1
-1
195.0
-1.3054338988611163
-1.395602479219229
-0.8306772165962397
181.0
1.970000000000000000e+02 
1.960000000000000000e+02 
0
-1
-1
196.0
-1.288948493540469
-1.4128488390262945
-0.8252299034211432
182.0
1.980000000000000000e+02 6.190000000000000000e+02 
1.970000000000000000e+02 6.180000000000000000e+02 
0
-1
-1
197.0
-1.2724017126991003
-1.4297908061502071
-0.840558493033659
183.0
1.990000000000000000e+02 
1.980000000000000000e+02 2.890000000000000000e+02 
0
-1
-1
198.0
-1.2496846633142702
-1.4533893273561125
-0.7964032120885302
184.0
2.000000000000000000e+02 
1.990000000000000000e+02 
0
-1
-1
199.0
-1.238242059972579
-1.4644628862015088
-0.7785592276362527
185.0
2.010000000000000000e+02 
2.000000000000000000e+02 
0
-1
-1
200.0
-1.2230183175547054
-1.478836792079014
-0.7528652191288911
186.0
2.020000000000000000e+02 6.240000000000000000e+02 
2.010000000000000000e+02 6.230000000000000000e+02 
0
-1
-1
201.0
-1.20912875257032
-1.4901988851081818
-0.7039688809676004
187.0
2.030000000000000000e+02 6.260000000000000000e+02 
2.020000000000000000e+02 6.250000000000000000e+02 
0
-1
-1
202.0
-1.2018626297305521
-1.4985542026104701
-0.5840876812935076
188.0
2.040000000000000000e+02 2.900000000000000000e+02 
2.030000000000000000e+02 
0
-1
-1
203.0
-1.1856580195931894
-1.5088591391572999
-0.4444147865270002
189.0
2.050000000000000000e+02 
2.040000000000000000e+02 
0
-1
-1
204.0
-1.1754953935237549
-1.5143759120944553
-0.3460791370619547
190.0
2.060000000000000000e+02 
2.050000000000000000e+02 
0
-1
-1
205.0
-1.165083433021342
-1.5189910838985974
-0.25389471350943416
191.0
2.070000000000000000e+02 
2.060000000000000000e+02 
0
-1
-1
206.0
-1.1510234764134322
-1.5233651990618235
-0.14161182620733603
192.0
2.080000000000000000e+02 
2.070000000000000000e+02 
0
-1
-1
207.0
-1.1334115959939224
-1.5263567229376203
0.003819219472562703
193.0
2.090000000000000000e+02 
2.080000000000000000e+02 
0
-1
-1
208.0
-1.115948475154517
-1.5268668620271506
0.1518481233389149
194.0
2.100000000000000000e+02 
2.090000000000000000e+02 
0
-1
-1
209.0
-1.0741414840843224
-1.5204666659603587
0.23717459058898863
195.0
2.110000000000000000e+02 
2.100000000000000000e+02 
0
-1
-1
210.0
-1.0427515832408822
-1.5128056999579722
0.38869833201071724
196.0
2.120000000000000000e+02 
2.110000000000000000e+02 
0
-1
-1
211.0
-1.0050387681818447
-1.4989538061326348
0.5375690641786444
197.0
2.130000000000000000e+02 
2.120000000000000000e+02 
0
-1
-1
212.0
-0.9677074390213309
-1.476749095506749
0.6968365096437824
198.0
2.140000000000000000e+02 
2.130000000000000000e+02 
0
-1
-1
213.0
-0.956641506245769
-1.4690840032825903
0.8161003971174068
199.0
2.150000000000000000e+02 
2.140000000000000000e+02 
0
-1
-1
214.0
-0.9246569654179566
-1.435866938114967
0.9816604616488203
200.0
2.160000000000000000e+02 
2.150000000000000000e+02 
0
-1
-1
215.0
-0.9149471680067458
-1.4230271069063432
1.1140164447971108
201.0
2.170000000000000000e+02 
2.160000000000000000e+02 
0
-1
-1
216.0
-0.9062021610313393
-1.4058965932091163
1.2821680947969463
202.0
2.180000000000000000e+02 
2.170000000000000000e+02 
0
-1
-1
217.0
-0.9017111307463654
-1.394052812957068
1.3909651667184364
203.0
2.190000000000000000e+02 
2.180000000000000000e+02 
0
-1
-1
218.0
-0.8920547578065923
-1.3514571619874018
1.4150074226210956
204.0
2.200000000000000000e+02 
2.190000000000000000e+02 
0
-1
-1
219.0
-0.8836234393630673
-1.3105070503942775
1.464394631701962
205.0
2.210000000000000000e+02 
2.200000000000000000e+02 
0
-1
-1
220.0
-0.881268418161823
-1.2834543785638943
1.5871265704379098
206.0
2.220000000000000000e+02 
2.210000000000000000e+02 
0
-1
-1
221.0
-0.8800139163643147
-1.2504110155922765
1.6129530227221789
207.0
2.230000000000000000e+02 
2.220000000000000000e+02 
0
-1
-1
222.0
-0.8800240176119227
-1.2221866270883381
1.6623237799952035
208.0
2.240000000000000000e+02 
2.230000000000000000e+02 
0
-1
-1
223.0
-0.882017949624156
-1.1891788878845153
1.7212886413697426
209.0
2.250000000000000000e+02 
2.240000000000000000e+02 
0
-1
-1
224.0
-0.8869139296178611
-1.1516892066102429
1.7855474137503897
210.0
2.260000000000000000e+02 
2.250000000000000000e+02 
0
-1
-1
225.0
-0.8919243253493445
-1.1241737341808593
1.829649911947493
211.0
2.270000000000000000e+02 
2.260000000000000000e+02 
0
-1
-1
226.0
-0.9035682694046112
-1.0774785575638255
1.8859959587855166
212.0
2.280000000000000000e+02 
2.270000000000000000e+02 
0
-1
-1
227.0
-0.9214007237385509
-1.02089730149722
1.9989853852059263
213.0
2.290000000000000000e+02 
2.280000000000000000e+02 
0
-1
-1
228.0
-0.9384996171997567
-0.9899318402073656
2.2133180303645883
214.0
2.300000000000000000e+02 
2.290000000000000000e+02 
0
-1
-1
229.0
-0.9738362376592559
-0.9421472388104812
2.2966937417237707
215.0
2.310000000000000000e+02 
2.300000000000000000e+02 
0
-1
-1
230.0
-1.009123406058512
-0.9002275806556272
2.343462375138757
216.0
2.320000000000000000e+02 
2.310000000000000000e+02 
0
-1
-1
231.0
-1.0240712541267794
-0.8865589964261456
2.4948737949391226
217.0
2.330000000000000000e+02 
2.320000000000000000e+02 
0
-1
-1
232.0
-1.0580009000437132
-0.8595817055642638
2.5006778740047095
218.0
2.340000000000000000e+02 
2.330000000000000000e+02 
0
-1
-1
233.0
-1.0922682321916874
-0.8338476519083282
2.5456244938363266
219.0
2.350000000000000000e+02 
2.340000000000000000e+02 
0
-1
-1
234.0
-1.1276766388117185
-0.8123833390767352
2.710963544621218
220.0
2.360000000000000000e+02 
2.350000000000000000e+02 
0
-1
-1
235.0
-1.178056797877673
-0.7914365702872415
2.8135449252933187
221.0
2.370000000000000000e+02 
2.360000000000000000e+02 
0
-1
-1
236.0
-1.193101710609252
-0.788285582222804
2.95796854358833
222.0
2.380000000000000000e+02 
2.370000000000000000e+02 
0
-1
-1
237.0
-1.235012858265463
-0.7833912231742426
3.106834316093635
223.0
2.390000000000000000e+02 
2.380000000000000000e+02 
0
-1
-1
238.0
-1.254035215860554
-0.7851646248662372
-3.026693138886504
224.0
2.400000000000000000e+02 
2.390000000000000000e+02 
0
-1
-1
239.0
-1.28729642526982
-0.7916588156219175
-2.9276432725729427
225.0
2.410000000000000000e+02 
2.400000000000000000e+02 
0
-1
-1
240.0
-1.305413846192708
-0.7985118178719461
-2.7692514487546145
226.0
2.420000000000000000e+02 
2.410000000000000000e+02 
0
-1
-1
241.0
-1.3165331684207218
-0.8052543860703012
-2.654517715040724
227.0
2.430000000000000000e+02 
2.420000000000000000e+02 
0
-1
-1
242.0
-1.3268024405665475
-0.8133329461998728
-2.5336921100159557
228.0
2.440000000000000000e+02 
2.430000000000000000e+02 
0
-1
-1
243.0
-1.3365242345926696
-0.8228665464193635
-2.4251246632211676
229.0
2.450000000000000000e+02 
2.440000000000000000e+02 
0
-1
-1
244.0
-1.3428317405226016
-0.8311167882013861
-2.332265395139182
230.0
2.460000000000000000e+02 
2.450000000000000000e+02 
0
-1
-1
245.0
-1.3505905313172093
-0.8425551386034797
-2.2211143171856325
231.0
2.470000000000000000e+02 
2.460000000000000000e+02 
0
-1
-1
246.0
-1.355357714439608
-0.8522279905269907
-2.1247714317049207
232.0
2.480000000000000000e+02 
2.470000000000000000e+02 
0
-1
-1
247.0
-1.3609218369020615
-0.865416701871622
-2.008336731971245
233.0
2.490000000000000000e+02 
2.480000000000000000e+02 
0
-1
-1
248.0
-1.3625185471329095
-0.8729497421883805
-1.939960202194748
234.0
2.500000000000000000e+02 
2.490000000000000000e+02 
0
-1
-1
249.0
-1.3642425173740214
-0.881942365027831
-1.8950918175327862
235.0
2.510000000000000000e+02 
2.500000000000000000e+02 
0
-1
-1
250.0
-1.3666038716811315
-0.892666490118784
-1.8982315441063244
236.0
2.520000000000000000e+02 
2.510000000000000000e+02 
0
-1
-1
251.0
-1.3708648236498426
-0.9079033213250225
-1.9162293390215135
237.0
2.530000000000000000e+02 
2.520000000000000000e+02 
0
-1
-1
252.0
-1.3733753457432414
-0.9184507203917427
-1.9185351503964323
238.0
2.540000000000000000e+02 
2.530000000000000000e+02 
0
-1
-1
253.0
-1.3759593212870835
-0.9290166857666459
-1.9260989173930607
239.0
2.550000000000000000e+02 
2.540000000000000000e+02 
0
-1
-1
254.0
-1.3806601031097987
-0.9441644078156478
-1.9449705702544828
240.0
2.560000000000000000e+02 
2.550000000000000000e+02 
0
-1
-1
255.0
-1.3813951393612927
-0.9500733255260194
-1.9368500303473835
241.0
2.570000000000000000e+02 
2.560000000000000000e+02 
0
-1
-1
256.0
-1.3879987387733128
-0.9696179373008
-1.940937210209843
242.0
2.580000000000000000e+02 
2.570000000000000000e+02 
0
-1
-1
257.0
-1.394287312207024
-0.9891827665727915
-1.9197320136044915
243.0
2.590000000000000000e+02 
2.580000000000000000e+02 
0
-1
-1
258.0
-1.3966688821645328
-0.9999134340832565
-1.8959343355770633
244.0
2.600000000000000000e+02 
2.590000000000000000e+02 
0
-1
-1
259.0
-1.3987277308296246
-1.010440348625126
-1.8729940625203714
245.0
2.610000000000000000e+02 
2.600000000000000000e+02 
0
-1
-1
260.0
-1.4021424633016049
-1.0259957474632508
-1.840511072243776
246.0
2.620000000000000000e+02 
2.610000000000000000e+02 
0
-1
-1
261.0
-1.40510006149435
-1.041637777238058
-1.8088852340481738
247.0
2.630000000000000000e+02 
2.620000000000000000e+02 
0
-1
-1
262.0
-1.407529160992926
-1.0574220793833056
-1.7711164088065674
248.0
2.640000000000000000e+02 
2.630000000000000000e+02 
0
-1
-1
263.0
-1.408416813533861
-1.0685854450708727
-1.7395044490502511
249.0
2.650000000000000000e+02 
2.640000000000000000e+02 
0
-1
-1
264.0
-1.4089034591680547
-1.0797750080319077
-1.7000491990606843
250.0
2.660000000000000000e+02 
2.650000000000000000e+02 
0
-1
-1
265.0
-1.4090507585719378
-1.0909662761639012
-1.6667004949670774
251.0
2.670000000000000000e+02 
2.660000000000000000e+02 
0
-1
-1
266.0
-1.4088815238213104
-1.1021456329329835
-1.6359581648497694
252.0
2.680000000000000000e+02 
2.670000000000000000e+02 
0
-1
-1
267.0
-1.4083153004894358
-1.1134099936676933
-1.5938720288494286
253.0
2.690000000000000000e+02 
2.680000000000000000e+02 
0
-1
-1
268.0
-1.4073923646742048
-1.1247922186006607
-1.558741899282142
254.0
2.700000000000000000e+02 
2.690000000000000000e+02 
0
-1
-1
269.0
-1.4061707567802533
-1.1410294627377242
-1.5245175807604388
255.0
2.710000000000000000e+02 
2.700000000000000000e+02 
0
-1
-1
270.0
-1.4042595648307277
-1.1573531398642558
-1.480698870320309
256.0
2.720000000000000000e+02 
2.710000000000000000e+02 
0
-1
-1
271.0
-1.4018219015243167
-1.1734443752286148
-1.4412355575542573
257.0
2.730000000000000000e+02 
2.720000000000000000e+02 
0
-1
-1
272.0
-1.398737710005853
-1.1897229067776784
-1.4035774247504618
258.0
2.740000000000000000e+02 
2.730000000000000000e+02 
0
-1
-1
273.0
-1.3951267999134145
-1.2058783738697476
-1.3685242470380703
259.0
2.750000000000000000e+02 
2.740000000000000000e+02 
0
-1
-1
274.0
-1.3919367048943567
-1.2169311318240565
-1.3343257925387007
260.0
2.760000000000000000e+02 
2.750000000000000000e+02 
0
-1
-1
275.0
-1.3873044155369136
-1.2327378048191164
-1.2949318225241822
261.0
2.770000000000000000e+02 
2.760000000000000000e+02 
0
-1
-1
276.0
-1.3833701222676749
-1.2437729905482904
-1.257242091580602
262.0
2.780000000000000000e+02 
2.770000000000000000e+02 
0
-1
-1
277.0
-1.3761511595189422
-1.2641103873119997
-1.2196063477786905
263.0
2.790000000000000000e+02 
2.780000000000000000e+02 
0
-1
-1
278.0
-1.3682553641657336
-1.2841193240968871
-1.1758743328505974
264.0
2.800000000000000000e+02 
2.790000000000000000e+02 
0
-1
-1
279.0
-1.36148363011355
-1.299267240318612
-1.1451957823731118
265.0
2.810000000000000000e+02 
2.800000000000000000e+02 
0
-1
-1
280.0
-1.352040828197497
-1.3188252182045646
-1.096220425957367
177.0
2.820000000000000000e+02 
2.810000000000000000e+02 
0
-1
-1
281.0
-1.3417622320618903
-1.3378219061315586
-1.0489479874450667
178.0
2.830000000000000000e+02 
2.820000000000000000e+02 
0
-1
-1
282.0
-1.3379316075075134
-1.3436043499080095
-1.0130281851112968
266.0
2.840000000000000000e+02 
2.830000000000000000e+02 
0
-1
-1
283.0
-1.3289311852589867
-1.35754307401859
-0.9666607318739464
179.0
2.850000000000000000e+02 
2.840000000000000000e+02 
0
-1
-1
284.0
-1.3221283328914435
-1.3670167289418997
-0.9246453355097948
180.0
2.860000000000000000e+02 
2.850000000000000000e+02 
0
-1
-1
285.0
-1.309142639308766
-1.3844333429436744
-0.8948816988773061
181.0
2.870000000000000000e+02 
2.860000000000000000e+02 
0
-1
-1
286.0
-1.2894984360184896
-1.409485195548778
-0.8642695201461724
182.0
2.880000000000000000e+02 
2.870000000000000000e+02 
0
-1
-1
287.0
-1.2787412413743633
-1.4223831844665007
-0.8414584930336595
267.0
2.890000000000000000e+02 
2.880000000000000000e+02 
0
-1
-1
288.0
-1.1765906598630174
-1.5132252607975993
-0.5130648503326163
268.0
2.910000000000000000e+02 
2.900000000000000000e+02 
0
-1
-1
289.0
-1.1595471831920983
-1.5222196505863241
-0.4757495364625103
269.0
2.920000000000000000e+02 
2.910000000000000000e+02 
0
-1
-1
290.0
-1.1465207682456866
-1.528641131648842
-0.44580479089113534
270.0
2.930000000000000000e+02 
2.920000000000000000e+02 
0
-1
-1
291.0
-1.1336669689083747
-1.534620772766318
-0.4270225857484417
271.0
2.940000000000000000e+02 
2.930000000000000000e+02 
0
-1
-1
292.0
-1.1249667354697697
-1.5385125108596238
-0.4097168136858825
272.0
2.950000000000000000e+02 
2.940000000000000000e+02 
0
-1
-1
293.0
-1.1164348244717983
-1.5421776034602794
-0.39494190229111426
273.0
2.960000000000000000e+02 
2.950000000000000000e+02 
0
-1
-1
294.0
-1.1079290170906273
-1.5456590056707833
-0.3771959495507413
274.0
2.970000000000000000e+02 
2.960000000000000000e+02 
0
-1
-1
295.0
-1.1037589608400622
-1.547341393226322
-0.36836023117609695
275.0
2.980000000000000000e+02 
2.970000000000000000e+02 
0
-1
-1
296.0
-1.0949806924354755
-1.5505645803642913
-0.3418629152936645
276.0
2.990000000000000000e+02 
2.980000000000000000e+02 
0
-1
-1
297.0
-1.0861797956493664
-1.5535916931545097
-0.3217503880756929
277.0
3.000000000000000000e+02 
2.990000000000000000e+02 
0
-1
-1
298.0
-1.0819950742912732
-1.5549945346812784
-0.3142336024167468
278.0
3.010000000000000000e+02 
3.000000000000000000e+02 
0
-1
-1
299.0
-1.0777954283454223
-1.5563744811132172
-0.308572808429886
279.0
3.020000000000000000e+02 
3.010000000000000000e+02 
0
-1
-1
300.0
-1.0737204699760228
-1.5576752952149744
-0.3003410644070956
280.0
3.030000000000000000e+02 
3.020000000000000000e+02 
0
-1
-1
301.0
-1.0648170123298526
-1.5603064237233308
-0.2792624424298754
281.0
3.040000000000000000e+02 
3.030000000000000000e+02 
0
-1
-1
302.0
-1.0557942221125183
-1.5627232975595329
-0.2548416812881408
282.0
3.050000000000000000e+02 
3.040000000000000000e+02 
0
-1
-1
303.0
-1.0468072603090781
-1.56490546954036
-0.23229091364877075
283.0
3.060000000000000000e+02 
3.050000000000000000e+02 
0
-1
-1
304.0
-1.0424638423201906
-1.5659005978338385
-0.22426705320771445
284.0
3.070000000000000000e+02 
3.060000000000000000e+02 
0
-1
-1
305.0
-1.0382476586314802
-1.566813298876374
-0.21283992903256344
285.0
3.080000000000000000e+02 
3.070000000000000000e+02 
0
-1
-1
306.0
-1.0372855886016963
-1.5669523277989437
-0.15954706817464093
286.0
3.090000000000000000e+02 
3.080000000000000000e+02 
0
-1
-1
307.0
-1.037945496693554
-1.566833399441447
-0.0718965737901236
287.0
3.100000000000000000e+02 
3.090000000000000000e+02 
0
-1
-1
308.0
-1.0384498208975455
-1.566747567757241
-0.025644597933869896
288.0
3.110000000000000000e+02 
3.100000000000000000e+02 6.370000000000000000e+02 
0
-1
-1
309.0
-1.035657737996626
-1.565622668019543
0.07146963720268155
289.0
3.120000000000000000e+02 6.380000000000000000e+02 
3.110000000000000000e+02 
0
-1
-1
310.0
-1.0229407515166438
-1.5647122328337582
0.10860623682077845
290.0
3.130000000000000000e+02 
3.120000000000000000e+02 
0
-1
-1
311.0
-1.008311796383893
-1.5627407282064496
0.13893662436829968
291.0
3.140000000000000000e+02 
3.130000000000000000e+02 
0
-1
-1
312.0
-0.9985290453872849
-1.5610932393978416
0.16549692246316916
292.0
3.150000000000000000e+02 
3.140000000000000000e+02 
0
-1
-1
313.0
-0.9743478456783354
-1.556172077144491
0.21970855623801142
293.0
3.160000000000000000e+02 
3.150000000000000000e+02 
0
-1
-1
314.0
-0.9551425436072738
-1.5512064308939921
0.2674896615246138
294.0
3.170000000000000000e+02 
3.160000000000000000e+02 
0
-1
-1
315.0
-0.9270084491171254
-1.5423541776837637
0.3267672090595486
295.0
3.180000000000000000e+02 
3.170000000000000000e+02 
0
-1
-1
316.0
-0.8807836240420521
-1.5241130376311516
0.40475311385557045
296.0
3.190000000000000000e+02 
3.180000000000000000e+02 
0
-1
-1
317.0
-0.8538025834373204
-1.5116688615851372
0.4453460798782289
297.0
3.200000000000000000e+02 
3.190000000000000000e+02 
0
-1
-1
318.0
-0.8053975673614
-1.4870229836773363
0.4817234941804782
298.0
3.210000000000000000e+02 
3.200000000000000000e+02 
0
-1
-1
319.0
-0.7746395313712998
-1.4704768024217163
0.4985336477859099
299.0
3.220000000000000000e+02 
3.210000000000000000e+02 
0
-1
-1
320.0
-0.7529297612213919
-1.4584234130297613
0.5065173538779868
300.0
3.230000000000000000e+02 
3.220000000000000000e+02 
0
-1
-1
321.0
-0.7271954180646387
-1.4437255903640813
0.527604083121375
301.0
3.240000000000000000e+02 
3.230000000000000000e+02 
0
-1
-1
322.0
-0.7015433670378765
-1.4283819236917634
0.5434164099030359
302.0
3.250000000000000000e+02 
3.240000000000000000e+02 
0
-1
-1
323.0
-0.6720022303625233
-1.4104733935548146
0.5435776461656218
303.0
3.260000000000000000e+02 
3.250000000000000000e+02 
0
-1
-1
324.0
-0.6507418964660729
-1.397704865017463
0.5375452033567657
304.0

3.260000000000000000e+02 
0
-1
-1
325.0
-1.8068004970697147
0.39692780906271197
1.4693310259291381
305.0
3.270000000000000000e+02 

0
-1
-1
326.0
-1.8347435516086619
0.3693647949735324
-2.371344999832955
306.0
3.280000000000000000e+02 4.890000000000000000e+02 
3.270000000000000000e+02 
0
-1
-1
327.0
-1.8686617634835585
0.34339439181626885
-2.36864626860309
307.0
3.290000000000000000e+02 
3.280000000000000000e+02 
0
-1
-1
328.0
-1.8925159441313357
0.32375916162321394
-2.3896647435371507
308.0
3.300000000000000000e+02 
3.290000000000000000e+02 
0
-1
-1
329.0
-1.9129078207898738
0.3076737529238365
-2.4011745357472787
309.0
3.310000000000000000e+02 
3.300000000000000000e+02 
0
-1
-1
330.0
-1.9295882782960065
0.2952330630393196
-2.411773127559533
310.0
3.320000000000000000e+02 
3.310000000000000000e+02 
0
-1
-1
331.0
-1.9501070460776109
0.27972542236980646
-2.426858032102487
311.0
3.330000000000000000e+02 
3.320000000000000000e+02 
0
-1
-1
332.0
-1.9669553179124382
0.26759622907942227
-2.44107681334392
312.0
3.340000000000000000e+02 
3.330000000000000000e+02 
0
-1
-1
333.0
-1.999132350124854
0.24337630049215003
-2.467427100095057
313.0
3.350000000000000000e+02 4.970000000000000000e+02 
3.340000000000000000e+02 4.960000000000000000e+02 
0
-1
-1
334.0
-2.027284943975127
0.22248495911846886
-2.495830822878094
314.0
3.360000000000000000e+02 
3.350000000000000000e+02 
0
-1
-1
335.0
-2.0510582636846832
0.20510862141163105
-2.435672507324825
315.0
3.370000000000000000e+02 
3.360000000000000000e+02 
0
-1
-1
336.0
-2.0635585293732754
0.19470209822816373
-2.34228709206713
316.0
3.380000000000000000e+02 
3.370000000000000000e+02 
0
-1
-1
337.0
-2.0750474812952664
0.18345996342599183
-2.249821984683204
317.0
3.390000000000000000e+02 
3.380000000000000000e+02 
0
-1
-1
338.0
-2.0854345411108435
0.1714553620526746
-2.152174643138143
318.0
3.400000000000000000e+02 
3.390000000000000000e+02 
0
-1
-1
339.0
-2.0979993135899546
0.1523628836532031
-2.0231425690912723
319.0
3.410000000000000000e+02 4.280000000000000000e+02 
3.400000000000000000e+02 4.270000000000000000e+02 
0
-1
-1
340.0
-2.0995098861153254
0.1302375183069022
-1.4281967126679844
320.0
3.420000000000000000e+02 4.300000000000000000e+02 
3.410000000000000000e+02 4.290000000000000000e+02 
0
-1
-1
341.0
-2.107614764573272
0.122064857370688
-1.4547362740441552
321.0
3.430000000000000000e+02 
3.420000000000000000e+02 
0
-1
-1
342.0
-2.1059880442339423
0.08292348725177373
-1.4180622038441408
322.0
3.440000000000000000e+02 
3.430000000000000000e+02 4.310000000000000000e+02 
0
-1
-1
343.0
-2.108991098299197
0.02704030077692131
-1.4159862622079864
323.0
3.450000000000000000e+02 
3.440000000000000000e+02 
0
-1
-1
344.0
-2.1073648756466876
-0.015937018419550412
-1.3595778819380437
324.0
3.460000000000000000e+02 
3.450000000000000000e+02 
0
-1
-1
345.0
-2.098681100714617
-0.07756915642117426
-1.2831786963231155
325.0
3.470000000000000000e+02 
3.460000000000000000e+02 5.570000000000000000e+02 
0
-1
-1
346.0
-2.080238301071388
-0.14946977365698472
-1.2780971180262064
326.0
3.480000000000000000e+02 5.580000000000000000e+02 
3.470000000000000000e+02 
0
-1
-1
347.0
-2.070672305324572
-0.18902878532198336
-1.3348055439920714
327.0
3.490000000000000000e+02 
3.480000000000000000e+02 
0
-1
-1
348.0
-2.064729762278165
-0.2318024078277008
-1.4037289724624005
328.0
3.500000000000000000e+02 
3.490000000000000000e+02 
0
-1
-1
349.0
-2.061593106862591
-0.2748971743580201
-1.4638598543138936
329.0
3.510000000000000000e+02 5.630000000000000000e+02 
3.500000000000000000e+02 5.620000000000000000e+02 
0
-1
-1
350.0
-2.0611049694646626
-0.33929177054241083
-1.523557405165049
330.0
3.520000000000000000e+02 
3.510000000000000000e+02 
0
-1
-1
351.0
-2.063364207973637
-0.40300553773666
-1.5672565656544033
331.0
3.530000000000000000e+02 
3.520000000000000000e+02 
0
-1
-1
352.0
-2.067291750225531
-0.4572939124524607
-1.5943617226693845
332.0
3.540000000000000000e+02 
3.530000000000000000e+02 
0
-1
-1
353.0
-2.07253935575583
-0.5161281775402189
-1.6091724195547525
333.0
3.550000000000000000e+02 4.320000000000000000e+02 
3.540000000000000000e+02 
0
-1
-1
354.0
-2.0780619945093957
-0.5891310854586769
-1.494294851512064
334.0
3.560000000000000000e+02 
3.550000000000000000e+02 
0
-1
-1
355.0
-2.075174579340466
-0.6382990719241122
-1.3448442445360647
335.0
3.570000000000000000e+02 
3.560000000000000000e+02 
0
-1
-1
356.0
-2.0703810778340612
-0.6715375422944441
-1.2085485020674493
336.0
3.580000000000000000e+02 
3.570000000000000000e+02 
0
-1
-1
357.0
-2.0628840488246016
-0.6989919047040378
-1.1324073745805852
337.0
3.590000000000000000e+02 
3.580000000000000000e+02 
0
-1
-1
358.0
-2.0540095891504997
-0.7235082501460279
-0.9620206252830177
338.0
3.600000000000000000e+02 
3.590000000000000000e+02 
0
-1
-1
359.0
-2.0376788650048314
-0.7513625437198009
-0.875438029803775
339.0
3.610000000000000000e+02 
3.600000000000000000e+02 
0
-1
-1
360.0
-2.011056867419093
-0.7872913159162878
-0.7557593758817822
340.0
3.620000000000000000e+02 
3.610000000000000000e+02 
0
-1
-1
361.0
-1.9924992736598803
-0.8104699650092679
-0.7215844630508056
341.0
3.630000000000000000e+02 
3.620000000000000000e+02 
0
-1
-1
362.0
-1.9654608686785666
-0.8392778274389376
-0.6542631023189509
342.0
3.640000000000000000e+02 
3.630000000000000000e+02 
0
-1
-1
363.0
-1.9339486381405369
-0.8653587697066081
-0.5380451158421211
343.0
3.650000000000000000e+02 
3.640000000000000000e+02 
0
-1
-1
364.0
-1.9139956301460546
-0.8813323418887695
-0.44453033659203345
344.0
3.660000000000000000e+02 
3.650000000000000000e+02 
0
-1
-1
365.0
-1.8714931555177285
-0.9013617456697787
-0.24716860802043927
345.0
3.670000000000000000e+02 
3.660000000000000000e+02 
0
-1
-1
366.0
-1.8373454791226655
-0.9121366292254635
-0.11785978372200234
346.0
3.680000000000000000e+02 
3.670000000000000000e+02 
0
-1
-1
367.0
-1.8195701160187892
-0.9159432281210633
0.041146272901023045
347.0
3.690000000000000000e+02 
3.680000000000000000e+02 
0
-1
-1
368.0
-1.7889495410698708
-0.9178547008827267
0.11904968896866391
348.0
3.700000000000000000e+02 
3.690000000000000000e+02 
0
-1
-1
369.0
-1.778484465074658
-0.918186858114519
0.24140058244362017
349.0
3.710000000000000000e+02 
3.700000000000000000e+02 
0
-1
-1
370.0
-1.7555362261410972
-0.9142222394808426
0.26689906243789246
350.0
3.720000000000000000e+02 
3.710000000000000000e+02 
0
-1
-1
371.0
-1.7379335109827525
-0.9103197035123787
0.4118952295011777
351.0
3.730000000000000000e+02 
3.720000000000000000e+02 
0
-1
-1
372.0
-1.7227763761746204
-0.9036973541020832
0.5734391758865331
352.0
3.740000000000000000e+02 
3.730000000000000000e+02 
0
-1
-1
373.0
-1.7092860173543036
-0.8944332639372617
0.7297809857887806
353.0
3.750000000000000000e+02 
3.740000000000000000e+02 
0
-1
-1
374.0
-1.6979423680025294
-0.8825245004445792
0.9018707355511644
354.0
3.760000000000000000e+02 
3.750000000000000000e+02 
0
-1
-1
375.0
-1.690967033422055
-0.871367875964836
1.0451584938359368
355.0
3.770000000000000000e+02 
3.760000000000000000e+02 
0
-1
-1
376.0
-1.683380450469524
-0.852817470646073
1.2302943217546358
356.0
3.780000000000000000e+02 
3.770000000000000000e+02 
0
-1
-1
377.0
-1.6784358765216987
-0.831349966877704
1.3002282729540378
357.0
3.790000000000000000e+02 
3.780000000000000000e+02 
0
-1
-1
378.0
-1.6599049895446831
-0.778248102158366
1.1983103936539878
358.0
3.800000000000000000e+02 
3.790000000000000000e+02 
0
-1
-1
379.0
-1.6290456583045265
-0.702863421672205
1.2298407226335653
359.0
3.810000000000000000e+02 
3.800000000000000000e+02 
0
-1
-1
380.0
-1.6111140368229742
-0.6443021293636486
1.3225192911623338
360.0
3.820000000000000000e+02 
3.810000000000000000e+02 
0
-1
-1
381.0
-1.5997439408789713
-0.5887694282411947
1.4012461228738022
361.0
3.830000000000000000e+02 
3.820000000000000000e+02 
0
-1
-1
382.0
-1.593091717533838
-0.5373546941054353
1.4614712335785875
362.0
3.840000000000000000e+02 
3.830000000000000000e+02 
0
-1
-1
383.0
-1.5897185764289739
-0.4906524078706311
1.4947446310152848
363.0
3.850000000000000000e+02 
3.840000000000000000e+02 
0
-1
-1
384.0
-1.5886153698726702
-0.4538077434394079
1.5193163145375717
364.0
3.860000000000000000e+02 
3.850000000000000000e+02 
0
-1
-1
385.0
-1.5864671827154655
-0.4068734458509038
1.4853362747367407
365.0
3.870000000000000000e+02 
3.860000000000000000e+02 
0
-1
-1
386.0
-1.5824619533973672
-0.3652554051097008
1.4356544929996304
366.0
3.880000000000000000e+02 
3.870000000000000000e+02 
0
-1
-1
387.0
-1.5774831096255681
-0.3287756713267519
1.3929209410027965
367.0
3.890000000000000000e+02 
3.880000000000000000e+02 
0
-1
-1
388.0
-1.5720342672652547
-0.2975643760728772
1.3511355801448435
368.0
3.900000000000000000e+02 
3.890000000000000000e+02 
0
-1
-1
389.0
-1.5650589628394678
-0.26681033542439586
1.3015983609200226
369.0
3.910000000000000000e+02 
3.900000000000000000e+02 
0
-1
-1
390.0
-1.5560258074281061
-0.2364061084930543
1.241609222237595
370.0
3.920000000000000000e+02 
3.910000000000000000e+02 
0
-1
-1
391.0
-1.54312188784441
-0.20259050718472726
1.1606180906930135
371.0
3.930000000000000000e+02 
3.920000000000000000e+02 
0
-1
-1
392.0
-1.524855327183604
-0.165694416829432
1.0830748797986993
372.0
3.940000000000000000e+02 
3.930000000000000000e+02 
0
-1
-1
393.0
-1.5192786016840396
-0.14989596704331132
1.2489794891840336
373.0
3.950000000000000000e+02 
3.940000000000000000e+02 
0
-1
-1
394.0
-1.5070443126047284
-0.10294104455895622
1.417481803776171
374.0
3.960000000000000000e+02 
3.950000000000000000e+02 
0
-1
-1
395.0
-1.4973963306597473
-0.03969837441631113
1.4157316929752288
375.0
3.970000000000000000e+02 
3.960000000000000000e+02 
0
-1
-1
396.0
-1.4907819919331313
0.030305092892502862
1.5502290098393796
376.0
3.980000000000000000e+02 
3.970000000000000000e+02 
0
-1
-1
397.0
-1.4922333764636222
0.09560850803609805
1.6908235902970565
377.0
3.990000000000000000e+02 
3.980000000000000000e+02 
0
-1
-1
398.0
-1.501991285130385
0.14881534345659006
1.843715252404967
378.0
4.000000000000000000e+02 
3.990000000000000000e+02 
0
-1
-1
399.0
-1.5212804855096809
0.2042383918418837
1.9948537956714538
379.0
4.010000000000000000e+02 
4.000000000000000000e+02 
0
-1
-1
400.0
-1.5418220650120193
0.24135759138236026
2.1519890004650177
380.0
4.020000000000000000e+02 
4.010000000000000000e+02 
0
-1
-1
401.0
-1.5611696497749659
0.2620304856785902
2.239370627527139
381.0
4.030000000000000000e+02 
4.020000000000000000e+02 
0
-1
-1
402.0
-1.5731172940676705
0.27136925409635526
2.32934841760681
382.0
4.040000000000000000e+02 
4.030000000000000000e+02 
0
-1
-1
403.0
-1.5878880362919525
0.2806185869520159
2.4716720912312415
383.0
4.050000000000000000e+02 
4.040000000000000000e+02 
0
-1
-1
404.0
-1.6042426176812972
0.2881088021564782
2.6061413486228844
384.0
4.060000000000000000e+02 
4.050000000000000000e+02 
0
-1
-1
405.0
-1.6244354545573285
0.29484711815327724
2.7668058697672016
385.0
4.070000000000000000e+02 
4.060000000000000000e+02 
0
-1
-1
406.0
-1.6397356867327968
0.2969484871549113
2.876815314628459
386.0
4.080000000000000000e+02 
4.070000000000000000e+02 
0
-1
-1
407.0
-1.6621435308555164
0.29874827017960864
3.038269323502346
387.0
4.090000000000000000e+02 
4.080000000000000000e+02 
0
-1
-1
408.0
-1.684749576426338
0.2976126866921346
3.1396175174845657
388.0
4.100000000000000000e+02 
4.090000000000000000e+02 
0
-1
-1
409.0
-1.7168109568066074
0.29640419499160797
3.139709499023947
389.0
4.110000000000000000e+02 
4.100000000000000000e+02 
0
-1
-1
410.0
-1.7490946026767258
0.2954168660203207
3.117094852517405
390.0
4.120000000000000000e+02 
4.110000000000000000e+02 
0
-1
-1
411.0
-1.776241672405833
0.29466158288802613
3.1136231448927028
391.0
4.130000000000000000e+02 
4.120000000000000000e+02 
0
-1
-1
412.0
-1.8084404884542602
0.2937057134757736
3.1398439261139517
392.0
4.140000000000000000e+02 
4.130000000000000000e+02 
0
-1
-1
413.0
-1.8355521502892889
0.2916116262927663
-3.0979285776446295
393.0
4.150000000000000000e+02 
4.140000000000000000e+02 
0
-1
-1
414.0
-1.877497250951174
0.2873512540699054
-3.0263242351617476
394.0
4.160000000000000000e+02 
4.150000000000000000e+02 
0
-1
-1
415.0
-1.9045347450464394
0.2819496532628777
-2.961728853449452
395.0
4.170000000000000000e+02 
4.160000000000000000e+02 
0
-1
-1
416.0
-1.9345540537143608
0.27415307576967995
-2.865692949645217
396.0
4.180000000000000000e+02 
4.170000000000000000e+02 
0
-1
-1
417.0
-1.9604266202554819
0.2650022358450068
-2.8063670592878176
397.0
4.190000000000000000e+02 
4.180000000000000000e+02 
0
-1
-1
418.0
-1.9909648902277879
0.252799236958716
-2.740001737961495
398.0
4.200000000000000000e+02 
4.190000000000000000e+02 
0
-1
-1
419.0
-1.9993628232128302
0.247700500458683
-2.6710975635231655
399.0
4.210000000000000000e+02 
4.200000000000000000e+02 
0
-1
-1
420.0
-2.0075701517047397
0.24215407366704994
-2.6030551389095793
313.0
4.220000000000000000e+02 
4.210000000000000000e+02 
0
-1
-1
421.0
-2.022462759885361
0.2322335239549435
-2.5629750954711055
314.0
4.230000000000000000e+02 
4.220000000000000000e+02 
0
-1
-1
422.0
-2.0429369651068097
0.21809278818583588
-2.4889080967181547
315.0
4.240000000000000000e+02 
4.230000000000000000e+02 
0
-1
-1
423.0
-2.0579042536951153
0.20486130561751587
-2.350204842297659
316.0
4.250000000000000000e+02 
4.240000000000000000e+02 
0
-1
-1
424.0
-2.066904797523591
0.19508465169426703
-2.2577660719453707
317.0
4.260000000000000000e+02 
4.250000000000000000e+02 
0
-1
-1
425.0
-2.0858939518159363
0.17235984376616986
-2.1828425690912714
318.0
4.270000000000000000e+02 
4.260000000000000000e+02 
0
-1
-1
426.0
-2.1019429905767337
0.13658698639633085
-1.3962973179526812
319.0
4.290000000000000000e+02 
4.280000000000000000e+02 
0
-1
-1
427.0
-2.1102612718497458
0.10730165833793584
-1.6863051784012708
400.0
4.310000000000000000e+02 
4.300000000000000000e+02 
0
-1
-1
428.0
-2.072389137207769
-0.5246014823589372
-1.6635994310465283
401.0
4.330000000000000000e+02 
4.320000000000000000e+02 
0
-1
-1
429.0
-2.0757769886545097
-0.5760783502569561
-1.6612812299687956
402.0
4.340000000000000000e+02 
4.330000000000000000e+02 
0
-1
-1
430.0
-2.078173419758002
-0.617801149667048
-1.6589686119880485
403.0
4.350000000000000000e+02 
4.340000000000000000e+02 
0
-1
-1
431.0
-2.0792248719241155
-0.6445792307028786
-1.6444112415566605
404.0
4.360000000000000000e+02 
4.350000000000000000e+02 
0
-1
-1
432.0
-2.0798495533233474
-0.6712303162987072
-1.6307588863102045
405.0
4.370000000000000000e+02 5.750000000000000000e+02 
4.360000000000000000e+02 5.740000000000000000e+02 
0
-1
-1
433.0
-2.0798865012703116
-0.6865124611933016
-1.5632125970575732
406.0
4.380000000000000000e+02 5.770000000000000000e+02 
4.370000000000000000e+02 5.760000000000000000e+02 
0
-1
-1
434.0
-2.0802623540711287
-0.7041886668042459
-1.5586059613351666
407.0
4.390000000000000000e+02 
4.380000000000000000e+02 5.780000000000000000e+02 
0
-1
-1
435.0
-2.079445375860288
-0.7180680996290321
-1.5358390273807023
408.0
4.400000000000000000e+02 
4.390000000000000000e+02 
0
-1
-1
436.0
-2.078691654190597
-0.7273403023988105
-1.5133624427087815
409.0
4.410000000000000000e+02 
4.400000000000000000e+02 
0
-1
-1
437.0
-2.077796034035078
-0.7365517914122863
-1.4996400668982337
410.0
4.420000000000000000e+02 5.790000000000000000e+02 
4.410000000000000000e+02 
0
-1
-1
438.0
-2.0770882932293295
-0.746307612777462
-1.4049140476301698
411.0
4.430000000000000000e+02 
4.420000000000000000e+02 5.800000000000000000e+02 
0
-1
-1
439.0
-2.075722059967981
-0.7452244899550345
-1.2781371344093615
412.0
4.440000000000000000e+02 
4.430000000000000000e+02 
0
-1
-1
440.0
-2.0724166184033854
-0.7540160964932988
-1.2556810883022291
413.0
4.450000000000000000e+02 
4.440000000000000000e+02 
0
-1
-1
441.0
-2.070528995429858
-0.7582196728777592
-1.2471789013835175
414.0
4.460000000000000000e+02 
4.450000000000000000e+02 
0
-1
-1
442.0
-2.067074608735937
-0.7666412865078217
-1.2273304881165878
415.0
4.470000000000000000e+02 
4.460000000000000000e+02 
0
-1
-1
443.0
-2.0634291098492663
-0.7751519375654803
-1.2135857770744718
416.0
4.480000000000000000e+02 
4.470000000000000000e+02 
0
-1
-1
444.0
-2.059505711244365
-0.7837689316970899
-1.1902946995251018
417.0
4.490000000000000000e+02 
4.480000000000000000e+02 
0
-1
-1
445.0
-2.0573263145544214
-0.7876965167967809
-1.1774571929048925
418.0
4.500000000000000000e+02 
4.490000000000000000e+02 
0
-1
-1
446.0
-2.055247092594831
-0.7912307533499564
-1.127073193403473
419.0
4.510000000000000000e+02 
4.500000000000000000e+02 
0
-1
-1
447.0
-2.0548852672223052
-0.7907110079531271
-1.0295926452698654
420.0
4.520000000000000000e+02 
4.510000000000000000e+02 
0
-1
-1
448.0
-2.0433071599807726
-0.8057112461137348
-0.9321654898299269
421.0
4.530000000000000000e+02 5.810000000000000000e+02 
4.520000000000000000e+02 
0
-1
-1
449.0
-2.025256113076882
-0.8294080539782798
-0.8707051923414642
422.0
4.540000000000000000e+02 
4.530000000000000000e+02 
0
-1
-1
450.0
-2.005103960881131
-0.8514903949446202
-0.8017415904169536
423.0
4.550000000000000000e+02 
4.540000000000000000e+02 
0
-1
-1
451.0
-1.9798890832312206
-0.8755366491317338
-0.7301813934163568
424.0
4.560000000000000000e+02 
4.550000000000000000e+02 
0
-1
-1
452.0
-1.9450781616442465
-0.9036193785489113
-0.6245745960519039
425.0
4.570000000000000000e+02 
4.560000000000000000e+02 
0
-1
-1
453.0
-1.907949462197029
-0.9278575482765946
-0.54947119669742
426.0
4.580000000000000000e+02 
4.570000000000000000e+02 
0
-1
-1
454.0
-1.8736343781080942
-0.9482148997925058
-0.5276711951257698
427.0

4.580000000000000000e+02 
0
-1
-1
455
-1.0238271203604519
0.6145045432351595
0.7164676327984181
428
4.590000000000000000e+02 

0
-1
-1
456
-1.0573508615136356
0.6121127672882446
-3.0440487318577305
428
4.600000000000000000e+02 
4.590000000000000000e+02 
0
-1
-1
457
-1.0915633969582785
0.6074627193348225
-3.0032831219345333
428
4.610000000000000000e+02 
4.600000000000000000e+02 
0
-1
-1
458
-1.1208337771699335
0.6024325611143748
-2.9801065011529877
429
4.620000000000000000e+02 
4.610000000000000000e+02 
0
-1
-1
459
-1.154684206428
0.5958943281755906
-2.963164907254564
429
4.630000000000000000e+02 
4.620000000000000000e+02 
0
-1
-1
460
-1.1885771799626852
0.5888993135869312
-2.955853945636803
429
4.640000000000000000e+02 
4.630000000000000000e+02 
0
-1
-1
461
-1.2222497348939365
0.5816602257474084
-2.9495689285615008
429
4.650000000000000000e+02 
4.640000000000000000e+02 
0
-1
-1
462
-1.2315289797852251
0.5789938932530782
-2.9485050054742405
430
4.660000000000000000e+02 
4.650000000000000000e+02 
0
-1
-1
463
-1.265111444464592
0.5712248825530645
-2.9257072766244683
430
4.670000000000000000e+02 
4.660000000000000000e+02 
0
-1
-1
464
-1.298415127745824
0.5627079585090657
-2.9204208840593417
430
4.680000000000000000e+02 
4.670000000000000000e+02 
0
-1
-1
465
-1.3074823443681947
0.5595459695497942
-2.9169410765226447
431
4.690000000000000000e+02 7.830000000000000000e+02 
4.680000000000000000e+02 
0
-1
-1
466
-1.332778463668662
0.5477922401184708
-2.898757172237542
431
4.700000000000000000e+02 
4.690000000000000000e+02 7.820000000000000000e+02 
0
-1
-1
467
-1.3530063934456438
0.5509830438009091
-2.886443215817105
432
4.710000000000000000e+02 
4.700000000000000000e+02 
0
-1
-1
468
-1.3919377598092937
0.543135027140716
-2.866248373975846
433
4.720000000000000000e+02 
4.710000000000000000e+02 
0
-1
-1
469
-1.4304455380788155
0.5345803825081803
-2.8452168843802466
433
4.730000000000000000e+02 
4.720000000000000000e+02 
0
-1
-1
470
-1.4403861930536368
0.533932640595465
-2.837350583616309
434
4.740000000000000000e+02 7.890000000000000000e+02 
4.730000000000000000e+02 7.880000000000000000e+02 
0
-1
-1
471
-1.4651878791282362
0.5284446719558255
-2.824254710173407
434
4.750000000000000000e+02 
4.740000000000000000e+02 
0
-1
-1
472
-1.4822560065354857
0.5248415667383718
-2.8068498405300026
435
4.760000000000000000e+02 7.910000000000000000e+02 
4.750000000000000000e+02 7.900000000000000000e+02 
0
-1
-1
473
-1.5065459042415679
0.5167764125362286
-2.760229455041334
435
4.770000000000000000e+02 
4.760000000000000000e+02 
0
-1
-1
474
-1.5374794926315496
0.5087150504804345
-2.7280896074266714
436
4.780000000000000000e+02 
4.770000000000000000e+02 7.910000000000000000e+02 
0
-1
-1
475
-1.5767373801122613
0.49565493927489523
-2.6829704878890466
436
4.790000000000000000e+02 
4.780000000000000000e+02 
0
-1
-1
476
-1.6151592778599264
0.48117420134894956
-2.6396222917554875
436
4.800000000000000000e+02 
4.790000000000000000e+02 
0
-1
-1
477
-1.6311020863695864
0.47794319029121346
-2.6330445115350862
437
4.810000000000000000e+02 
4.800000000000000000e+02 
0
-1
-1
478
-1.6682532941039825
0.4620175058864894
-2.598635938530962
437
4.820000000000000000e+02 
4.810000000000000000e+02 
0
-1
-1
479
-1.6794864409970327
0.4607788490462135
-2.587794695599378
438
4.830000000000000000e+02 
4.820000000000000000e+02 
0
-1
-1
480
-1.7153373440283515
0.4432510393094098
-2.5447182967077335
438
4.840000000000000000e+02 
4.830000000000000000e+02 
0
-1
-1
481
-1.7339699968886664
0.4362618970190336
-2.533153727710242
439
4.850000000000000000e+02 
4.840000000000000000e+02 
0
-1
-1
482
-1.7678999031922937
0.41667973723242047
-2.458797542060335
439
4.860000000000000000e+02 
4.850000000000000000e+02 
0
-1
-1
483
-1.800091700954221
0.39533033100527537
-2.408995964978635
439
4.870000000000000000e+02 
4.860000000000000000e+02 
0
-1
-1
484
-1.8095701033219251
0.39324682985570236
-2.398444999832955
440
4.880000000000000000e+02 
4.870000000000000000e+02 
0
-1
-1
485
-1.8611829306366743
0.35384977282405483
-2.383196523434105
306
4.900000000000000000e+02 
4.890000000000000000e+02 
0
-1
-1
486
-1.8780141778930988
0.34050725820155253
-2.382348574245955
307
4.910000000000000000e+02 
4.900000000000000000e+02 
0
-1
-1
487
-1.9055036693815457
0.31710983244035884
-2.3933180451949707
308
4.920000000000000000e+02 
4.910000000000000000e+02 
0
-1
-1
488
-1.9294411141952643
0.2973689340490877
-2.408394796160486
309
4.930000000000000000e+02 
4.920000000000000000e+02 
0
-1
-1
489
-1.946227425650831
0.2844582714585989
-2.418152112542258
310
4.940000000000000000e+02 
4.930000000000000000e+02 
0
-1
-1
490
-1.9669723639302417
0.2682973667634668
-2.4331691143891203
311
4.950000000000000000e+02 
4.940000000000000000e+02 
0
-1
-1
491
-1.98390571061024
0.25579659912826674
-2.453518245982995
312
4.960000000000000000e+02 
4.950000000000000000e+02 
0
-1
-1
492
-2.009041805392912
0.23974894675311603
-2.502188763973886
313
4.980000000000000000e+02 
4.970000000000000000e+02 
0
-1
-1
493
-2.0290356803686267
0.2269817415589777
-2.507116180499846
314
4.990000000000000000e+02 
4.980000000000000000e+02 
0
-1
-1
494
-2.0491292993169523
0.21437072036066368
-2.516719761156905
315
5.000000000000000000e+02 
4.990000000000000000e+02 
0
-1
-1
495
-2.08477397967161
0.18983387045249106
-2.4955745989391813
315
5.010000000000000000e+02 
5.000000000000000000e+02 
0
-1
-1
496
-2.0885982754830223
0.18870434492727578
-2.4927846616427423
440
5.020000000000000000e+02 
5.010000000000000000e+02 
0
-1
-1
497
-2.115963259141493
0.16954486330583615
-2.4860381847308965
441
5.030000000000000000e+02 
5.020000000000000000e+02 
0
-1
-1
498
-2.1391464316347797
0.15338587468319992
-2.482941632666866
442
5.040000000000000000e+02 
5.030000000000000000e+02 
0
-1
-1
499
-2.1602926876395427
0.13984247626650756
-2.5244650789980154
443
5.050000000000000000e+02 
5.040000000000000000e+02 
0
-1
-1
500
-2.180189985728168
0.12737003114531137
-2.525044844779251
444
5.060000000000000000e+02 
5.050000000000000000e+02 
0
-1
-1
501
-2.195719540878551
0.11745137059748428
-2.498611160932708
445
5.070000000000000000e+02 
5.060000000000000000e+02 
0
-1
-1
502
-2.2109820257521324
0.10739723653475508
-2.4940603693001524
446
5.080000000000000000e+02 
5.070000000000000000e+02 
0
-1
-1
503
-2.226196478700351
0.09733170902422225
-2.4938879546771746
447
5.090000000000000000e+02 
5.080000000000000000e+02 
0
-1
-1
504
-2.2374734724991465
0.09023212279349821
-2.5007743167413334
448
5.100000000000000000e+02 
5.090000000000000000e+02 
0
-1
-1
505
-2.2528107700947766
0.08051552728756264
-2.5199023293544087
449
5.110000000000000000e+02 
5.100000000000000000e+02 
0
-1
-1
506
-2.2685240844578267
0.07121171766326442
-2.560900269854382
450
5.120000000000000000e+02 
5.110000000000000000e+02 
0
-1
-1
507
-2.2845966592019256
0.062411998879499594
-2.587917182435289
451
5.130000000000000000e+02 
5.120000000000000000e+02 
0
-1
-1
508
-2.2965228561269
0.05655465191136328
-2.600177552422805
452
5.140000000000000000e+02 
5.130000000000000000e+02 
0
-1
-1
509
-2.3084633311156675
0.05086425532737944
-2.6124047037857974
453
5.150000000000000000e+02 
5.140000000000000000e+02 
0
-1
-1
510
-2.320519094873336
0.045316735935726646
-2.622896959544012
454
5.160000000000000000e+02 
5.150000000000000000e+02 
0
-1
-1
511
-2.3325574603668855
0.03988207982217848
-2.6351531124223535
455
5.170000000000000000e+02 
5.160000000000000000e+02 
0
-1
-1
512
-2.3446692051476568
0.03451576765993715
-2.635222153061476
456
5.180000000000000000e+02 
5.170000000000000000e+02 
0
-1
-1
513
-2.352464925366086
0.03150725243314691
-2.6361709365108394
457
5.190000000000000000e+02 
5.180000000000000000e+02 
0
-1
-1
514
-2.360068020658627
0.028598490557004117
-2.635381224468097
458
5.200000000000000000e+02 
5.190000000000000000e+02 
0
-1
-1
515
-2.363574616198058
0.027923259903360503
-2.633765491698532
459
5.210000000000000000e+02 
5.200000000000000000e+02 
0
-1
-1
516
-2.3675657330072397
0.026917163067655146
-2.482919839030584
460
5.220000000000000000e+02 
5.210000000000000000e+02 
0
-1
-1
517
-2.366575036198621
0.028707260988690305
-2.3870572587818777
461
5.230000000000000000e+02 
5.220000000000000000e+02 
0
-1
-1
518
-2.365569546585463
0.03049756936661991
-2.288603459993736
462
5.240000000000000000e+02 
5.230000000000000000e+02 
0
-1
-1
519
-2.364519148045825
0.03232746274225249
-2.141295862243117
463
5.250000000000000000e+02 
5.240000000000000000e+02 
0
-1
-1
520
-2.3635369045388845
0.034032226453260345
-1.9930948219463793
464
5.260000000000000000e+02 
5.250000000000000000e+02 
0
-1
-1
521
-2.36247419050742
0.03587093325179318
-1.8938115541209295
465
5.270000000000000000e+02 
5.260000000000000000e+02 
0
-1
-1
522
-2.3614161532232023
0.03766353867484094
-1.7971352926724875
466
5.280000000000000000e+02 
5.270000000000000000e+02 
0
-1
-1
523
-2.360356248819425
0.03940832182807097
-1.651555816200712
467
5.290000000000000000e+02 
5.280000000000000000e+02 
0
-1
-1
524
-2.3592795526188386
0.04120394325408813
-1.262526859520377
467
5.300000000000000000e+02 
5.290000000000000000e+02 
0
-1
-1
525
-2.358210595144332
0.043047792359485436
-1.163264458078029
468
5.310000000000000000e+02 
5.300000000000000000e+02 
0
-1
-1
526
-2.3570906905929863
0.04480247255263975
-1.064858675360274
469
5.320000000000000000e+02 
5.310000000000000000e+02 
0
-1
-1
527
-2.356014151335663
0.04664373499225416
-0.965608792387405
470
5.330000000000000000e+02 
5.320000000000000000e+02 
0
-1
-1
528
-2.3549650729667384
0.04852175915418845
-0.8654644259193089
471
5.340000000000000000e+02 
5.330000000000000000e+02 
0
-1
-1
529
-2.353842746350179
0.05032512650791233
-0.7679253317702015
472
5.350000000000000000e+02 
5.340000000000000000e+02 
0
-1
-1
530
-2.3526368288313293
0.05206409565224951
-0.7192979046116487
473
5.360000000000000000e+02 
5.350000000000000000e+02 
0
-1
-1
531
-2.3514973864767277
0.05387091678662019
-0.6209198356786636
474
5.370000000000000000e+02 
5.360000000000000000e+02 
0
-1
-1
532
-2.3503493359719556
0.05567948116035838
-0.5216963481484215
475
5.380000000000000000e+02 
5.370000000000000000e+02 
0
-1
-1
533
-2.3491925472702806
0.05748977996775779
-0.4215776519562059
476
5.390000000000000000e+02 
5.380000000000000000e+02 
0
-1
-1
534
-2.348026817935767
0.05930178954318521
-0.3223638338978172
477
5.400000000000000000e+02 
5.390000000000000000e+02 
0
-1
-1
535
-2.332403832693978
0.05673028538786982
-0.2780996783378501
478
5.410000000000000000e+02 
5.400000000000000000e+02 
0
-1
-1
536
-2.325665224044144
0.05705702298668536
-0.08467830975531587
479
5.420000000000000000e+02 
5.410000000000000000e+02 
0
-1
-1
537
-2.310178513802547
0.0593165731575918
0.044240042747893504
480
5.430000000000000000e+02 
5.420000000000000000e+02 
0
-1
-1
538
-2.2855435491572003
0.061638010053586656
-0.03538904143224908
479
5.440000000000000000e+02 
5.430000000000000000e+02 
0
-1
-1
539
-2.264242936813682
0.061000612795991574
-0.17347194245444053
478
5.450000000000000000e+02 
5.440000000000000000e+02 
0
-1
-1
540
-2.249933430514342
0.05971572009938467
-0.26532328287101903
481
5.460000000000000000e+02 
5.450000000000000000e+02 
0
-1
-1
541
-2.2391787293023855
0.05846472417157663
-0.3336374445193898
482
5.470000000000000000e+02 
5.460000000000000000e+02 
0
-1
-1
542
-2.2255780044009255
0.05522082711452951
-0.4194025178148468
483
5.480000000000000000e+02 
5.470000000000000000e+02 
0
-1
-1
543
-2.209187544639536
0.04907839537547083
-0.5278680696459229
484
5.490000000000000000e+02 
5.480000000000000000e+02 
0
-1
-1
544
-2.194085074891513
0.04145183090639841
-0.6441400343748285
485
5.500000000000000000e+02 
5.490000000000000000e+02 
0
-1
-1
545
-2.1825189504426787
0.03459132504731163
-0.7325250251397213
486
5.510000000000000000e+02 
5.500000000000000000e+02 
0
-1
-1
546
-2.1583755017823103
0.011979277235134311
-0.8313935601518416
486
5.520000000000000000e+02 
5.510000000000000000e+02 
0
-1
-1
547
-2.1496098287264234
0.005156895907356418
-0.8857986840522158
487
5.530000000000000000e+02 
5.520000000000000000e+02 
0
-1
-1
548
-2.138562721203866
-0.006674590386376923
-0.996051695571281
488
5.540000000000000000e+02 
5.530000000000000000e+02 
0
-1
-1
549
-2.1217080436005755
-0.032060619234247176
-1.060901477402168
489
5.550000000000000000e+02 
5.540000000000000000e+02 
0
-1
-1
550
-2.1111563788662444
-0.05007183353033965
-1.173815292143625
490
5.560000000000000000e+02 
5.550000000000000000e+02 
0
-1
-1
551
-2.0995986732948753
-0.0744513750690012
-1.2631326916587442
326
5.570000000000000000e+02 
5.560000000000000000e+02 
0
-1
-1
552
-2.0762541740770537
-0.16974378805892443
-1.2766563131139625
326
5.590000000000000000e+02 
5.580000000000000000e+02 
0
-1
-1
553
-2.0727174357480123
-0.1904410359567933
-1.3591141794861916
327
5.600000000000000000e+02 
5.590000000000000000e+02 
0
-1
-1
554
-2.0653324852830712
-0.23742037207099298
-1.3822486561827323
327
5.610000000000000000e+02 
5.600000000000000000e+02 
0
-1
-1
555
-2.064453311935444
-0.2500660202788528
-1.3788034092156396
328
5.620000000000000000e+02 
5.610000000000000000e+02 
0
-1
-1
556
-2.0610063230215836
-0.2896342793650828
-1.427256964685339
329
5.640000000000000000e+02 
5.630000000000000000e+02 
0
-1
-1
557
-2.05904023594052
-0.3115821166470246
-1.4637613533831983
330
5.650000000000000000e+02 
5.640000000000000000e+02 
0
-1
-1
558
-2.0563407877635402
-0.3583440348255522
-1.5133115473790317
330
5.660000000000000000e+02 
5.650000000000000000e+02 
0
-1
-1
559
-2.056399984892848
-0.3655070866191409
-1.5140698107625061
331
5.670000000000000000e+02 
5.660000000000000000e+02 
0
-1
-1
560
-2.056285287287698
-0.4272651628766766
-1.572536897916971
332
5.680000000000000000e+02 
5.670000000000000000e+02 
0
-1
-1
561
-2.0582738299066357
-0.47415879493316265
-1.6012057796555064
333
5.690000000000000000e+02 
5.680000000000000000e+02 
0
-1
-1
562
-2.0618633696185613
-0.525685994452617
-1.6254273338568428
333
5.700000000000000000e+02 
5.690000000000000000e+02 
0
-1
-1
563
-2.0632878287451155
-0.5377723934617682
-1.6208916555509931
401
5.710000000000000000e+02 
5.700000000000000000e+02 
0
-1
-1
564
-2.0684800109618737
-0.5827600950089777
-1.7018425620650866
402
5.720000000000000000e+02 
5.710000000000000000e+02 
0
-1
-1
565
-2.074768387610213
-0.6245411871297362
-1.6781020448955286
403
5.730000000000000000e+02 
5.720000000000000000e+02 
0
-1
-1
566
-2.0783336107556627
-0.6514889128739765
-1.6499938680485577
404
5.740000000000000000e+02 
5.730000000000000000e+02 
0
-1
-1
567
-2.0801330072554833
-0.676565530429891
-1.5565544714728738
405
5.760000000000000000e+02 
5.750000000000000000e+02 
0
-1
-1
568
-2.0803369910876994
-0.6942390419667972
-1.5925379537214384
406
5.780000000000000000e+02 
5.770000000000000000e+02 
0
-1
-1
569
-2.077032113445524
-0.7467036479171801
-1.4479538328545547
410
5.800000000000000000e+02 
5.790000000000000000e+02 
0
-1
-1
570
-2.0338634226953327
-0.8167457461762653
-0.8978549467456564
421
5.820000000000000000e+02 
5.810000000000000000e+02 
0
-1
-1
571
-2.0238216602514933
-0.8276164421981915
-0.8579480264269326
422
5.830000000000000000e+02 
5.820000000000000000e+02 
0
-1
-1
572
-1.9997176654672328
-0.851914765988649
-0.7777473323533951
423
5.840000000000000000e+02 
5.830000000000000000e+02 
0
-1
-1
573
-1.977370946982149
-0.8710731004935175
-0.7065660642447293
424
5.850000000000000000e+02 
5.840000000000000000e+02 
0
-1
-1
574
-1.945708891517727
-0.8944948424002486
-0.615771607796215
425
5.860000000000000000e+02 
5.850000000000000000e+02 
0
-1
-1
575
-1.9159989489294533
-0.9125229837786327
-0.5222226554828239
426
5.870000000000000000e+02 
5.860000000000000000e+02 
0
-1
-1
576
-1.871882379861752
-0.9349161070948889
-0.4630358919543115
427
5.880000000000000000e+02 
5.870000000000000000e+02 
0
-1
-1
577
-1.8284348125369703
-0.9555102885849192
-0.5376644135943538
345
5.890000000000000000e+02 
5.880000000000000000e+02 
0
-1
-1
578
-1.8167027997492298
-0.9620565476408547
-0.5697471457355587
491
5.900000000000000000e+02 
5.890000000000000000e+02 
0
-1
-1
579
-1.7829299157955916
-0.9821137735260941
-0.5530420713463968
491
5.910000000000000000e+02 
5.900000000000000000e+02 
0
-1
-1
580
-1.76993353528319
-0.9891894986829861
-0.5529394742339587
492
5.920000000000000000e+02 
5.910000000000000000e+02 
0
-1
-1
581
-1.7451210916255835
-1.0055829298996088
-0.6177464565478024
493
5.930000000000000000e+02 
5.920000000000000000e+02 
0
-1
-1
582
-1.7168792352785935
-1.0251663438681646
-0.6859327171161692
493
5.940000000000000000e+02 
5.930000000000000000e+02 
0
-1
-1
583
-1.7127223297385883
-1.0275476067601157
-0.6844261375250974
494
5.950000000000000000e+02 
5.940000000000000000e+02 
0
-1
-1
584
-1.6893991645804545
-1.0449508663607256
-0.6624064235540453
495
5.960000000000000000e+02 
5.950000000000000000e+02 
0
-1
-1
585
-1.6616063209241967
-1.0654071261377676
-0.6568509237360646
496
5.970000000000000000e+02 
5.960000000000000000e+02 
0
-1
-1
586
-1.6338963534895004
-1.0859727505440087
-0.6678385133216438
497
5.980000000000000000e+02 
5.970000000000000000e+02 
0
-1
-1
587
-1.6065961228909758
-1.1068180447414284
-0.6814719716684258
498
5.990000000000000000e+02 
5.980000000000000000e+02 
0
-1
-1
588
-1.5871236761156475
-1.1218393477194708
-0.6979767481888567
499
6.000000000000000000e+02 
5.990000000000000000e+02 
0
-1
-1
589
-1.5604792297990802
-1.1437147696654302
-0.7239515490514656
500
6.010000000000000000e+02 
6.000000000000000000e+02 
0
-1
-1
590
-1.5380407126727396
-1.1627312380753039
-0.7387367472995473
501
6.020000000000000000e+02 
6.010000000000000000e+02 
0
-1
-1
591
-1.5232317399811952
-1.175279030852576
-0.7484447257614886
502
6.030000000000000000e+02 
6.020000000000000000e+02 
0
-1
-1
592
-1.5012399843481194
-1.1951550464043579
-0.768544677302975
503
6.040000000000000000e+02 
6.030000000000000000e+02 
0
-1
-1
593
-1.4796361934622027
-1.2152913949585837
-0.7877147946889457
504
6.050000000000000000e+02 
6.040000000000000000e+02 
0
-1
-1
594
-1.4619201887990836
-1.2321781759099135
-0.8000150829507886
505
6.060000000000000000e+02 
6.050000000000000000e+02 
0
-1
-1
595
-1.441091177706212
-1.2527371137971115
-0.8087289091096374
506
6.070000000000000000e+02 
6.060000000000000000e+02 
0
-1
-1
596
-1.3963331417407
-1.2981363977140585
-0.8326794839391578
173
6.090000000000000000e+02 
6.080000000000000000e+02 
0
-1
-1
597
-1.3894865054626488
-1.3051978411688734
-0.834503013673937
174
6.100000000000000000e+02 
6.090000000000000000e+02 
0
-1
-1
598
-1.3759121031668031
-1.3197297123131322
-0.8397913006691665
175
6.110000000000000000e+02 
6.100000000000000000e+02 
0
-1
-1
599
-1.362569333580492
-1.3341383658529096
-0.8432829518684559
176
6.120000000000000000e+02 
6.110000000000000000e+02 
0
-1
-1
600
-1.3485680573366516
-1.3490121599116223
-0.8549928024012505
177
6.140000000000000000e+02 
6.130000000000000000e+02 
0
-1
-1
601
-1.3412125787267883
-1.3568415364941182
-0.8545690794915696
178
6.150000000000000000e+02 
6.140000000000000000e+02 
0
-1
-1
602
-1.3274039766542634
-1.37198477583793
-0.8488487961999405
179
6.160000000000000000e+02 
6.150000000000000000e+02 
0
-1
-1
603
-1.3133379263699587
-1.3869034337830672
-0.8318521007409154
180
6.170000000000000000e+02 
6.160000000000000000e+02 
0
-1
-1
604
-1.2956591943339333
-1.405570355029514
-0.8287422643224736
181
6.180000000000000000e+02 
6.170000000000000000e+02 
0
-1
-1
605
-1.2807096047380138
-1.4209441015053654
-0.8171580342130462
182
6.200000000000000000e+02 
6.190000000000000000e+02 
0
-1
-1
606
-1.266538019041906
-1.4358078700096306
-0.8022025851657825
183
6.210000000000000000e+02 
6.200000000000000000e+02 
0
-1
-1
607
-1.2485095522018472
-1.4541190102319246
-0.7792466491655056
184
6.220000000000000000e+02 
6.210000000000000000e+02 
0
-1
-1
608
-1.2302032601954607
-1.4719535456525679
-0.7563431828509877
185
6.230000000000000000e+02 
6.220000000000000000e+02 
0
-1
-1
609
-1.2166924784951059
-1.483811394800426
-0.6999558124137018
186
6.250000000000000000e+02 
6.240000000000000000e+02 
0
-1
-1
610
-1.2021127436500045
-1.494225897929917
-0.7000273772945287
187
6.270000000000000000e+02 
6.260000000000000000e+02 
0
-1
-1
611
-1.1851584380487998
-1.5063050764967338
-0.6818131039395814
507
6.280000000000000000e+02 
6.270000000000000000e+02 
0
-1
-1
612
-1.1640155604650648
-1.5208373342185113
-0.6418159048675534
508
6.290000000000000000e+02 
6.280000000000000000e+02 
0
-1
-1
613
-1.1465006644572395
-1.5317164134743035
-0.6089516686802232
509
6.300000000000000000e+02 
6.290000000000000000e+02 
0
-1
-1
614
-1.12424836435116
-1.5447155163671122
-0.5630682720209892
510
6.310000000000000000e+02 
6.300000000000000000e+02 
0
-1
-1
615
-1.1100128650497516
-1.5517924303759794
-0.5330013946149162
511
6.320000000000000000e+02 
6.310000000000000000e+02 
0
-1
-1
616
-1.1035325852118922
-1.5540239092575763
-0.3659332134680376
512
6.330000000000000000e+02 
6.320000000000000000e+02 
0
-1
-1
617
-1.0877540999453759
-1.557801972518661
-0.2870221636817445
513
6.340000000000000000e+02 
6.330000000000000000e+02 
0
-1
-1
618
-1.0766343375341423
-1.5599056645642375
-0.2665212324763744
514
6.350000000000000000e+02 
6.340000000000000000e+02 
0
-1
-1
619
-1.0654626028538567
-1.56184785206444
-0.24776596120965266
515
6.360000000000000000e+02 
6.350000000000000000e+02 
0
-1
-1
620
-1.0443035832602274
-1.5656931137407284
-0.1976006450918646
516
6.370000000000000000e+02 
6.360000000000000000e+02 
0
-1
-1
621
-1.020360468973522
-1.5636840014498752
0.10891829896495996
289
6.390000000000000000e+02 
6.380000000000000000e+02 
0
-1
-1
622
-1.0091159745451368
-1.5618708340281775
0.13258856953610318
290
6.400000000000000000e+02 
6.390000000000000000e+02 
0
-1
-1
623
-0.9929645528176101
-1.5590032709806199
0.17024191087188056
291
6.410000000000000000e+02 
6.400000000000000000e+02 
0
-1
-1
624
-0.9723036521418421
-1.554613782766515
0.21137814638563296
292
6.420000000000000000e+02 
6.410000000000000000e+02 
0
-1
-1
625
-0.9518202306872929
-1.5493928838943187
0.25853677113468204
293
6.430000000000000000e+02 
6.420000000000000000e+02 
0
-1
-1
626
-0.9221678352952113
-1.5403462746764864
0.3156447677300537
294
6.440000000000000000e+02 
6.430000000000000000e+02 
0
-1
-1
627
-0.9019456142757822
-1.5331499971918747
0.35234225745629594
295
6.450000000000000000e+02 
6.440000000000000000e+02 
0
-1
-1
628
-0.8593415944888426
-1.5155029663289037
0.4185148988929193
296
6.460000000000000000e+02 
6.450000000000000000e+02 
0
-1
-1
629
-0.8310811094479142
-1.5023459929424576
0.4536537237801247
297
6.470000000000000000e+02 
6.460000000000000000e+02 
0
-1
-1
630
-0.7899776223840834
-1.481203154163755
0.49252353057495635
297
6.480000000000000000e+02 
6.470000000000000000e+02 
0
-1
-1
631
-0.7841659862094232
-1.478333544659963
0.4938633293132077
298
6.490000000000000000e+02 
6.480000000000000000e+02 
0
-1
-1
632
-0.7481143154167551
-1.4587401923549772
0.5062120695575765
299
6.500000000000000000e+02 
6.490000000000000000e+02 
0
-1
-1
633
-0.7252058024534833
-1.4460563690658126
0.521840654014694
300
6.510000000000000000e+02 
6.500000000000000000e+02 
0
-1
-1
634
-0.7024813874553077
-1.4331406086013005
0.5348032802608882
301
6.520000000000000000e+02 
6.510000000000000000e+02 
0
-1
-1
635
-0.6756188216591074
-1.4172923017892125
0.5496264565559289
302
6.530000000000000000e+02 
6.520000000000000000e+02 
0
-1
-1
636
-0.6444581532051292
-1.3985882193880157
0.5514569423618585
303
6.540000000000000000e+02 
6.530000000000000000e+02 
0
-1
-1
637
-0.6219948806892643
-1.3852013502905496
0.5514085259315465
304
6.550000000000000000e+02 
6.540000000000000000e+02 
0
-1
-1
638
-0.5825799329155681
-1.361379362632899
0.5523825210651685
304
6.560000000000000000e+02 
6.550000000000000000e+02 
0
-1
-1
639
-0.547394039946677
-1.3402138127673033
0.5532976248314642
304
6.570000000000000000e+02 
6.560000000000000000e+02 
0
-1
-1
640
-0.5203894537129647
-1.321109323795991
0.555462122469643
98
6.590000000000000000e+02 
6.580000000000000000e+02 
0
-1
-1
641
-0.47239160517755585
-1.2942974369877185
0.4213113703909808
517
6.610000000000000000e+02 
6.600000000000000000e+02 
0
-1
-1
642
-0.44205418583933687
-1.2799431349197778
0.47960283518115554
517
6.620000000000000000e+02 
6.610000000000000000e+02 
0
-1
-1
643
-0.43869952463023076
-1.2782222912010448
0.49541260367876233
518
6.630000000000000000e+02 
6.620000000000000000e+02 
0
-1
-1
644
-0.4090939363237841
-1.262380830707098
0.5305182951887993
519
6.640000000000000000e+02 
6.630000000000000000e+02 
0
-1
-1
645
-0.3931617949262661
-1.2531012294518877
0.5573708250457936
520
6.650000000000000000e+02 
6.640000000000000000e+02 
0
-1
-1
646
-0.38146717770461713
-1.245779878532482
0.5862974689891505
521
6.660000000000000000e+02 
6.650000000000000000e+02 
0
-1
-1
647
-0.3660229208443737
-1.235310835671906
0.6300378703086625
522
6.670000000000000000e+02 
6.660000000000000000e+02 
0
-1
-1
648
-0.3590914441956559
-1.2300991578942453
0.6574780687624582
523
6.680000000000000000e+02 
6.670000000000000000e+02 
0
-1
-1
649
-0.3559811121106956
-1.2275254475717083
0.8279230895209064
524
6.690000000000000000e+02 
6.680000000000000000e+02 
0
-1
-1
650
-0.3448571166376522
-1.21188559485996
0.9729153816908463
525
6.700000000000000000e+02 
6.690000000000000000e+02 
0
-1
-1
651
-0.33483530357422947
-1.1958883835880765
1.0255848255824467
526
6.710000000000000000e+02 
6.700000000000000000e+02 
0
-1
-1
652
-0.33279742753350494
-1.191397197081378
1.2501567138191012
527
6.720000000000000000e+02 
6.710000000000000000e+02 
0
-1
-1
653
-0.3237428630286814
-1.1588038670090457
1.3375741410198874
528
6.730000000000000000e+02 
6.720000000000000000e+02 
0
-1
-1
654
-0.3192025341134084
-1.133659212354361
1.5148007157403007
529
6.740000000000000000e+02 
6.730000000000000000e+02 
0
-1
-1
655
-0.32087997407638713
-1.1193352525199827
1.6608837167682866
530
6.750000000000000000e+02 
6.740000000000000000e+02 
0
-1
-1
656
-0.325994566356922
-1.0855015594734674
1.7544110955158998
530
6.760000000000000000e+02 
6.750000000000000000e+02 
0
-1
-1
657
-0.33416106795801015
-1.0521763427045117
1.8426499548371642
531
6.770000000000000000e+02 
6.760000000000000000e+02 
0
-1
-1
658
-0.3454763566554738
-1.019424918609551
1.9537053996007212
531
6.780000000000000000e+02 
6.770000000000000000e+02 
0
-1
-1
659
-0.3542937988240842
-1.001709050075703
2.0310195743827544
532
6.790000000000000000e+02 
6.780000000000000000e+02 
0
-1
-1
660
-0.3711927372662011
-0.9715146333893566
2.1028481796280794
532
6.800000000000000000e+02 
6.790000000000000000e+02 
0
-1
-1
661
-0.389276845788722
-0.9419632826203126
2.1223413875254957
532
6.810000000000000000e+02 
6.800000000000000000e+02 
0
-1
-1
662
-0.4078554915239214
-0.9124123934564337
2.124406388838665
532
6.820000000000000000e+02 
6.810000000000000000e+02 
0
-1
-1
663
-0.4262142312938505
-0.8830265144184307
2.1186462239981387
532
6.830000000000000000e+02 
6.820000000000000000e+02 
0
-1
-1
664
-0.43214780253747764
-0.8748746884639884
2.1185568400904886
533
6.840000000000000000e+02 
6.830000000000000000e+02 
0
-1
-1
665
-0.4501102422309643
-0.8452124762438595
2.097200945025832
533
6.850000000000000000e+02 
6.840000000000000000e+02 
0
-1
-1
666
-0.46293268801278475
-0.8239080201876918
2.0891258482135555
115
6.860000000000000000e+02 
6.850000000000000000e+02 
0
-1
-1
667
-0.47765810762167205
-0.7981266758779669
2.0713521349239454
116
6.870000000000000000e+02 
6.860000000000000000e+02 
0
-1
-1
668
-0.4943461906950946
-0.7676797288375329
2.059672335088363
116
6.880000000000000000e+02 
6.870000000000000000e+02 
0
-1
-1
669
-0.5084640379949616
-0.741652298270903
2.0515966486808805
117
6.890000000000000000e+02 
6.880000000000000000e+02 
0
-1
-1
670
-0.52454272163946
-0.7107999056194783
2.04087131288527
117
6.900000000000000000e+02 
6.890000000000000000e+02 
0
-1
-1
671
-0.5340005319603576
-0.6933556085392869
2.0382027956952173
118
6.910000000000000000e+02 
6.900000000000000000e+02 
0
-1
-1
672
-0.5496463360266008
-0.6624158329228824
2.0275495407836472
118
6.920000000000000000e+02 
6.910000000000000000e+02 
0
-1
-1
673
-0.5527656714791913
-0.6585176352285412
2.0399829481453473
119
6.930000000000000000e+02 
6.920000000000000000e+02 
0
-1
-1
674
-0.5681984874311998
-0.6278163032868365
2.031124774091694
119
6.940000000000000000e+02 
6.930000000000000000e+02 
0
-1
-1
675
-0.5802042185424282
-0.60456147904775
2.1871895164776634
168
6.960000000000000000e+02 
6.950000000000000000e+02 
0
-1
-1
676
-0.5965880554298223
-0.574435219005218
2.0481994354414566
169
6.970000000000000000e+02 
6.960000000000000000e+02 
0
-1
-1
677
-0.6003791031477659
-0.5495625731764923
1.8269460972518963
170
6.990000000000000000e+02 
6.980000000000000000e+02 
0
-1
-1
678
-0.608397177311218
-0.5183824700129094
1.8502532751111103
170
7.000000000000000000e+02 
6.990000000000000000e+02 
0
-1
-1
679
-0.609776840941493
-0.5055052089584084
1.7602836437738028
534
7.010000000000000000e+02 
7.000000000000000000e+02 
0
-1
-1
680
-0.6137195959315594
-0.47336433883506546
1.7521221378042382
534
7.020000000000000000e+02 
7.010000000000000000e+02 
0
-1
-1
681
-0.6159452570068321
-0.4456890736875894
1.6390573810223816
535
7.030000000000000000e+02 
7.020000000000000000e+02 
0
-1
-1
682
-0.6148447240488566
-0.41314592104350567
1.5696130114737694
535
7.040000000000000000e+02 
7.030000000000000000e+02 
0
-1
-1
683
-0.612918743358679
-0.3988548510288243
1.5373678827647692
536
7.050000000000000000e+02 
7.040000000000000000e+02 
0
-1
-1
684
-0.6008497264119256
-0.3306342094188398
1.401431623173071
2
7.070000000000000000e+02 
7.060000000000000000e+02 
0
-1
-1
685
-0.5965518653597899
-0.3107308500846927
1.3811132448749692
3
7.080000000000000000e+02 
7.070000000000000000e+02 
0
-1
-1
686
-0.5895770986345623
-0.28101540002143055
1.3458995625039876
4
7.090000000000000000e+02 
7.080000000000000000e+02 
0
-1
-1
687
-0.5807580728157049
-0.25022998222550075
1.3126136764306255
5
7.110000000000000000e+02 
7.100000000000000000e+02 
0
-1
-1
688
-0.5722015403711751
-0.22739054931712716
1.3551308193017704
6
7.130000000000000000e+02 
7.120000000000000000e+02 
0
-1
-1
689
-0.5647206379397374
-0.20594533829239264
1.3759951399204209
7
7.140000000000000000e+02 
7.130000000000000000e+02 
0
-1
-1
690
-0.5568218960498668
-0.17940332192682867
1.4102943766613176
8
7.150000000000000000e+02 
7.140000000000000000e+02 
0
-1
-1
691
-0.5509195017981792
-0.15754584943082026
1.4445582837346644
9
7.160000000000000000e+02 
7.150000000000000000e+02 
0
-1
-1
692
-0.5451338575857518
-0.13053656075500497
1.4822667406509193
10
7.170000000000000000e+02 
7.160000000000000000e+02 
0
-1
-1
693
-0.5412587468656689
-0.1084564389122797
1.5286677429722237
11
7.180000000000000000e+02 
7.170000000000000000e+02 
0
-1
-1
694
-0.531164785364025
-0.07188475790013743
1.4399353603617713
12
7.200000000000000000e+02 
7.190000000000000000e+02 
0
-1
-1
695
-0.5259319923464332
-0.049053719064425905
1.3883847362802293
13
7.220000000000000000e+02 
7.210000000000000000e+02 
0
-1
-1
696
-0.5236434079553024
-0.022463870285158765
1.5528504374276786
14
7.240000000000000000e+02 
7.230000000000000000e+02 
0
-1
-1
697
-0.5218959156214746
-0.001571719862694036
1.5422902215528802
15
7.250000000000000000e+02 
7.240000000000000000e+02 
0
-1
-1
698
-0.5191704891796357
0.04342512252359399
1.557642365432692
16
7.270000000000000000e+02 
7.260000000000000000e+02 
0
-1
-1
699
-0.5172875742659235
0.06825901201966791
1.5478560038477234
17
7.290000000000000000e+02 
7.280000000000000000e+02 
0
-1
-1
700
-0.5154331746156842
0.10150607254311275
1.5540038826629585
18
7.310000000000000000e+02 
7.300000000000000000e+02 
0
-1
-1
701
-0.5134437348243192
0.12975341366597654
1.537750176562128
19
7.330000000000000000e+02 
7.320000000000000000e+02 
0
-1
-1
702
-0.5111145240414505
0.15961226314886823
1.5201762619264036
20
7.350000000000000000e+02 
7.340000000000000000e+02 
0
-1
-1
703
-0.5086959150979873
0.18964474318916527
1.5176531339398034
21
7.370000000000000000e+02 
7.360000000000000000e+02 
0
-1
-1
704
-0.5063339977150316
0.21784123312101164
1.5148501359497915
22
7.390000000000000000e+02 
7.380000000000000000e+02 
0
-1
-1
705
-0.5043914745977169
0.24127733852702585
1.515000740408279
23
7.410000000000000000e+02 
7.400000000000000000e+02 
0
-1
-1
706
-0.5043625718665377
0.2673028445130635
1.5485942597800957
24
7.430000000000000000e+02 
7.420000000000000000e+02 
0
-1
-1
707
-0.5050626820226344
0.2924675495011094
1.5641700897521296
536
7.440000000000000000e+02 
7.430000000000000000e+02 
0
-1
-1
708
-0.5063880292972278
0.31258237009283374
1.5805792069715876
537
7.450000000000000000e+02 
7.440000000000000000e+02 
0
-1
-1
709
-0.5086811219160214
0.3473321142818486
1.6202092892466862
538
7.460000000000000000e+02 
7.450000000000000000e+02 
0
-1
-1
710
-0.5124720836590407
0.38232039236139886
1.6562933270068063
539
7.470000000000000000e+02 
7.460000000000000000e+02 
0
-1
-1
711
-0.5158978083412529
0.4026015485142884
1.6718873992801089
540
7.480000000000000000e+02 
7.470000000000000000e+02 
0
-1
-1
712
-0.5207316231927184
0.4326511758888609
1.6868695810571772
541
7.490000000000000000e+02 
7.480000000000000000e+02 
0
-1
-1
713
-0.5253495271857332
0.45277130683820194
1.7242955673864429
542
7.500000000000000000e+02 
7.490000000000000000e+02 
0
-1
-1
714
-0.5298412506309678
0.4682257841335448
1.7503159225982128
543
7.510000000000000000e+02 
7.500000000000000000e+02 
0
-1
-1
715
-0.5357733788690722
0.48831992956823733
1.782522506263153
544
7.520000000000000000e+02 
7.510000000000000000e+02 
0
-1
-1
716
-0.5413161749220935
0.5036187357176476
1.805905845738325
545
7.530000000000000000e+02 
7.520000000000000000e+02 
0
-1
-1
717
-0.5460096670527975
0.5137022524800486
1.970873893360644
546
7.540000000000000000e+02 
7.530000000000000000e+02 
0
-1
-1
718
-0.5486580124459854
0.5144800362085717
2.1243379765981385
547
7.550000000000000000e+02 
7.540000000000000000e+02 
0
-1
-1
719
-0.5513971443269766
0.5152657278911502
2.279634806724811
548
7.560000000000000000e+02 
7.550000000000000000e+02 
0
-1
-1
720
-0.5607611363987988
0.5229529847864676
2.3529181400171097
549
7.570000000000000000e+02 
7.560000000000000000e+02 
0
-1
-1
721
-0.5779127783672247
0.5378703891620175
2.391520680579203
550
7.580000000000000000e+02 
7.570000000000000000e+02 
0
-1
-1
722
-0.5848443267960249
0.54238105699068
2.5968480746558686
551
7.590000000000000000e+02 
7.580000000000000000e+02 
0
-1
-1
723
-0.6088926351195209
0.5554462960113099
2.658221104624883
552
7.600000000000000000e+02 
7.590000000000000000e+02 
0
-1
-1
724
-0.6301205433788494
0.5653595509839493
2.71515561810768
553
7.610000000000000000e+02 
7.600000000000000000e+02 
0
-1
-1
725
-0.651947050684184
0.5743843699158975
2.856026934859821
554
7.620000000000000000e+02 
7.610000000000000000e+02 
0
-1
-1
726
-0.65947943139727
0.5761066239803958
3.013489320951164
555
7.630000000000000000e+02 
7.620000000000000000e+02 
0
-1
-1
727
-0.6977307152423305
0.5801012051114804
3.1249009656323663
555
7.640000000000000000e+02 
7.630000000000000000e+02 
0
-1
-1
728
-0.706515096477229
0.5813834436581565
-3.14059977491881
556
7.650000000000000000e+02 
7.640000000000000000e+02 
0
-1
-1
729
-0.7446773340697901
0.5815325102140918
-3.0736651760242077
556
7.660000000000000000e+02 
7.650000000000000000e+02 
0
-1
-1
730
-0.7830243341048277
0.5804188270590886
-3.050328147213066
556
7.670000000000000000e+02 
7.660000000000000000e+02 
0
-1
-1
731
-0.8069804740419302
0.5800941293548624
-3.0428124995181838
557
7.680000000000000000e+02 
7.670000000000000000e+02 
0
-1
-1
732
-0.8454873842811064
0.5787365169452741
-3.049990016978718
557
7.690000000000000000e+02 
7.680000000000000000e+02 
0
-1
-1
733
-0.8843057082468575
0.5777537018444654
-3.0657922708162575
557
7.700000000000000000e+02 
7.690000000000000000e+02 
0
-1
-1
734
-0.9231462528159847
0.5774992403517394
-3.092978347032191
557
7.710000000000000000e+02 
7.700000000000000000e+02 
0
-1
-1
735
-0.9324031229991789
0.5786882398228588
-3.085609771242294
44
7.720000000000000000e+02 
7.710000000000000000e+02 
0
-1
-1
736
-0.9661447485174703
0.5807783927492144
-2.953047926732916
44
7.740000000000000000e+02 7.750000000000000000e+02 
7.730000000000000000e+02 
0
-1
-1
737
-0.9758209434903642
0.5742499290697689
-2.998511937791702
43

7.740000000000000000e+02 
0
-1
-1
738
-1.0050722269769181
0.579021426871634
-2.952164481463294
44
7.760000000000000000e+02 
7.750000000000000000e+02 
0
-1
-1
739
-1.0491867184042611
0.5764109357286535
-2.9550061297198855
44
7.770000000000000000e+02 
7.760000000000000000e+02 
0
-1
-1
740
-1.0688011820691643
0.5782614964674763
-2.9545418478877887
45
7.780000000000000000e+02 
7.770000000000000000e+02 
0
-1
-1
741
-1.1374325105790177
0.5711130702693332
-2.954222117123778
46
7.790000000000000000e+02 
7.780000000000000000e+02 
0
-1
-1
742
-1.1960259947264746
0.5656472940223121
-2.9506060167141026
47
7.800000000000000000e+02 
7.790000000000000000e+02 
0
-1
-1
743
-1.260018019089539
0.5585622759162756
-2.926327150131596
47
7.810000000000000000e+02 
7.800000000000000000e+02 
0
-1
-1
744
-1.3085456020864772
0.5535157167534254
-2.915586366953852
47
7.820000000000000000e+02 
7.810000000000000000e+02 
0
-1
-1
745
-1.325741317294971
0.5574385014609452
-2.9147868348751635
558
7.840000000000000000e+02 
7.830000000000000000e+02 
0
-1
-1
746
-1.3629511299646169
0.5501005689385957
-2.88745113620305
558
7.850000000000000000e+02 
7.840000000000000000e+02 
0
-1
-1
747
-1.3715511969273912
0.5499957532512668
-2.8867748184523783
559
7.860000000000000000e+02 
7.850000000000000000e+02 
0
-1
-1
748
-1.4084446877851682
0.5416266772947207
-2.8604813351922047
559
7.870000000000000000e+02 
7.860000000000000000e+02 
0
-1
-1
749
-1.4214924181886675
0.5398537770430922
-2.854379316423434
434
7.880000000000000000e+02 
7.870000000000000000e+02 
0
-1
-1
750
-1.458666171382415
0.5324902876662131
-2.8508517070431667
560
7.900000000000000000e+02 
7.890000000000000000e+02 
0
-1
-1
-
474.0
472.0
