0.029796401865050944
2.409759685565945
2.388410952792061
1.0
0.0
0.3
0.024998103239631645
-0.021902500633713462
-0.03935000000000022
2.0
1.0
0.5499999999999999
0.02994728651097344
-0.024542872161906093
-0.04455000000000009
3.0
2.0
0.8500000000000002
0.024549075861549315
-0.018727686234890406
-0.03145000000000042
4.0
3.0
1.1000000000000003
0.02979914794971026
-0.018787238731015066
-0.03145000000000042
5.0
4.0
1.4000000000000006
0.029849908567884227
-0.005079396931741087
-0.007800000000000029
6.0
5.0
1.7000000000000008
0.024699808718449255
-0.005096054873526601
-0.009549999999999947
7.0
6.0
1.950000000000001
0.0198
-0.0017499999999999183
-0.0017499999999999183
8.0
7.0
2.1500000000000004
0.024799993841813438
0.0021063507205929533
0.0017499999999999183
9.0
8.0
2.3999999999999995
0.019899999999999998
-0.0
-0.0
10.0
9.0
2.5999999999999988
0.024599986736938854
0.0005178858977443745
0.0026000000000001577
11.0
10.0
2.849999999999998
0.024749684969277465
0.0073205037974029
0.014800000000000146
12.0
11.0
3.099999999999997
0.02469963048488234
0.010142235680596912
0.014000000000000234
13.0
12.0
3.349999999999996
0.024799919733062073
0.008897883068008205
0.012199999999999989
14.0
13.0
3.599999999999995
0.029799861360608124
0.006530873600089748
0.01045000000000007
15.0
14.0
3.899999999999994
0.029549992438786445
1.2267340795180104e-05
0.0009000000000001229
16.0
15.0
4.199999999999993
0.030049403185104653
-0.007958776872768691
-0.020050000000000345
17.0
16.0
4.499999999999992
0.029649573000307728
-0.007129665062985069
-0.016550000000000065
18.0
17.0
4.799999999999991
0.029699162896705156
-0.013532722665875685
-0.02615000000000034
19.0
18.0
5.09999999999999
0.029698257635286582
-0.0197333867989129
-0.03575000000000017
20.0
19.0
5.399999999999989
0.024899589313908108
-0.011026006714045966
-0.01920000000000055
21.0
20.0
5.649999999999988
0.024499613651080457
-0.015391417874801583
-0.024450000000000305
22.0
21.0
5.899999999999987
0.029999232530397466
-0.012216915578930454
-0.021850000000000147
23.0
22.0
6.199999999999986
0.014950000000000001
-0.0008499999999997954
-0.0008499999999997954
24.0
23.0
6.349999999999985
0.011648020375836586
0.02071707824041802
0.04624999999999968
25.0
24.0
6.499999999999985
0.018292110636107185
0.06357995480910583
0.0959500000000002
26.0
25.0
6.749999999999984
0.026496348334311075
0.00427457846996715
0.04359999999999964
27.0
26.0
7.049999999999983
0.01674085081167168
0.06657276416298075
0.11259999999999959
28.0
27.0
7.299999999999982
0.013395174847360811
0.060793251064791054
0.09599999999999964
29.0
28.0
7.499999999999981
0.021649111811312047
0.039415752650360236
0.03229999999999977
30.0
29.0
7.7499999999999805
0.02358630083002279
0.02116644853301608
0.07765000000000022
31.0
30.0
8.04999999999998
0.010198182993185752
0.050539915174141026
0.07505000000000006
32.0
31.0
8.199999999999982
0.016740213018506898
0.07131321013878456
0.11865000000000014
33.0
32.0
8.449999999999985
0.01998519794113267
0.08190246787269606
0.13959999999999972
34.0
33.0
8.74999999999999
0.03324997448560165
0.029463759933025635
0.028799999999999493
35.0
34.0
9.099999999999994
0.031415201923851596
0.05079794175584773
0.13530000000000042
36.0
35.0
9.5
0.03939935926072971
0.012213861087198019
0.024350000000000094
37.0
36.0
9.900000000000006
0.029697530058831585
0.018162693802930008
0.03845000000000054
38.0
37.0
10.20000000000001
0.03489598025750922
0.02368193472259561
0.050650000000000084
39.0
38.0
10.550000000000015
0.02469855717162514
0.02430025661385704
0.040999999999999925
40.0
39.0
10.800000000000018
0.02494871946237394
0.025271109080689858
0.03840000000000021
41.0
40.0
11.050000000000022
0.04464332208421008
0.03356999795044757
0.062050000000000605
42.0
41.0
11.500000000000028
0.054492326008023416
0.03166887884859193
0.05850000000000044
43.0
42.0
12.050000000000036
0.0841395657844536
0.03264475219694063
0.05660000000000087
44.0
43.0
12.900000000000048
0.059348786518370535
0.013025670203675954
0.021799999999999375
45.0
44.0
13.500000000000057
0.054849358534205916
0.006162895609812757
0.013900000000000023
46.0
45.0
14.050000000000065
0.06419940457510194
0.003142195384092439
0.012199999999999989
47.0
46.0
14.700000000000074
0.0315434761223111
0.01783188025825133
0.06715000000000071
48.0
47.0
15.050000000000079
0.038241775068903645
0.075118325624556
0.1099499999999991
49.0
48.0
15.500000000000085
0.023542646808412362
0.07289986894611689
0.09244999999999992
50.0
49.0
15.80000000000009
0.029839697209322915
0.008603047349033943
0.06804999999999994
51.0
50.0
16.150000000000095
0.03709143435080732
0.07481703251327376
0.09509999999999952
52.0
51.0
16.6000000000001
0.020385595173259895
0.08239539693667419
0.13699999999999912
53.0
52.0
16.900000000000105
0.02003328212040811
0.08643120276057026
0.1448500000000008
54.0
53.0
17.20000000000011
0.02008483107286061
0.07877557430779536
0.1352000000000002
55.0
54.0
17.500000000000114
0.01664038278874574
0.07095611432816629
0.1177999999999999
56.0
55.0
17.750000000000117
0.03778442203971005
0.029224504935490003
0.07674999999999965
57.0
56.0
18.200000000000124
0.05288807162095658
0.014330756147098889
0.05320000000000036
58.0
57.0
18.800000000000132
0.07474856760074562
-0.019082774572072303
-0.016600000000000392
59.0
58.0
19.550000000000143
0.07322585237717631
0.04911358830857271
0.07945000000000046
60.0
59.0
20.300000000000153
0.046585046286526974
0.03194937100895601
0.07939999999999969
61.0
60.0
20.80000000000016
0.05701219599330966
0.017163539317777143
0.1109
62.0
61.0
21.45000000000017
0.05333077725691959
-0.004781888479104879
0.06805000000000039
63.0
62.0
22.05000000000018
0.0349983298939846
0.038253708317539825
0.05414999999999992
64.0
63.0
22.450000000000184
0.03854302089748886
0.06750431625279774
0.058400000000000674
65.0
64.0
22.90000000000019
0.07093323854991015
-0.006616914958249787
-0.04720000000000013
66.0
65.0
23.6500000000002
0.06447975507239409
-0.04675124734121017
-0.08374999999999932
67.0
66.0
24.30000000000021
0.044647608427324265
-0.019121648445398876
-0.03575000000000017
68.0
67.0
24.750000000000217
0.06959649586167396
-0.020636470254683736
-0.036599999999999966
69.0
68.0
25.450000000000227
0.0645454232224028
-0.021061264401306623
-0.041850000000000165
70.0
69.0
26.100000000000236
0.038182359801939666
0.011145624737125104
0.0785499999999999
71.0
70.0
26.550000000000242
0.04654120289528122
0.06884133625153588
0.07675000000000054
72.0
71.0
27.10000000000025
0.013445519212834593
0.06282842484007656
0.09860000000000024
73.0
72.0
27.300000000000253
0.023294418103256616
0.0645496619209096
0.07420000000000027
74.0
73.0
27.600000000000257
0.026747191846984646
-0.017039857455874774
0.014799999999999258
75.0
74.0
27.90000000000026
0.01659071315409453
0.07114472889667844
0.11865000000000059
76.0
75.0
28.150000000000265
0.03494754598682647
0.048527843695101325
0.07594999999999974
77.0
76.0
28.55000000000027
0.01649099768014528
0.07411845289747632
0.12220000000000031
78.0
77.0
28.800000000000274
0.01829994627810038
0.027465986231717032
0.02705000000000002
79.0
78.0
29.000000000000277
0.021646548230810223
-0.011047384090520751
0.025299999999999656
80.0
79.0
29.25000000000028
0.016941552027998106
0.06950107264945071
0.11345000000000027
81.0
80.0
29.500000000000284
0.013395488979400056
0.05424287473482714
0.08895000000000053
82.0
81.0
29.700000000000287
0.010198669544897253
0.04516359734532838
0.06369999999999987
83.0
82.0
29.85000000000029
0.019898440889848833
-0.02115858293322681
-0.03925000000000001
84.0
83.0
30.050000000000292
0.011697492335722159
0.01100540699978314
0.040149999999999686
85.0
84.0
30.200000000000294
0.009998138782206994
0.04477239275736622
0.06890000000000018
86.0
85.0
30.350000000000296
0.006799714035476345
0.031244860507010586
0.040149999999999686
87.0
86.0
30.450000000000298
0.006799596049999466
0.03094999999999981
0.041850000000000165
88.0
87.0
30.5500000000003
0.010147896102682052
0.04946530001365801
0.07420000000000027
89.0
88.0
30.7000000000003
0.010098289361041313
0.04556167486242835
0.0680499999999995
90.0
89.0
30.850000000000303
0.016842997983901296
0.06499798918160682
0.10470000000000024
91.0
90.0
31.100000000000307
0.01999320375769156
0.06618994083958984
0.09339999999999993
92.0
91.0
31.35000000000031
0.024696988459985206
0.028173012813881543
0.049700000000000036
93.0
92.0
31.600000000000314
0.014949541576872408
0.018446322544509064
0.02794999999999999
94.0
93.0
31.750000000000316
0.024698100335416622
0.02874221264836878
0.04539999999999998
95.0
94.0
32.00000000000032
0.02979883267844547
0.019599048611052772
0.028749999999999998
96.0
95.0
32.3000000000003
0.02454981884370199
0.014808256650688967
0.019149999999999973
97.0
96.0
32.55000000000029
0.02979984032441243
0.007536158747775551
0.012149999999999966
98.0
97.0
32.85000000000027
0.03459997078716646
-0.00040224044797371183
-0.0
99.0
98.0
33.20000000000025
0.024599840087498936
0.005725915148306698
0.011349999999999999
100.0
99.0
33.45000000000024
0.02479996439518575
0.004568346471479051
0.007000000000000006
101.0
100.0
33.70000000000022
0.019749915716588694
0.0065230380220154816
0.010399999999999965
102.0
101.0
33.90000000000021
0.024749796377182047
0.004714137757606762
0.009599999999999997
11.0
102.0
34.1500000000002
0.00495
0.7230239203707689
0.7230239203707689
103.0
11.0
34.200000000000195
0.014999937969886995
-0.07560793753443207
-0.07246510545111029
12.0
103.0
34.350000000000186
0.03454999361595166
2.4414652944035953
2.4417109527920613
105.0
104.0
0.35
0.02358456015338549
0.04183964700436693
0.10119999999999951
106.0
105.0
0.65
0.03309944944854588
0.004667259736255147
0.018349999999999866
107.0
106.0
1.0000000000000002
0.013346714761946135
0.05485285493984238
0.08289999999999997
108.0
107.0
1.2000000000000004
0.036595744577348814
0.011777564016521858
0.054999999999999716
109.0
108.0
1.6000000000000008
0.02337308744760525
0.09388727542378295
0.16759999999999975
110.0
109.0
1.950000000000001
0.023292790832341058
0.06914032698472328
0.10374999999999934
111.0
110.0
2.25
0.04834767439133472
0.052678189116797114
0.12130000000000019
112.0
111.0
2.799999999999998
0.034749728530344304
0.004403741020314378
0.01130000000000031
113.0
112.0
3.149999999999997
0.03974547911994429
0.02204371829600582
0.0471499999999998
114.0
113.0
3.5499999999999954
0.02469823237585198
0.02582924918524121
0.042850000000000055
115.0
114.0
3.7999999999999945
0.024699001725017926
0.022398704670772318
0.03489999999999993
116.0
115.0
4.049999999999994
0.03474735580635116
0.02618952777238004
0.04190000000000049
117.0
116.0
4.399999999999992
0.03474704894070314
0.02589151796240019
0.04800000000000004
118.0
117.0
4.749999999999991
0.03464770271208178
0.018074778976835848
0.03750000000000009
119.0
118.0
5.09999999999999
0.03469799947457158
0.01751086454800488
0.03320000000000034
120.0
119.0
5.449999999999989
0.04944622122691737
0.02093853052621597
0.04010000000000069
121.0
120.0
5.949999999999987
0.06439763501587242
0.017190512614524867
0.027899999999998926
122.0
121.0
6.5999999999999845
0.049399777549028155
0.003944384329014561
0.007000000000000561
123.0
122.0
7.099999999999983
0.05464977766014579
0.001084125101286304
-0.0034000000000005137
124.0
123.0
7.649999999999981
0.04459874969606476
-0.009553961305700298
-0.020099999999999785
125.0
124.0
8.09999999999998
0.05974771634993833
-0.007132026831744298
-0.02440000000000042
126.0
125.0
8.699999999999989
0.029960288748276435
0.049325671931285786
0.1334500000000003
127.0
126.0
9.099999999999994
0.036682087063925166
0.09699755628374129
0.10559999999999992
128.0
127.0
9.55
0.030165557205315413
0.04404324576667129
0.12474999999999925
129.0
128.0
9.950000000000006
0.040026387046064385
0.07177688562548123
0.14834999999999976
130.0
129.0
10.450000000000014
0.03958863609970531
0.07018653956164878
0.12214999999999954
131.0
130.0
10.95000000000002
0.02322847564373255
0.08343953580138397
0.14919999999999956
132.0
131.0
11.300000000000026
0.02003445845090601
0.08177937804473512
0.1396500000000005
133.0
132.0
11.60000000000003
0.02023469079345975
0.07932901169879081
0.1360999999999999
134.0
133.0
11.900000000000034
0.020186781232412077
0.07829235911679966
0.13264999999999993
135.0
134.0
12.200000000000038
0.0386888934046923
0.08025579755896128
0.08379999999999921
136.0
135.0
12.650000000000045
0.016540006306204023
0.07860574896166206
0.12480000000000047
137.0
136.0
12.900000000000048
0.03509963228579412
0.011274773765676649
0.020050000000000345
138.0
137.0
13.250000000000053
0.01659094622729814
0.07266511138109077
0.11955000000000027
139.0
138.0
13.500000000000057
0.03643196822234212
0.045512873159307965
0.11430000000000007
140.0
139.0
13.950000000000063
0.013645044623113379
0.057277128820485856
0.09425000000000061
141.0
140.0
14.150000000000066
0.03959076802353857
0.010274414859597236
0.06724999999999959
142.0
141.0
14.600000000000072
0.01664277955934262
0.06407778217007554
0.10475000000000012
143.0
142.0
14.850000000000076
0.024649659612321923
-0.0019715827649013917
-0.011350000000000193
144.0
143.0
15.10000000000008
0.02154318652591023
0.02496546565004909
0.05410000000000004
145.0
144.0
15.350000000000083
0.03484997776526506
-0.003950717532296366
-0.0042999999999997485
146.0
145.0
15.700000000000088
0.015144383405906544
0.034917298302707955
0.07069999999999954
147.0
146.0
15.900000000000091
0.0317477726037287
0.05238703104027209
0.05675000000000008
148.0
147.0
16.250000000000096
0.039599838812671914
0.00031218305893165876
0.00435000000000052
149.0
148.0
16.6500000000001
0.04469688231298539
0.020502446554725218
0.040149999999999686
150.0
149.0
17.100000000000108
0.04949534541541727
0.021835836509314532
0.042749999999999844
151.0
150.0
17.600000000000115
0.04439842406179108
0.015860165645080748
0.02615000000000034
152.0
151.0
18.05000000000012
0.039699114824541804
0.018325999020692763
0.027899999999999814
153.0
152.0
18.450000000000127
0.029649514806855314
0.009012820715948777
0.017450000000000188
154.0
153.0
18.75000000000013
0.034749136511053824
0.01251895398306413
0.019199999999999662
155.0
154.0
19.100000000000136
0.04454992861938458
0.006298934598095052
0.006099999999999994
156.0
155.0
19.550000000000143
0.020284298463330373
0.08047936498213026
0.1360999999999999
157.0
156.0
19.850000000000147
0.02679900777761595
0.03166644174724986
0.021849999999999703
158.0
157.0
20.15000000000015
0.03464707756622611
-0.023076412513649558
-0.04279999999999973
159.0
158.0
20.500000000000156
0.03339801155619749
-0.02122440082189403
-0.01485000000000003
160.0
159.0
20.85000000000016
0.021938532192213495
0.07143766364655058
0.1056499999999998
161.0
160.0
21.150000000000166
0.02649586067734986
-0.02144187870721126
0.014800000000000146
162.0
161.0
21.45000000000017
0.016940651708642233
0.06641589252535862
0.11430000000000007
163.0
162.0
21.700000000000173
0.02189944160933781
0.03251888661018665
0.027099999999999902
164.0
163.0
21.950000000000177
0.014643971226939502
0.026426038057141277
0.06714999999999982
165.0
164.0
22.15000000000018
0.006799455930755335
0.034450000000000536
0.047100000000000364
166.0
165.0
22.25000000000018
0.02178581599412839
0.07947650349193403
0.11699999999999999
167.0
166.0
22.550000000000185
0.029690359039304844
-0.0054631761881323015
0.048949999999999605
168.0
167.0
22.90000000000019
0.028791430828406746
0.07966318171149739
0.08810000000000018
169.0
168.0
23.250000000000195
0.03127265203227224
0.020459248423621568
0.0995
170.0
169.0
23.6500000000002
0.010098258265600067
0.04694293138583225
0.06895000000000004
171.0
170.0
23.800000000000203
0.024942941880630363
0.027765871044889923
0.07504999999999995
172.0
171.0
24.100000000000207
0.0202332841867606
0.07942221852247183
0.13444999999999996
173.0
172.0
24.40000000000021
0.018442779220693106
0.07119065794303858
0.10120000000000007
174.0
173.0
24.650000000000215
0.005150000000000001
0.0
0.0
175.0
174.0
24.700000000000216
0.019743163514636536
0.018573279745129567
0.06285000000000007
176.0
175.0
24.95000000000022
0.019985229966992316
0.08092659641972133
0.13695000000000002
177.0
176.0
25.250000000000224
0.020382320202189233
0.07838941705332692
0.13965000000000005
178.0
177.0
25.550000000000228
0.0167404339088795
0.07371079909964329
0.12044999999999995
179.0
178.0
25.80000000000023
0.04489964846590301
-0.002013810323747034
0.00254999999999983
180.0
179.0
26.250000000000238
0.023032422458289233
0.06231377502430835
0.1082000000000003
114.0
180.0
26.550000000000242
0.005000000000000001
0.7144071506141101
0.7144071506141101
181.0
114.0
26.600000000000243
0.02984969021918024
-0.004275256724555199
0.003599126321068624
115.0
181.0
26.900000000000247
0.05312419675318786
-0.03236500717596025
-0.11255006745200413
182.0
126.0
32.05000000000032
0.046548377751609436
-0.038773901637839
-0.03140001468343678
183.0
182.0
32.55000000000029
0.02348709191079367
-0.0299686226307041
-0.08555000324832429
184.0
183.0
32.85000000000027
0.019849885283248114
2.4383979817367805
2.433860952792061
186.0
185.0
0.2
0.020049934935662598
-0.0035053616416620414
-0.006950000000000234
187.0
186.0
0.39999999999999997
0.01994988730560922
-0.004820169173674227
-0.010499999999999954
188.0
187.0
0.6
0.01964997613032242
-0.004164503730571756
-0.006149999999999878
189.0
188.0
0.8000000000000002
0.019699964467832867
-0.00392195355349223
-0.006999999999999673
190.0
189.0
1.0000000000000002
0.014849998807875023
-0.0023166666742482356
-0.0025999999999997137
191.0
190.0
1.1500000000000004
0.01999999863632644
-0.00021462499043733985
0.0
192.0
191.0
1.3500000000000005
0.019649700863461267
0.005509413137775976
0.012199999999999989
193.0
192.0
1.5500000000000007
0.019799975918016258
-0.000414015146815494
0.0017499999999999183
194.0
193.0
1.7500000000000009
0.019799991048383495
0.0015140152451240674
0.0025999999999997137
195.0
194.0
1.950000000000001
0.024899993835489645
0.0048950804071226095
0.005249999999999755
196.0
195.0
2.2
0.02464993997754606
0.0034858012114531434
0.006999999999999673
197.0
196.0
2.4499999999999993
0.02984973115428464
0.005226554923047466
0.009599999999999831
198.0
197.0
2.7499999999999982
0.014949964611246022
0.003770569228114251
0.00609999999999955
199.0
198.0
2.8999999999999977
0.019949846769519917
0.007641972415394882
0.013949999999999907
200.0
199.0
3.099999999999997
0.009799954422531518
0.006518877454524397
0.009599999999999831
201.0
200.0
3.1999999999999966
0.013494833889129856
0.06463176179718078
0.10129999999999972
202.0
201.0
3.399999999999996
0.017041297352056065
0.06902759536260694
0.11514999999999986
203.0
202.0
3.649999999999995
0.010097896104718437
0.050036109685845265
0.07505000000000006
204.0
203.0
3.7999999999999945
0.009998183057707328
0.04439285890635114
0.06889999999999974
205.0
204.0
3.949999999999994
0.013446022001471096
0.05605322705661342
0.08899999999999997
206.0
205.0
4.149999999999993
0.016739646992018364
0.07130045275448493
0.12215000000000042
207.0
206.0
4.399999999999992
0.01653907273631225
0.07505312953194254
0.12475000000000014
208.0
207.0
4.6499999999999915
0.04159718324038541
0.06082681772343568
0.062049999999999716
209.0
208.0
5.09999999999999
0.031762013760933364
0.0764869487929345
0.12824999999999953
210.0
209.0
5.4999999999999885
0.039803852673757044
0.028766894709984392
0.1255999999999995
211.0
210.0
5.999999999999987
0.043375258841239224
0.06216105975867592
0.13600000000000012
212.0
211.0
6.549999999999985
0.013595190733337089
0.060220081702826445
0.09600000000000009
213.0
212.0
6.749999999999984
0.04650699526066466
0.048050913687647245
0.14230000000000054
214.0
213.0
7.349999999999982
0.01674126039256223
0.06367549821854546
0.10909999999999975
215.0
214.0
7.599999999999981
0.02013324276554058
0.08418066545009584
0.14489999999999892
216.0
215.0
7.89999999999998
0.013746023993415788
0.054029061182852445
0.08555000000000046
217.0
216.0
8.09999999999998
0.04488997547879306
0.008799831792645207
0.0008000000000008001
218.0
217.0
8.599999999999987
0.04304917520371513
0.005405295806727217
0.02614999999999945
219.0
218.0
9.049999999999994
0.02853866823066533
0.08210084090109326
0.09950000000000081
220.0
219.0
9.399999999999999
0.03449991855953642
-0.0003738412358114118
0.0025999999999992696
221.0
220.0
9.750000000000004
0.029699320383508566
0.015365822178146082
0.02615000000000034
222.0
221.0
10.050000000000008
0.03459789093730609
0.018719886875360636
0.03575000000000017
223.0
222.0
10.400000000000013
0.039397023254345846
0.023413233239345743
0.041049999999999365
224.0
223.0
10.800000000000018
0.02959948427293317
0.013752464482108984
0.02090000000000103
225.0
224.0
11.100000000000023
0.049798633476202565
0.021666778100490447
0.033149999999999125
226.0
225.0
11.60000000000003
0.06103581148042705
0.02226687444621156
0.08980000000000032
227.0
226.0
12.250000000000039
0.03716017905781958
0.1049802156682702
0.19115000000000038
228.0
227.0
12.750000000000046
0.061233470439153344
0.01691765083865171
0.06020000000000003
229.0
228.0
13.450000000000056
0.05659640628254993
-0.0054658409451455725
0.023600000000000065
230.0
229.0
14.050000000000065
0.022031778657184045
0.06390612040872234
0.12824999999999953
231.0
230.0
14.350000000000069
0.04509956830653594
-0.01260134602287355
-0.017349999999999532
232.0
231.0
14.800000000000075
0.04459854821028906
0.008103630654847649
0.02179999999999982
233.0
232.0
15.250000000000082
0.04309801022342926
0.05806351938567733
0.14219999999999988
234.0
233.0
15.750000000000089
0.05613833542762026
0.04307562080835403
0.07945000000000046
235.0
234.0
16.400000000000098
0.016789367073532402
0.07265651392655581
0.12130000000000063
236.0
235.0
16.6500000000001
0.043483398405130866
0.060008158103570075
0.12575000000000003
237.0
236.0
17.20000000000011
0.020137184110209896
0.07334791301827881
0.12654999999999994
238.0
237.0
17.500000000000114
0.03474767606232245
0.05360328250306523
0.07594999999999974
239.0
238.0
17.90000000000012
0.01998661096134046
0.08248805737312903
0.13529999999999998
240.0
239.0
18.200000000000124
0.0133457777246165
0.05808830938225462
0.09165000000000045
241.0
240.0
18.400000000000126
0.013194990779457832
0.062060305304109775
0.09774999999999956
242.0
241.0
18.60000000000013
0.01354642627983514
0.05454357357756123
0.08550000000000058
243.0
242.0
18.800000000000132
0.01009811103685179
0.04567811112434139
0.06979999999999986
244.0
243.0
18.950000000000134
0.013396005776645823
0.05570390040591455
0.08809999999999985
245.0
244.0
19.150000000000137
0.010147880540222334
0.04844065629573091
0.0732999999999997
246.0
245.0
19.30000000000014
0.013544853791099895
0.056130547691845084
0.09340000000000016
247.0
246.0
19.500000000000142
0.00669946393177364
0.03270000000000001
0.04535
248.0
247.0
19.600000000000144
0.008099964185406879
0.02422222022432588
0.02185000000000001
249.0
248.0
19.700000000000145
0.009949693437378409
-0.01833944804645954
-0.026150000000000007
250.0
249.0
19.800000000000146
0.014848983906326774
-0.026349986246903184
-0.040999999999999995
251.0
250.0
19.95000000000015
0.009849788711387442
-0.018783249206444932
-0.025300000000000003
252.0
251.0
20.05000000000015
0.009899727104659995
-0.023125000000000007
-0.030550000000000008
253.0
252.0
20.15000000000015
0.014949139526081314
-0.0290180754030506
-0.041850000000000005
254.0
253.0
20.300000000000153
0.004900000000000002
-0.01485000000000003
-0.01485000000000003
255.0
254.0
20.350000000000154
0.01974959805391652
-0.019001016330300047
-0.02705000000000002
256.0
255.0
20.550000000000157
0.019649989052269886
-1.0177953038592591e-05
-0.0017499999999994742
257.0
256.0
20.75000000000016
0.01
0.0008499999999997954
0.0008499999999997954
258.0
257.0
20.85000000000016
0.009700000000000004
0.0
0.0
259.0
258.0
20.950000000000163
0.014899961605939628
0.00634530073779338
0.009549999999999947
260.0
259.0
21.100000000000165
0.014849938603563461
0.004633330531089719
0.008700000000000152
261.0
260.0
21.250000000000167
0.014849884058395019
0.009563801208114953
0.01485000000000003
262.0
261.0
21.40000000000017
0.009999953492187316
0.005680500094566554
0.008700000000000152
263.0
262.0
21.50000000000017
0.009949953730616298
0.013545980042041546
0.016549999999999926
264.0
263.0
21.600000000000172
0.009899953952660698
0.007400000000000004
0.010450000000000001
265.0
264.0
21.700000000000173
0.00984996606456581
0.005211675096298683
0.007849999999999996
266.0
265.0
21.800000000000175
0.009899905254057376
0.014824999999999998
0.019200000000000002
267.0
266.0
21.900000000000176
0.009999938756187541
0.00871499985709693
0.012250000000000004
268.0
267.0
22.000000000000178
0.014849873040566133
0.005546119802005131
0.011349999999999999
269.0
268.0
22.15000000000018
0.01494992308575978
0.017180268319987188
0.02095000000000001
270.0
269.0
22.300000000000182
0.014749781350581217
0.00935609163098644
0.01659999999999999
271.0
270.0
22.450000000000184
0.01499993834589669
0.0116166678324187
0.014799999999999994
272.0
271.0
22.600000000000186
0.014949966540279724
0.009617391323678143
0.012199999999999989
273.0
272.0
22.75000000000019
0.009850000000000001
0.011350000000000027
0.011349999999999999
274.0
273.0
22.85000000000019
0.014799863008707689
0.011629394597212517
0.01654999999999998
275.0
274.0
23.000000000000192
0.009999904383160738
0.010343749163344934
0.014850000000000002
276.0
275.0
23.100000000000193
0.019849782572473537
0.010218905295931807
0.01479999999999998
277.0
276.0
23.300000000000196
0.01974954903969646
0.010042240261843721
0.020899999999999974
278.0
277.0
23.5000000000002
0.014799921508134568
0.0034420584625657336
0.007849999999999996
279.0
278.0
23.6500000000002
0.019899429778006725
0.016175377484164782
0.02614999999999998
280.0
279.0
23.850000000000204
0.019749450092077635
0.017256108308112417
0.024449999999999972
281.0
280.0
24.050000000000207
0.005050000000000001
0.0131
0.0131
282.0
281.0
24.100000000000207
0.014699323777405068
0.011637755262403404
0.023550000000000015
283.0
282.0
24.25000000000021
0.0097495904965276
0.010448473395966829
0.019199999999999995
284.0
283.0
24.35000000000021
0.019799938755298528
0.0036824501455234304
0.006950000000000012
285.0
284.0
24.550000000000214
0.02989991001749687
0.004339131617360215
0.007799999999999974
286.0
285.0
24.850000000000218
0.014849999999999999
0.0
0.0
287.0
286.0
25.00000000000022
0.009749999119661554
0.0013315384619320136
0.0008999999999999564
197.0
287.0
25.10000000000022
0.029849454718786125
0.06270034269496061
0.07225881471783069
288.0
202.0
26.200000000000237
0.01989977909737044
0.0337095639501257
0.038550633088688224
289.0
288.0
26.40000000000024
0.015149814061101647
0.02519987636097243
0.031179083548067865
290.0
289.0
26.550000000000242
0.014799953620793813
0.017114229486683286
0.02001524253778908
291.0
290.0
26.700000000000244
0.010149965037735607
0.015950980342622767
0.018537187150090784
292.0
291.0
26.800000000000246
0.009899953952660696
0.012954380317660608
0.016004380317660605
293.0
292.0
26.900000000000247
0.009799906220852755
0.014553506628690371
0.018973149770636688
294.0
293.0
27.00000000000025
0.0051
0.010060316178424511
0.010060316178424511
295.0
294.0
27.05000000000025
0.009949864183129367
0.022467729269388226
0.027718985789729533
296.0
295.0
27.15000000000025
0.009899840647646313
0.01554129180186603
0.021330939496779777
297.0
296.0
27.250000000000252
0.005
0.008731609793605433
0.008731609793605433
298.0
297.0
27.300000000000253
0.005000000000000001
0.006871698960344563
0.006871698960344563
299.0
298.0
27.350000000000254
0.004849999999999999
0.009438398602676479
0.009438398602676479
300.0
299.0
27.400000000000254
0.009849816746040367
0.01621165985609707
0.02228069500503338
301.0
300.0
27.500000000000256
0.009899815811071142
0.019517921825376927
0.02561792182537692
302.0
301.0
27.600000000000257
0.009799817690550184
0.017580440178367684
0.02374268584830208
303.0
302.0
27.70000000000026
0.005000000000000001
0.009210207003885973
0.009210207003885973
304.0
303.0
27.75000000000026
0.00485
0.012607571179270138
0.012607571179270138
305.0
304.0
27.80000000000026
0.0015000000000000002
0.05446708195082506
0.05446708195082506
306.0
305.0
27.85000000000026
0.0001505961054050781
3.1125892632220076
0.08881816507639018
307.0
306.0
27.950000000000262
0.0
-2.3304375641256865
0.047412773823441334
308.0
307.0
28.000000000000263
0.0
-2.3772467288266617
0.09745360912246603
309.0
308.0
28.100000000000264
0.014149193970707871
0.026821780977161147
0.03661261720949627
310.0
309.0
28.250000000000266
0.01484953342852295
0.021101962534246343
0.030430068499124108
311.0
310.0
28.40000000000027
0.009999884903901583
0.021996414594814162
0.026652413489879123
312.0
311.0
28.50000000000027
0.024747421312992228
0.032984399389546226
0.05429615784159747
313.0
312.0
28.750000000000274
0.019898109014854223
0.03063984086144389
0.04785801469477935
314.0
313.0
28.950000000000276
0.029546334870670623
0.03565421953177239
0.059346821366906166
315.0
314.0
29.25000000000028
0.0497371595732218
0.04812412364097396
0.07804752452090113
316.0
315.0
29.750000000000288
0.029748156797105837
0.025979476810476854
0.040646915473215195
317.0
316.0
30.050000000000292
0.05434732560688477
0.024906073796267414
0.03642367965485427
318.0
317.0
30.6000000000003
0.03494971623331791
0.010939927039256503
0.016848723363165785
319.0
318.0
30.950000000000305
0.024849964689813264
0.007330868820363712
0.008014571071111032
320.0
319.0
31.20000000000031
0.029649534068992074
0.011800513972918925
0.02110988256271451
321.0
320.0
31.500000000000313
0.02989963397768062
0.011048177352143806
0.01582776385622875
322.0
321.0
31.800000000000317
0.03454995547491477
0.0013889254401067141
0.00016895479986978046
323.0
322.0
32.15000000000031
0.024799941903111713
-0.0027395995562442543
-0.006032442808856064
324.0
323.0
32.4000000000003
0.03949999842238931
2.442718547720319
2.4426109527920614
326.0
325.0
0.39999999999999997
0.03964982883310531
-0.003880327542534534
-0.007799999999999585
327.0
326.0
0.8000000000000002
0.029698875685675558
-0.013341647003633827
-0.02615000000000034
328.0
327.0
1.1000000000000003
0.024849588111880302
-0.0061351804854705705
-0.016599999999999948
329.0
328.0
1.3500000000000005
0.019749833660903493
-0.010003291166032824
-0.015650000000000386
330.0
329.0
1.5500000000000007
0.02474954834198855
-0.013952940756354337
-0.02010000000000023
331.0
330.0
1.800000000000001
0.019849672366442656
-0.012213992452999811
-0.019199999999999662
332.0
331.0
2.000000000000001
0.03944800909561198
-0.014968801295801804
-0.03130000000000033
333.0
332.0
2.3999999999999995
0.02979954991122624
-0.013749244705353991
-0.02175000000000038
334.0
333.0
2.6999999999999984
0.02649463953792016
0.015645577662262156
0.06104999999999983
335.0
334.0
2.9999999999999973
0.01344541287516029
0.0580225712385789
0.0942999999999996
336.0
335.0
3.1999999999999966
0.013395278324536117
0.05788058974186594
0.09339999999999993
337.0
336.0
3.399999999999996
0.013344991662673606
0.06161444365843982
0.09860000000000024
338.0
337.0
3.599999999999995
0.02053584032492741
0.07509316109680109
0.12999999999999945
339.0
338.0
3.899999999999994
0.028191762430767767
0.0736645049140141
0.08549999999999969
340.0
339.0
4.249999999999993
0.025222651600219633
0.06072995372058809
0.13350000000000062
341.0
340.0
4.599999999999992
0.04849607180777102
0.0010282408329138626
-0.010399999999999299
342.0
341.0
5.09999999999999
0.03959968522468563
-0.0019412317255502742
0.006100000000000438
343.0
342.0
5.4999999999999885
0.0397981377505554
0.018388209592365534
0.03489999999999993
344.0
343.0
5.899999999999987
0.05944303664163212
0.0315852172187947
0.05489999999999995
345.0
344.0
6.499999999999985
0.0745963022799886
0.004575475477831326
-0.01920000000000055
346.0
345.0
7.249999999999982
0.04469349993998346
-0.028352279683131254
-0.058499999999999996
347.0
346.0
7.699999999999981
0.0444881191861403
-0.044308049939234095
-0.08125000000000027
348.0
347.0
8.14999999999998
0.04439009547235272
-0.03928075625305061
-0.0724499999999999
349.0
348.0
8.599999999999987
0.05443737077639652
-0.038963705904405455
-0.07520000000000104
350.0
349.0
9.149999999999995
0.059192360659007084
-0.033680544366894605
-0.05760000000000032
351.0
350.0
9.750000000000004
0.04979626833361292
-0.023785131308237784
-0.04099999999999948
352.0
351.0
10.25000000000001
0.05439830495890588
-0.0182604024352071
-0.028699999999999726
353.0
352.0
10.800000000000018
0.07259314246789365
0.022197188941203816
0.08294999999999941
354.0
353.0
11.60000000000003
0.04702909868663985
0.06692205860307343
0.1265499999999995
355.0
354.0
12.150000000000038
0.03167343497779169
0.03773240395363686
0.1133999999999995
356.0
355.0
12.550000000000043
0.02699835506656769
0.05006535336183271
0.0532499999999998
357.0
356.0
12.850000000000048
0.02491668568383554
0.06972836734616195
0.14749999999999952
358.0
357.0
13.200000000000053
0.03174745295437709
0.058546551281343895
0.06370000000000031
359.0
358.0
13.550000000000058
0.04451129447867775
0.047779637020576526
0.0968
360.0
359.0
14.050000000000065
0.029699811177391088
0.0070916675507559646
0.011299999999999866
361.0
360.0
14.350000000000069
0.03974674569685786
0.02007709741617303
0.04445000000000032
362.0
361.0
14.750000000000075
0.041590805097160635
0.07333915524829582
0.0933499999999996
363.0
362.0
15.200000000000081
0.026393559293332203
0.023617496728003395
0.0706500000000001
364.0
363.0
15.500000000000085
0.048513256369353074
0.09688195189811566
0.1744999999999992
365.0
364.0
16.100000000000094
0.03778972252500931
0.04821568464062986
0.10644999999999971
366.0
365.0
16.5500000000001
0.020533487058107057
0.07505046583359665
0.13615000000000022
367.0
366.0
16.850000000000104
0.03333679435491265
-0.0019194175252592593
0.05505000000000049
368.0
367.0
17.25000000000011
0.013344857574349916
0.06357065391200312
0.09949999999999903
369.0
368.0
17.450000000000113
0.02644679620274634
0.02656307472685704
0.002650000000000041
370.0
369.0
17.750000000000117
0.021279795203711087
0.059146210873721294
0.12215000000000042
371.0
370.0
18.05000000000012
0.020033519611911063
0.08085919061754776
0.13869999999999916
372.0
371.0
18.350000000000126
0.019984680024006274
0.07550883039366862
0.13350000000000062
373.0
372.0
18.65000000000013
0.020082501609676763
0.08928504898656797
0.14925000000000033
374.0
373.0
18.950000000000134
0.0166902929693656
0.07333074174260368
0.12044999999999995
375.0
374.0
19.200000000000138
0.023375539499284757
0.09281926834220044
0.1623000000000001
376.0
375.0
19.550000000000143
0.025097609278586192
0.053879229790399386
0.047100000000000364
377.0
376.0
19.850000000000147
0.059456426186779696
-0.07169721461088052
-0.12475000000000058
378.0
377.0
20.450000000000156
0.08474459209597184
-0.011796969156883996
0.008700000000000152
379.0
378.0
21.300000000000168
0.06438595000421678
0.03767810307924435
0.06984999999999975
380.0
379.0
21.950000000000177
0.05964358279934721
0.03306913695104008
0.05590000000000028
381.0
380.0
22.550000000000185
0.054646501208855655
0.020537161298794793
0.03739999999999988
382.0
381.0
23.100000000000193
0.049499837152698116
0.009343237065905008
0.010449999999999626
383.0
382.0
23.6000000000002
0.03944993293122242
0.0026025985471687108
0.0017500000000003624
384.0
383.0
24.000000000000206
0.04959103739918733
-0.02335704936755345
-0.05679999999999996
385.0
384.0
24.500000000000213
0.04454171580285477
-0.042497426936557225
-0.07249999999999979
386.0
385.0
24.95000000000022
0.03964347569734735
-0.03653843766657072
-0.06555
387.0
386.0
25.350000000000225
0.03459437695579405
-0.03653386564215033
-0.06460000000000043
388.0
387.0
25.70000000000023
0.03454277790710808
-0.040778492727216786
-0.07235000000000014
389.0
388.0
26.050000000000235
0.03484115570009758
-0.05074062138344981
-0.08279999999999976
390.0
389.0
26.40000000000024
0.03943151112014947
-0.054124871750736325
-0.10380000000000056
391.0
390.0
26.800000000000246
0.044531794436495284
-0.05648554268296646
-0.10034999999999972
392.0
391.0
27.250000000000252
0.01998342512196566
0.08528440144793059
0.14309999999999956
393.0
392.0
27.550000000000257
0.05155799984421815
0.05148514602093002
0.1457000000000006
394.0
393.0
28.200000000000266
0.06678886664287413
-0.00921995172637935
-0.024550000000000516
395.0
394.0
28.900000000000276
0.07299560435882597
0.050532820991570304
0.1117000000000008
396.0
395.0
29.700000000000287
0.06771415102105484
0.02565951933062749
0.1177999999999999
397.0
396.0
30.450000000000298
0.056059160651825694
0.029998731841025972
0.13009999999999966
398.0
397.0
31.100000000000307
0.06017114442796626
0.030254667543225366
0.1283500000000002
399.0
398.0
31.800000000000317
0.0433860927418465
0.024259990067475812
0.1343500000000004
400.0
399.0
32.3500000000003
0.02849387305252841
0.068828866440243
0.06459999999999955
401.0
400.0
32.70000000000028
0.014993439669291045
0.025974235014186497
0.0671999999999997
402.0
401.0
32.90000000000027
0.016839873575142706
0.07134228754935368
0.11955000000000027
403.0
402.0
33.150000000000254
0.0169412678414467
0.06951922223525564
0.11169999999999991
404.0
403.0
33.40000000000024
0.019834679647366748
0.07956064870759416
0.13790000000000013
405.0
404.0
33.70000000000022
0.01349634142197924
0.057670993139313786
0.08725000000000005
406.0
405.0
33.90000000000021
0.020283547686438346
0.0790328649115688
0.13870000000000005
407.0
406.0
34.200000000000195
0.02009566381467656
0.0631165686002122
0.07859999999999978
408.0
407.0
34.45000000000018
0.0295498116160808
-0.015656083960203127
-0.022649999999999615
409.0
408.0
34.75000000000016
0.029797408974447267
-0.02290293370991403
-0.04535
410.0
409.0
35.050000000000146
0.024699428027680846
-0.019606099201050498
-0.026200000000000223
411.0
410.0
35.30000000000013
0.029749953095648853
0.0018953785760613684
0.0034999999999998366
412.0
411.0
35.600000000000115
0.02464942163125274
0.01166468334889803
0.022700000000000387
413.0
412.0
35.8500000000001
0.039545663069603595
0.025793587911308258
0.04889999999999972
414.0
413.0
36.25000000000008
0.024798618628076002
0.028137846773188535
0.04190000000000005
415.0
414.0
36.500000000000064
0.028143670206435566
0.03508628099947497
0.07334999999999958
416.0
415.0
36.80000000000005
0.024449371258103873
0.025559499246763373
0.03665000000000074
417.0
416.0
37.05000000000003
0.02984665626414444
0.0211451109880727
0.043699999999999406
418.0
417.0
37.350000000000016
0.006649503335696934
0.03374923438937322
0.04625000000000029
419.0
418.0
37.45000000000001
0.006699632504403617
0.03476865099915273
0.045399999999999996
420.0
419.0
37.550000000000004
0.014699991226276792
0.01775612236746546
0.017450000000000007
421.0
420.0
37.699999999999996
0.021696300899931475
0.013114578201936872
0.051449999999999996
422.0
421.0
37.94999999999998
0.016740828435355282
0.0692315424141573
0.11610000000000004
423.0
422.0
38.19999999999997
0.010048123209294395
0.0464450674632354
0.06985000000000002
424.0
423.0
38.34999999999996
0.026396459716418835
0.013420182841125061
0.05235000000000001
425.0
424.0
38.64999999999994
0.02337558977736058
0.09026831321366002
0.1597
339.0
425.0
38.99999999999992
0.01009852179204144
0.8163972860735684
0.8369284241340391
426.0
339.0
39.14999999999991
0.006799686929469457
-0.041217033107429746
-0.03189939471530412
340.0
426.0
39.24999999999991
0.005000000000000001
9.125438962254151e-05
9.125438962254151e-05
427.0
340.0
39.799999999999876
0.024749862621086503
0.26349196727776913
0.2682429745571304
342.0
427.0
40.04999999999986
0.006449704233002346
-0.03646956439161153
-0.045399776473896036
428.0
353.0
46.54999999999949
0.049599570376723544
0.0036380542148877204
0.011350712090242077
429.0
428.0
47.049999999999464
0.03979979351510256
0.006336722349295165
0.011350293528365807
430.0
429.0
47.44999999999944
0.024799103354711277
0.012591646739848361
0.02360011241454396
431.0
430.0
47.69999999999943
0.024649367750332277
0.014692395685691029
0.02270007869220869
432.0
431.0
47.94999999999941
0.0148996903281345
0.013442154733220857
0.021000034353354735
433.0
432.0
48.099999999999405
0.019699671345367785
0.016388612104366374
0.024450036446483914
434.0
433.0
48.29999999999939
0.014799817684136317
0.016591237594338892
0.022650021125989017
435.0
434.0
48.449999999999385
0.009949904797183993
0.018259056145749852
0.02270001134033217
436.0
435.0
48.54999999999938
0.009899923773376706
0.009945716325801435
0.013950009662116347
437.0
436.0
48.64999999999937
0.0009996141199674876
0.04851818062864277
0.14490001268324226
438.0
437.0
48.799999999999365
0.0045
0.1020500106647857
0.1020500106647857
439.0
438.0
48.949999999999356
0.009949965913933222
0.019877141103795015
0.02270000587729193
440.0
439.0
49.04999999999935
0.00515
0.008750002409596114
0.008750002409596114
441.0
440.0
49.09999999999935
0.009649844645822038
0.014513217865258277
0.02010000448326288
442.0
441.0
49.19999999999934
0.0097999062110871
0.009625004011697857
0.014000004011697875
443.0
442.0
49.299999999999336
0.00999983897230717
0.01787500356684646
0.023550003566846556
444.0
443.0
49.39999999999933
0.005
0.013100001498528524
0.013100001498528524
445.0
444.0
49.44999999999933
0.004600241320209148
0.012126811095965806
0.0506500028355501
446.0
445.0
49.54999999999932
0.0002
0.05325000258082335
0.09775000258082356
447.0
446.0
49.64999999999932
0.01934794647488413
0.082794897439606
0.09770000602069473
448.0
447.0
49.8999999999993
0.02939541473385529
0.03507139321576869
0.06115000601759224
449.0
448.0
50.199999999999285
0.0298935347371008
0.0401159697658926
0.06895000471324275
450.0
449.0
50.49999999999927
0.03484195717630072
0.040368491869032574
0.0715500041850099
451.0
450.0
50.84999999999925
0.044726368151610754
0.05151461856596162
0.10560000385168289
452.0
451.0
51.29999999999922
0.044340310059277514
0.04630309406653277
0.07510000259809901
453.0
452.0
51.7499999999992
0.0398992074704879
0.014034666298587961
0.02180000157164974
454.0
453.0
52.149999999999174
0.033741844497865874
2.489510605519997
2.522860952792061
456
455
0.44999999999999996
0.03469714200496731
0.027379023213790266
0.04105000000000025
457
456
0.8000000000000002
0.029899647361862732
0.016244488037588045
0.023550000000000182
458
457
1.1000000000000003
0.03469964773655636
0.012659227391272232
0.01739999999999986
459
458
1.4500000000000006
0.03484988225639328
0.005590316461286271
0.007850000000000357
460
459
1.800000000000001
0.03469995705627694
0.003699711258432714
0.006899999999999906
461
460
2.1500000000000004
0.009899991637915322
0.0004237373589490723
0.0017500000000003624
462
461
2.25
0.03474861053038901
0.006937554719236072
0.023549999999999738
463
462
2.5999999999999988
0.034649902334651164
0.004719698953432161
0.006099999999999994
464
463
2.9499999999999975
0.009849976702281396
0.0021860406265461485
0.004350000000000076
465
464
3.049999999999997
0.034599773058725906
0.006075577215383099
0.011249999999999538
466
465
3.399999999999996
0.004900000000000001
0.0008499999999997954
0.0008499999999997954
467
466
3.4499999999999957
0.034649803109750105
0.006713056622844604
0.013049999999999784
468
467
3.7999999999999945
0.03449955267891605
0.00711652893757142
0.013950000000000351
469
468
4.149999999999993
0.00495
0.0008499999999997954
0.0008499999999997954
470
469
4.199999999999993
0.03474895188329024
0.014532406499197847
0.02700000000000058
471
470
4.549999999999992
0.019899460521722426
0.01163379953903343
0.020950000000000024
472
471
4.749999999999991
0.034697757855205305
0.022509011233445175
0.0410500000000007
473
472
5.09999999999999
0.024899226695429624
0.01840490431633235
0.029700000000000504
474
473
5.349999999999989
0.03469742324279829
0.024041746684309917
0.04275000000000029
475
474
5.699999999999988
0.0347476570917773
0.022508145073215413
0.0410500000000007
476
475
6.0499999999999865
0.00979999172245015
0.0030234693728159456
0.004350000000000076
477
476
6.149999999999986
0.034697907931404814
0.01841245064584296
0.03224999999999989
478
477
6.499999999999985
0.0051
0.008750000000000036
0.008750000000000036
479
478
6.549999999999985
0.03479776177217651
0.02324972342614462
0.04105000000000025
480
479
6.8999999999999835
0.014799887576278687
0.00503462984629266
0.009600000000000275
481
480
7.049999999999983
0.034741036220580696
0.03976894845130641
0.0724499999999999
482
481
7.399999999999982
0.03464740809255407
0.032063359328648566
0.04795000000000016
483
482
7.7499999999999805
0.005
0.008750000000000036
0.008750000000000036
484
483
7.79999999999998
0.03469948254308975
0.01773198686389188
0.027099999999999902
326.0
484
8.14999999999998
0.02494997968139396
-0.011633172766311262
-0.010085677641962443
485
326.0
0.25
0.019899969531210673
0.002724524736191114
0.004456936778540088
486
485
0.44999999999999996
0.03464994798170598
-0.005325583347190133
-0.007320533087293635
487
486
0.8000000000000002
0.029649839779993165
-0.0056047277485959945
-0.011390057331351677
488
487
1.1000000000000003
0.019849953737449483
-0.004050630003924249
-0.006035012095407355
489
488
1.3000000000000005
0.025049832213779898
-0.007585930647513672
-0.011261171901269629
490
489
1.5500000000000007
0.019849711439299502
-0.009345426047012273
-0.016561796138577778
491
490
1.7500000000000009
0.019649793106247232
-0.0076234836042454734
-0.013908854112061775
333.0
491
1.950000000000001
0.009949965726951228
-0.03036114471085405
-0.03294657175565896
492
333.0
2.0500000000000007
0.024799847712731603
-0.001994423599620765
-0.006873051116570883
493
492
2.3
0.024849894175956153
-0.007158740671326269
-0.01152393174374633
494
493
2.549999999999999
0.04449947439127687
0.013776899548688437
0.019248841434651442
495
494
2.9999999999999973
0.005050000000000001
0.0009164614125789505
0.0009164614125789505
496
495
3.049999999999997
0.03474994970629642
0.003881414788101223
0.004894723354550212
497
496
3.399999999999996
0.02964999244002578
0.0003747307080170792
0.0012654558375604363
498
497
3.699999999999995
0.026498206661797908
-0.03605690372826209
-0.043334897857433496
499
498
3.999999999999994
0.02489999783478505
-0.0020294655125498995
-0.0023725377969570083
500
499
4.249999999999993
0.019899652706503557
0.017997255794045985
0.024658669123549082
501
500
4.449999999999992
0.019799998211994976
0.0032219439733462973
0.0027926510437950025
502
501
4.6499999999999915
0.019799982906786168
-0.0011270227905464392
-0.00156969923747452
503
502
4.849999999999991
0.014899901322165997
-0.003713931183171759
-0.008613263543279182
504
503
4.99999999999999
0.019749681234793093
-0.015330997475751174
-0.02084048510293024
505
504
5.1999999999999895
0.019848476028437003
-0.02546586594549649
-0.042696737997677925
506
505
5.399999999999989
0.019899272208542942
-0.01673528042813288
-0.02870276076422651
507
506
5.599999999999988
0.014849844253212913
-0.009880105162957786
-0.0139339668737124
508
507
5.749999999999988
0.014799864533705446
-0.009009778621514641
-0.013889167621403686
509
508
5.899999999999987
0.01484993860356346
-0.010110004214913815
-0.01214333474600382
510
509
6.0499999999999865
0.014799781294065012
-0.006647913875363232
-0.013896910465046153
511
510
6.199999999999986
0.014850000000000002
-0.0017000648798053408
-0.0017000648798053408
512
511
6.349999999999985
0.009949991592463498
-0.0012641014921814797
-0.00257063415917802
513
512
6.449999999999985
0.00975
-0.0008234962326236772
-0.0008234962326236772
514
513
6.549999999999985
0.0051
1.0665045724111977e-05
1.0665045724111977e-05
515
514
6.5999999999999845
0.005699073792451366
0.006609665718424695
0.14924825330691793
516
515
6.799999999999984
0.0
-1.2061902474687305
0.09427240719965391
517
516
6.8999999999999835
0.0
-1.3004422141404204
0.0968704405279639
518
517
6.999999999999983
5e-05
-3.0935619799811818
0.1457306736086108
519
518
7.149999999999983
0.0001
0.04888020070722621
0.1466302007072262
520
519
7.299999999999982
5e-05
-3.094474459084686
0.09771819450510688
521
520
7.399999999999982
2.39976960663543e-06
1.6419129942926016
0.09511666749770664
522
521
7.499999999999981
5e-05
0.09602510640164641
0.14402510640164623
523
522
7.649999999999981
0.0
-2.026333068301444
0.38747958636693935
524
523
8.04999999999998
5e-05
-3.090974815577641
0.09771783801215195
525
524
8.14999999999998
5e-05
0.09686586436625833
0.09686586436625833
526
525
8.249999999999982
5e-05
-3.0438781748705566
0.097714478719237
527
526
8.349999999999984
0.0001
-3.042979277742236
0.09861337584755736
528
527
8.449999999999985
0.0
-2.804650207824091
0.09601244684429266
529
528
8.549999999999986
0.00010000000000000002
0.04710508257035917
0.04710508257035917
530
529
8.599999999999987
0.0
-2.9477526389771613
0.09686001569122205
531
530
8.699999999999989
0.0
-3.0446029117240108
0.09770974294437273
532
531
8.79999999999999
0.0
3.140881958154246
0.09860930564304304
533
532
8.899999999999991
0.0
3.0422815068438793
0.09770885433267607
534
533
8.999999999999993
0.015098864853401783
0.029195444444780172
0.042763718131787254
535
534
9.149999999999995
0.005750120921697127
0.01777023195782723
0.19192558284760475
536
535
9.399999999999999
0.014299149089267087
0.1171605313071491
0.12742736897563267
537
536
9.650000000000002
0.023435492573501894
-0.021254402789814275
-0.08111509069555156
538
537
9.950000000000006
0.020234326656595754
-0.08480930185815128
-0.1395637322645169
539
538
10.25000000000001
0.013445250304174676
-0.058043751808786404
-0.09332677548826984
540
539
10.450000000000014
0.00999814041964771
-0.045420828557574566
-0.06978395779276658
541
540
10.600000000000016
0.013345890628593851
-0.054121488140656204
-0.08722896660113655
542
541
10.800000000000018
0.017091734101073293
-0.06378815274517757
-0.10992325782811285
543
542
11.050000000000022
0.016740735531660497
-0.07027825109131403
-0.11772317883968109
544
543
11.300000000000026
0.013445731320384256
-0.056217130514770286
-0.08982938857178668
545
544
11.500000000000028
0.0334369664485831
-0.08532876120637534
-0.10030577230677507
546
545
11.900000000000034
0.011397466355922623
-0.0275745467529398
-0.05583483648515797
547
546
12.050000000000036
0.01674091537643725
-0.06594513065892915
-0.11167481474159802
548
547
12.30000000000004
0.03129798836110777
-0.055892094588028574
-0.06626326984729847
549
548
12.650000000000045
0.021836303610124626
-0.07578728773257737
-0.11431855952380277
550
549
12.950000000000049
0.028083635699619944
-0.02621517285061481
-0.09071294964244991
551
550
13.300000000000054
0.0032500000000000003
-0.02004600466437223
-0.02004600466437223
345.0
551
13.350000000000055
0.018099972748390855
-0.010607473482771024
-0.009093799881303877
552
346.0
13.600000000000058
0.018389669917709708
-0.042635509128614135
-0.0929844269781892
553
552
13.850000000000062
0.04489778189093467
-0.017050626459463203
-0.03365329728273858
554
553
14.300000000000068
0.009949999101413332
-0.0066432559164621985
-0.007066120237941398
555
554
14.40000000000007
0.0249953392847971
-0.0668008058234304
-0.0850564450982545
349.0
555
14.700000000000074
0.014699806074344847
0.0224024191701524
0.017182191988920792
556
349.0
14.850000000000076
0.02474909396585046
-0.03477539010496011
-0.04540708100207835
557
556
15.10000000000008
0.049542484804898715
-0.0337367740105492
-0.05844648934329211
558
557
15.600000000000087
0.009849939670366162
-0.006166154615593555
-0.009648388045586653
559
558
15.700000000000088
0.06443908500030279
-0.038821445091763884
-0.06735125280905452
560
559
16.350000000000097
0.04959627649225153
-0.020273757761832822
-0.03754728573725652
561
560
16.850000000000104
0.05429796019360201
-0.01861533543090621
-0.033094379812537156
562
561
17.400000000000112
0.01479999503378422
-0.003149305833695326
-0.004331738334901303
563
562
17.550000000000114
0.047906789398530526
-0.04058958174027305
-0.08981306998218952
564
563
18.100000000000122
0.044849438028651815
0.008764675228152052
0.014883464455772488
565
564
18.55000000000013
0.02979923620003944
0.0103046726309719
0.019256105595780948
566
565
18.850000000000133
0.019799522495416087
0.011410006692096575
0.019234981738353252
432.0
566
19.050000000000136
0.00989998484217559
0.08257212845446382
0.08430445166874367
567
432.0
19.150000000000137
0.009949984764451126
-0.00841691956352486
-0.006658125584698915
433.0
567
19.25000000000014
0.009849954195847716
-0.013712802427898296
-0.01070924927239636
568
433.0
19.35000000000014
0.009949904777947122
0.02957897745116078
0.03393199238627176
434.0
568
19.45000000000014
0.014899540456691587
0.0168047077208886
0.02671931421573559
569
437.0
19.800000000000146
0.0004000000000000001
-3.098552868365409
0.04303978522438445
438.0
569
19.850000000000147
0.014899323879788722
0.023018600986843385
0.03460718404822227
570
448.0
21.100000000000165
0.015149002088737786
0.026241051987022868
0.04020688399618866
571
570
21.250000000000167
0.03454209773991105
0.047492345774524214
0.08050394524366888
572
571
21.600000000000172
0.02969409045023265
0.043698891343039836
0.07148777191733169
573
572
21.900000000000176
0.03958624323779975
0.05009742273701745
0.09110417796910975
574
573
22.300000000000182
0.03488460835170917
0.04768114942502866
0.09386185613202613
575
574
22.650000000000187
0.04954415584106193
0.03624885001860356
0.05950281335345098
576
575
23.150000000000194
0.0481284332487328
0.0035669106452198562
-0.07430936334499183
577
576
23.700000000000202
0.013549952155693042
-0.03020737149198327
-0.031760504499773745
578
577
23.850000000000204
0.03939975161589144
0.013367388663510393
0.017030330345617184
579
578
24.25000000000021
0.014900000000000002
0.0004308381472140077
0.0004308381472140077
580
579
24.40000000000021
0.029896763026997893
-0.057775027357561015
-0.0644758019188405
581
580
24.750000000000217
0.034540138369051024
-0.0118188618218662
-0.06785218926774705
582
581
25.150000000000222
0.00495
0.0018434903711903594
0.0018434903711903594
583
582
25.200000000000223
0.02929953720379235
0.016022989306903934
0.02235940961737315
584
583
25.500000000000227
0.034699978054962846
0.0046518848561412085
0.005897922332832373
585
584
25.850000000000232
0.03469977209695571
-0.004931043910222588
-0.010642501763779677
586
585
26.200000000000237
0.03454965854979383
-0.007686782368019784
-0.013285770506263894
587
586
26.550000000000242
0.02479963109264638
-0.00812067953674811
-0.01615455782281483
588
587
26.800000000000246
0.03469900668414236
-0.012677424704240714
-0.02562212447448431
589
588
27.15000000000025
0.029649474479963328
-0.00617314801859159
-0.014430141458218415
590
589
27.450000000000255
0.01964987732559771
-0.005005838509195115
-0.00935062278490184
591
590
27.650000000000258
0.029899760944208792
-0.013222485936094763
-0.019740382808418833
592
591
27.950000000000262
0.02979952543143186
-0.008502949604783705
-0.018808425823300556
593
592
28.250000000000266
0.024749679399282326
-0.005878993155701728
-0.011936568558601035
594
593
28.50000000000027
0.029549904868004236
-0.005760446158864507
-0.008348177523314071
595
594
28.800000000000274
0.02964987310524683
-0.008395040221852224
-0.011863163339326022
186.0
595
29.10000000000028
0.014799988979032513
-0.0007954352525245678
-0.0025434084478894725
596
187.0
0.25
0.010000000000000002
3.519498944659638e-05
3.519498944659638e-05
597
596
0.35
0.020049988638797346
-0.0016927365339967082
-0.003428023482374698
598
597
0.5499999999999999
0.019799983586040376
-0.0009989832115830932
-0.0016299173997649241
599
598
0.7500000000000001
0.009850000000000001
-0.0034698869509428576
-0.0034698869509428576
191.0
599
0.8500000000000002
0.009950000000000002
-0.005789763096437639
-0.005789763096437639
600
191.0
0.9500000000000003
0.009949999101413332
0.0005905775959731407
0.0010134419174525622
601
600
1.0500000000000003
0.019699953328699542
0.003015233597738032
0.006311173225645339
602
601
1.2500000000000004
0.019699939022769588
0.014529154074277573
0.01758867054592006
603
602
1.4500000000000006
0.024900000000000002
0.0037028065648476716
0.0037028065648476716
604
603
1.7000000000000008
0.009899991637915322
0.0021860982602788237
0.0035123609013298918
196.0
604
1.800000000000001
0.009950000000000002
-0.0020038876634878022
-0.0020038876634878022
605
196.0
1.900000000000001
0.019749988845490403
0.0034246384974656596
0.0042871699775473004
606
605
2.1000000000000005
0.02489984365944571
0.008103331175827844
0.012287870659098532
607
606
2.3499999999999996
0.024749797077351324
0.006518204615183265
0.01223537691825749
608
607
2.5999999999999988
0.009949999101413332
0.0030550994006166565
0.003477963722096078
200.0
608
2.6999999999999984
0.009949923359049406
0.04140400580549053
0.045348729524863796
609
200.0
2.799999999999998
0.009899999105906264
-0.004438068553898056
-0.004013068553898158
201.0
609
2.8999999999999977
0.009849939670366159
0.0031677571815977856
0.006685523751604583
610
201.0
2.9999999999999973
0.019899794375274494
0.012140081960551719
0.017849127598247083
611
610
3.1999999999999966
0.024698393385899964
0.02490358400184567
0.03962973131457326
612
611
3.4499999999999957
0.01959907361071646
0.0193465552717782
0.032493876829682966
613
612
3.649999999999995
0.024698353507778742
0.028651868644875345
0.045509575351371234
614
613
3.899999999999994
0.014749546988795097
0.020309200748919398
0.029689023528047143
615
614
4.049999999999994
0.00559999157788409
0.015313641529106858
0.16668572429229878
616
615
4.249999999999993
0.014799558840330271
0.0704423793356399
0.07852342024816239
617
616
4.449999999999992
0.009849939744985601
0.016483194474375296
0.020107560463795693
618
617
4.549999999999992
0.00984988655453269
0.013482495470046985
0.018355592478003224
619
618
4.6499999999999915
0.019997713602806694
0.027984150905310035
0.04975876460438444
620
619
4.849999999999991
0.005947975039599051
0.019785726399452752
0.17195604715799506
308.0
620
5.04999999999999
0.014099192770148166
0.027478276303186444
0.038070698076913434
621
309.0
5.249999999999989
0.010049838363447817
0.01840966529571908
0.024282304230765828
622
621
5.349999999999989
0.015048952510363483
0.023139882271551837
0.038254539972670365
623
622
5.4999999999999885
0.01974862934679272
0.02648354919545781
0.04172577350614404
624
623
5.699999999999988
0.01974799302901063
0.02884926108234831
0.04773568403050765
625
624
5.899999999999987
0.029596651642489234
0.03367403754413667
0.05767176745551961
626
625
6.199999999999986
0.020048903377344583
0.02446443360820494
0.03724717160140445
627
626
6.399999999999985
0.04469222984159106
0.04109537284193099
0.06670744368901493
628
627
6.849999999999984
0.029748449961800344
0.021011448341806016
0.035657967571256055
629
628
7.149999999999983
0.04479778034231262
0.02527860847850283
0.039372521409235084
630
629
7.599999999999981
0.005050000000000001
0.0018253289623166857
0.0018253289623166857
631
630
7.649999999999981
0.03959987417683936
0.009775243623149521
0.01281634265724163
632
631
8.04999999999998
0.024749757945945833
0.00994691861800412
0.016077529238422095
633
632
8.299999999999983
0.024699838271684336
0.0066195170636631495
0.013392197856632926
634
633
8.549999999999986
0.02974955944357184
0.0089530236608506
0.015232674135467583
635
634
8.84999999999999
0.03489997016835583
0.0006988807120316132
0.002219224853387658
636
635
9.199999999999996
0.02469997976702067
0.00014096018729459203
0.00031889498887327505
637
636
9.45
0.04459997960745812
0.0003490475279388505
0.0013192268622019832
638
637
9.900000000000006
0.03959995700821273
-0.0014642732104768186
0.0012376210724669434
639
638
10.300000000000011
0.004900000000000001
3.465036191308002e-05
3.465036191308002e-05
105.0
639
10.350000000000012
0.024774709046303873
0.008865223318943904
0.014999921229625457
640
105.0
0.25
0.024849665394599443
0.004766477458941321
0.014017403881610768
172.0
640
0.49999999999999994
0.02979985362185032
-0.15603882538860891
-0.15172540163728043
641
172.0
0.8000000000000002
0.03474954411407896
0.03607839484220032
0.04216219857674841
642
641
1.1500000000000004
0.00495
-0.0003440274793005127
-0.0003440274793005127
643
642
1.2000000000000004
0.03474912709193818
0.01011497890572266
0.018927318964831352
644
643
1.5500000000000007
0.01959989749339776
0.007792030795222171
0.01064955299110193
645
644
1.7500000000000009
0.014949938750062529
0.009199054006173935
0.012699054006173993
646
645
1.900000000000001
0.019799366661842777
0.01705272822004278
0.02748820847740374
647
646
2.1000000000000005
0.009799966239472517
0.008511645894726527
0.011163431670529578
648
647
2.2
0.005152679509388507
-0.0014725756712057336
0.1541437276402311
649
648
2.3999999999999995
0.02019879887694139
0.11439527035312658
0.12866653877434175
650
649
2.6999999999999984
0.019849288314055864
0.024975878038886234
0.03631931449956438
651
650
2.8999999999999977
0.005849204300511391
0.015054809499059685
0.20819748508669633
652
651
3.149999999999997
0.03459265547997759
0.04222274922342617
0.07101887018437503
653
652
3.4999999999999956
0.026242255645902834
0.03726057350513434
0.16080400103741344
654
653
3.8499999999999943
0.01484929396244832
0.11901020069764456
0.1296365648008937
655
654
4.099999999999993
0.03459198516208466
0.04611498797368174
0.07705725059319857
656
655
4.449999999999992
0.03459231457762084
0.04216180603499531
0.07174522587806775
657
656
4.799999999999991
0.03483502500862744
0.04596595087688149
0.09453850817354814
658
657
5.14999999999999
0.019847258662678745
0.03982139737069712
0.06077415212458881
659
658
5.349999999999989
0.0345963221395515
0.03464650587286977
0.05526572792154649
660
659
5.699999999999988
0.034599982594182954
0.0017707270149873722
0.0029077209626726663
661
660
6.0499999999999865
0.03484952532416824
-0.005432991943089327
-0.01454283724433214
662
661
6.399999999999985
0.03459895781770199
-0.010655103587332793
-0.022390084877436767
663
662
6.749999999999984
0.009999922979676721
-0.012855354163284538
-0.01674110396174644
664
663
6.849999999999984
0.03464777286928362
-0.01891399157446605
-0.03802912325196228
665
664
7.199999999999982
0.024849343606326346
-0.013227453111887666
-0.02476953178725072
666
665
7.4499999999999815
0.029698653138195776
-0.02081404153335109
-0.0344890452704294
667
666
7.7499999999999805
0.03474850101164842
-0.015249870117059139
-0.028415711696319512
668
667
8.09999999999998
0.02964910595782126
-0.013843563440643969
-0.024831854838600176
669
668
8.399999999999984
0.03484877267738652
-0.01679750917333278
-0.027501432533769687
670
669
8.74999999999999
0.019899853492736357
-0.01511421609300001
-0.019464210317609254
671
670
8.949999999999992
0.03474909596674328
-0.016255316315717305
-0.027468210225455092
672
671
9.299999999999997
0.00495
-0.00440047508708874
-0.00440047508708874
673
672
9.349999999999998
0.03444901036552572
-0.021338119839363845
-0.025710649240678674
674
673
9.700000000000003
0.009948389929898072
-0.051191581713197376
-0.07171296616556377
182.0
674
9.850000000000005
0.013399950517372649
0.25664626009232405
0.25657163531061267
675
182.0
10.000000000000007
0.03129603443956267
-0.05228023832849926
-0.09336103387114614
676
675
10.350000000000012
0.006899408078325454
-0.03377131896417218
-0.047061184895442754
184.0
676
10.450000000000014
0.015249963850974603
-0.13398186087906394
-0.13103841756287649
677
184.0
10.600000000000016
0.033099107386534855
0.0426146938433245
0.020817172582031862
678
677
10.95000000000002
0.013695307757596743
-0.055369770453606915
-0.09247325486782865
679
678
11.150000000000023
0.03309963863908412
-0.018325734482999234
-0.010677698779056666
680
679
11.500000000000028
0.02842768927112772
-0.04400934701912895
-0.11559250122512754
681
680
11.850000000000033
0.033045870989916175
-0.05138381140076653
-0.07198268397832663
682
681
12.200000000000038
0.01479915661754246
-0.021469576958504266
-0.03479307207258975
683
682
12.35000000000004
0.03449204092165355
-0.05375557379839924
-0.08476534260821333
1.0
683
12.700000000000045
0.0097999062110871
-0.010677032796922115
-0.015052032796922132
684
2.0
0.3
0.019749362684816026
-0.008053891315944917
-0.018433890154728738
685
684
0.49999999999999994
0.029898779827505485
-0.019493249532744006
-0.03333634132944696
686
685
0.8000000000000002
0.019799787132202137
-0.013280973354446557
-0.019605970941163564
5.0
686
1.0000000000000002
0.009899953952660698
-0.014784288730969486
-0.017834288730969483
687
5.0
1.1000000000000003
0.01474993967815481
-0.00188524114980404
-0.005420834443044198
6.0
687
1.2500000000000004
0.00989999910599749
0.0065740440104584685
0.006144751080906952
688
6.0
1.3500000000000005
0.024699772025253097
-0.010043309356457142
-0.014904342417370042
689
688
1.6000000000000008
0.029749979773653523
-0.00132308747199672
-0.0014768688441249012
690
689
1.900000000000001
0.02474998646882039
-0.002057058398120537
-0.0015199877120362082
691
690
2.1500000000000004
0.029799942040251753
0.0003300473393827996
0.0019163720187937994
692
691
2.4499999999999993
0.024649910502481144
0.005332521073526442
0.01060027382554507
693
692
2.6999999999999984
0.01984993860086095
0.00199642260604338
0.006158641583054347
12.0
693
2.8999999999999977
0.014899964783069703
0.15849638528889698
0.16145024505457184
694
12.0
3.049999999999997
0.005000000000000001
0.13782642910586973
0.13782642910586973
13.0
694
3.099999999999997
0.014999954062535174
-0.1270242712212395
-0.1252742730077019
695
13.0
3.2499999999999964
0.00984996606456581
0.08655847439895048
0.08917014949524926
14.0
695
3.349999999999996
0.014849939236259387
0.04103162209256506
0.04513936908573024
696
14.0
3.4999999999999956
0.01989996078539581
-0.019581107687334898
-0.017183745777012316
697
696
3.699999999999995
0.024749951163340285
-0.0013982280978597217
-0.004888228900957747
16.0
697
3.949999999999994
0.014999994870568143
0.015576700859445625
0.0161658674609495
698
16.0
4.099999999999993
0.00495
-0.006107267060211585
-0.006107267060211585
17.0
698
4.149999999999993
0.014799988921366962
-0.007219542749149044
-0.008080353340787827
699
17.0
4.299999999999993
0.015049922618077109
-0.0030027026089545217
-0.006811173707667484
18.0
699
4.449999999999992
0.0147999238032723
0.0052120150496821616
0.0011581292208631133
700
18.0
4.599999999999992
0.009949953721267035
-0.016232917328616425
-0.019298244009306575
19.0
700
4.699999999999991
0.014799901636555705
-0.0026930247036143218
-0.006472413024555923
701
19.0
4.849999999999991
0.014849853492736357
-0.016307653444882497
-0.020657645705450145
20.0
701
4.99999999999999
0.014699759917647076
-0.002577449135734211
-0.009529829699258086
702
20.0
5.14999999999999
0.014849998807875023
-0.0105481885942309
-0.010831521919982379
21.0
702
5.299999999999989
0.014949770763735904
-0.00057086278518792
-0.006067169382596882
703
21.0
5.449999999999989
0.009799991719863411
-0.013608302706368258
-0.014921568019962583
22.0
703
5.549999999999988
0.014799901069163098
0.006198707659701874
0.0012987041585017511
704
22.0
5.699999999999988
0.009849999110628189
-0.013088751348227845
-0.013507279266619987
23.0
704
5.799999999999987
0.014749953792615587
0.004727906107401925
0.0015594311166626795
705
23.0
5.949999999999987
0.014899994964346075
-0.0038148447294343857
-0.002640348017659777
24.0
705
6.099999999999986
0.01484995366741844
0.017465930164391574
0.020686469380939876
706
24.0
6.249999999999986
0.024949511976754334
0.0008932097290068608
0.0076946091602621
707
706
6.499999999999985
0.0198499156320623
0.0046083180235168
0.008485396062460682
708
707
6.699999999999984
0.034448727669123574
0.01767292628380268
0.03166221168051897
709
708
7.049999999999983
0.03469921384172209
0.018203015676239165
0.02807050593969529
710
709
7.399999999999982
0.01994991747111978
0.0027133348094692256
0.00753351404894298
711
710
7.599999999999981
0.029749948708130157
0.004539102049719856
0.006873387970508071
712
711
7.89999999999998
0.019799716844266246
0.02228041901496125
0.029267913169837012
713
712
8.09999999999998
0.015099689715592356
0.009769082568466647
0.01781213368961798
714
713
8.249999999999982
0.019849410902613638
0.014067569342208763
0.02394752875443018
715
714
8.449999999999985
0.014999755284607641
0.008343130164620405
0.01507295915586604
716
715
8.599999999999987
0.009650406945955774
0.0018524769306251798
0.15660605163181085
717
716
8.84999999999999
5e-05
0.1450503914985659
0.1450503914985659
718
717
8.999999999999993
0.0
-2.024401993315977
0.14683158079485548
719
718
9.149999999999995
0.009449823318984635
0.059427747828944
0.06476689036106142
720
719
9.299999999999997
0.019949039978304915
0.017096906942573487
0.030035500933703663
721
720
9.5
0.005250866951666931
0.009770382221820917
0.1967105939537137
722
721
9.750000000000004
0.02409675887122137
0.028179101032637544
0.052707550350092
723
722
10.000000000000007
0.019998110068975214
0.03176716178430539
0.04822168447324593
724
723
10.20000000000001
0.020049027719816655
0.027428240363043255
0.13211272035562072
725
724
10.500000000000014
0.004049218488807325
0.1446457942814856
0.14865985716331442
726
725
10.700000000000017
0.034733984412308135
0.055176846416944425
0.10256726982822695
727
726
11.050000000000022
0.005050000000000001
0.008800681035937341
0.008800681035937341
728
727
11.100000000000023
0.034345521503434256
0.03946382031866191
0.058013781341424764
729
728
11.450000000000028
0.034499741485897364
0.010008547775643972
0.014382095432103892
730
729
11.800000000000033
0.019999998636326444
-0.0012557296965840514
-0.0014703546870213913
731
730
12.000000000000036
0.03449990061454531
-0.01210044739215288
-0.016191317474268718
732
731
12.35000000000004
0.03469899995405408
-0.01554339389395043
-0.02484036026901615
733
732
12.700000000000045
0.03459781328560924
-0.02008947133953365
-0.036244780643601704
734
733
13.05000000000005
0.004900000000000001
-0.0017068014212275884
-0.0017068014212275884
735
734
13.100000000000051
0.005050000000000001
-0.005215040364845436
-0.005215040364845436
44.0
735
13.150000000000052
0.014849945531868866
0.12802966620738854
0.12428740824858586
736
44.0
13.300000000000054
0.019699932179918937
-0.03731309233449176
-0.04103695080390546
737
736
13.500000000000057
0.02954992751110495
-0.0004786479810947597
-0.003542691188308744
738
736.0
13.950000000000063
0.03474990611896432
-0.004664136953158149
-0.0072595315724970355
739
738
14.300000000000068
0.009799996250000241
-0.0030448922398123024
-0.003937749387224798
740
739
14.40000000000007
0.059599804482733325
-0.0019495250677210585
-0.004058585067485687
741
740
15.000000000000078
0.049399986125116604
-4.92705981676167e-05
-0.000730393985043154
742
741
15.500000000000085
0.05499814748010063
0.0065345604127804435
0.01997250129495365
743
742
16.050000000000093
0.0394499824712732
0.005316263858722969
0.006482993851296914
744
743
16.4500000000001
0.024899593676447757
0.010187643541736513
0.01682919471631017
466.0
744
16.700000000000102
0.01479999127183933
0.005840805302468333
0.0061389471104340565
745
465.0
17.15000000000011
0.03449902219222876
0.021351862128364374
0.031380597306887914
746
745
17.500000000000114
0.005050000000000001
0.004783208073905421
0.004783208073905421
747
746
17.550000000000114
0.034598915796258296
0.01978352489451618
0.030464059046931613
748
747
17.90000000000012
0.009949939057851163
0.006855371398704513
0.010337783387190047
749
748
18.00000000000012
0.01979986326921398
0.012247167146710591
0.017028732807125024
470.0
749
18.200000000000124
0.004900000000000001
-0.01538859039052376
-0.01538859039052376
750
470.0
18.250000000000124
0.02479885590871184
0.02892482524866047
0.04400186651316362
472.0
750
18.500000000000128
0.0346956084744694
0.04573915848075094
0.07117558569490967
474.0
472.0
18.850000000000133
