0.0
5.5
5.5
16.976621538398238
1.0
0.000000000000000000e+00 
1.0
4.9984813075177925
4.979935243252117
17.77662153839824
1.0
1.000000000000000000e+00 
2.0
4.997804543492278
4.960434044126641
17.616514767055527
1.0
2.000000000000000000e+00 6.840000000000000000e+02 
3.0
4.997606657868275
4.935866502569504
17.388558818738225
1.0
3.000000000000000000e+00 6.850000000000000000e+02 
4.0
4.998329758008714
4.918179829454563
17.211536322828007
1.0
4.000000000000000000e+00 6.860000000000000000e+02 
5.0
4.999983720225941
4.904954118508882
17.06674232915311
1.0
5.000000000000000000e+00 9.700000000000000000e+01 6.870000000000000000e+02 
6.0
5.001970963619437
4.889468036847462
16.99310460845118
1.0
6.000000000000000000e+00 9.800000000000000000e+01 6.880000000000000000e+02 
7.0
5.003618999985404
4.877916865825234
16.95366423812878
1.0
7.000000000000000000e+00 9.900000000000000000e+01 6.890000000000000000e+02 
8.0
5.004911919898406
4.869297304708093
16.94913675043809
1.0
8.000000000000000000e+00 1.000000000000000000e+02 6.900000000000000000e+02 
9.0
5.006414321918202
4.859171146991138
16.96033971233629
1.0
9.000000000000000000e+00 1.010000000000000000e+02 6.910000000000000000e+02 
10.0
5.0075404384975
4.851354856578826
16.96282920828729
1.0
1.000000000000000000e+01 1.020000000000000000e+02 6.920000000000000000e+02 
11.0
5.0088174368894816
4.842468279392061
16.96572006358213
1.0
1.100000000000000000e+01 1.030000000000000000e+02 6.930000000000000000e+02 
12.0
5.010095878149971
4.83411879424857
17.028637645300787
1.0
1.200000000000000000e+01 6.940000000000000000e+02 
13.0
5.010681639446824
4.825226906649421
17.10274865990695
1.0
1.300000000000000000e+01 6.950000000000000000e+02 
14.0
5.011284164472828
4.815929917745228
17.148935672231595
1.0
1.400000000000000000e+01 6.960000000000000000e+02 
15.0
5.012641475951113
4.80263759036569
17.16399338318305
1.0
1.500000000000000000e+01 6.970000000000000000e+02 
16.0
5.014175508449936
4.789793338374841
17.182482936931326
1.0
1.600000000000000000e+01 6.980000000000000000e+02 
17.0
5.0154961556349695
4.778141955043527
17.109547892071983
1.0
1.700000000000000000e+01 6.990000000000000000e+02 
18.0
5.01563813522817
4.772908346084549
17.01773268307445
1.0
1.800000000000000000e+01 7.000000000000000000e+02 
19.0
5.016962199288533
4.7667254544801
16.91064164023566
1.0
1.900000000000000000e+01 7.010000000000000000e+02 
20.0
5.020632069574714
4.750060236778856
16.74956344027522
1.0
2.000000000000000000e+01 7.020000000000000000e+02 
21.0
5.024318027446834
4.725887355492332
16.662998031303783
1.0
2.100000000000000000e+01 7.030000000000000000e+02 
22.0
5.027834899910828
4.700715478726031
16.55137848212547
1.0
2.200000000000000000e+01 7.040000000000000000e+02 
23.0
5.0330664024018645
4.67151769146107
16.42152057168452
1.0
2.300000000000000000e+01 7.050000000000000000e+02 
24.0
5.035831632580919
4.65908470162557
16.411367566175475
1.0
2.400000000000000000e+01 7.060000000000000000e+02 
25.0
5.0381907541961635
4.6483853184932515
16.539350123514733
1.0
2.500000000000000000e+01 
26.0
5.042897889991152
4.640334345131758
17.083714138043018
1.0
2.600000000000000000e+01 
27.0
5.0463783042812205
4.625222575925578
17.206871897106158
1.0
2.700000000000000000e+01 
28.0
5.0467713027883425
4.603002491028266
17.807868637313266
1.0
2.800000000000000000e+01 
29.0
5.049726383515091
4.594640160757321
18.295412925248606
1.0
2.900000000000000000e+01 
30.0
5.0464769010963835
4.569805517170706
18.588694024707166
1.0
3.000000000000000000e+01 
31.0
5.043633215411806
4.549375428334492
18.87340101733098
1.0
3.100000000000000000e+01 
32.0
5.045342123288634
4.542278225668715
19.1996595176497
1.0
3.200000000000000000e+01 
33.0
5.03932170825754
4.525083060617638
19.820682732802943
1.0
3.300000000000000000e+01 
34.0
5.035202561571525
4.51043764241515
20.5294867483963
1.0
3.400000000000000000e+01 
35.0
5.023643001830277
4.487390315824215
20.773331329825755
1.0
3.500000000000000000e+01 
36.0
5.0097585285616955
4.462338657068043
21.317634651614107
1.0
3.600000000000000000e+01 
37.0
4.989289200083041
4.438306310959067
21.529132672264534
1.0
3.700000000000000000e+01 
38.0
4.973183660522593
4.417785082797052
21.704701088504
1.0
3.800000000000000000e+01 
39.0
4.951605897489706
4.387963063240978
21.928006815263906
1.0
3.900000000000000000e+01 
40.0
4.933702317026619
4.3661370620426725
22.130074796562756
1.0
4.000000000000000000e+01 
41.0
4.917751622657503
4.353417207054456
22.331178364124973
1.0
4.100000000000000000e+01 
42.0
4.887741790057095
4.336968711539915
22.604915958670045
1.0
4.200000000000000000e+01 
43.0
4.849623419411167
4.299575946502741
22.901705313201894
1.0
4.300000000000000000e+01 7.370000000000000000e+02 
44.0
4.79807378712739
4.2408905242903
23.18664504116088
15.949999999999925
4.400000000000000000e+01 7.350000000000000000e+02 7.360000000000000000e+02 7.380000000000000000e+02 7.390000000000000000e+02 
45.0
4.7584947476369175
4.215209092883418
23.285314055373306
7.249999999999954
4.500000000000000000e+01 7.400000000000000000e+02 
46.0
4.722571760829335
4.193248732622168
23.347500913586174
5.849999999999987
4.600000000000000000e+01 7.410000000000000000e+02 
47.0
4.6774989048485205
4.169415111334464
23.413474552770047
20.349999999999955
4.700000000000000000e+01 7.420000000000000000e+02 7.430000000000000000e+02 7.440000000000000000e+02 
48.0
4.652333111406376
4.1597713615775405
23.618734339324018
1.0
4.800000000000000000e+01 
49.0
4.628285988674563
4.157669409747482
24.144875283465637
1.0
4.900000000000000000e+01 
50.0
4.607632619637114
4.157216072873808
24.757462831212774
1.0
5.000000000000000000e+01 
51.0
4.584274270396205
4.155960610997913
24.98262183400994
1.0
5.100000000000000000e+01 
52.0
4.548549534636091
4.15878651960478
25.469256062113296
1.0
5.200000000000000000e+01 
53.0
4.530441187094444
4.170118092138679
26.17214991546114
1.0
5.300000000000000000e+01 
54.0
4.51326782867926
4.176181813390697
26.90450524853025
1.0
5.400000000000000000e+01 
55.0
4.49627828521641
4.185180174223357
27.58146094177033
1.0
5.500000000000000000e+01 
56.0
4.483478324933016
4.200128231845957
28.171043610993358
1.0
5.600000000000000000e+01 
57.0
4.457199288562185
4.218822820536085
28.667210460115424
1.0
5.700000000000000000e+01 
58.0
4.421010194336018
4.252630315268243
28.945258182545615
1.0
5.800000000000000000e+01 
59.0
4.359169536202804
4.283718041729501
28.857534668179145
1.0
5.900000000000000000e+01 
60.0
4.302304248797339
4.314439869929822
29.207557203132403
1.0
6.000000000000000000e+01 
61.0
4.273089452123472
4.337379355218904
29.618713605376076
1.0
6.100000000000000000e+01 
62.0
4.245700618220979
4.367286260844038
30.071922710195803
1.0
6.200000000000000000e+01 
63.0
4.222053792255762
4.3940052243847285
30.41654992484282
1.0
6.300000000000000000e+01 
64.0
4.209785991402744
4.419552195040293
30.669789455885685
1.0
6.400000000000000000e+01 
65.0
4.201166734801277
4.44292681510246
31.120892658331645
1.0
6.500000000000000000e+01 
66.0
4.180295160520371
4.485157342590906
30.912785423552485
1.0
6.600000000000000000e+01 
67.0
4.151460771527628
4.524018992774231
30.493184106105648
1.0
6.700000000000000000e+01 
68.0
4.129608903193702
4.549954823818405
30.328478793015186
1.0
6.800000000000000000e+01 
69.0
4.095915106169199
4.598907743390514
30.14952917592273
1.0
6.900000000000000000e+01 
70.0
4.060853785796448
4.658607854515829
29.954214825143374
1.0
7.000000000000000000e+01 
71.0
4.036296848797983
4.697233717774279
30.2520064278364
1.0
7.100000000000000000e+01 
72.0
4.012067085813496
4.711521253017652
30.60615155967308
1.0
7.200000000000000000e+01 
73.0
4.004969646682518
4.727558278049651
31.122530541826773
1.0
7.300000000000000000e+01 
74.0
3.9945045667236787
4.731494170961558
31.65354362319735
1.0
7.400000000000000000e+01 
75.0
3.980252655091972
4.740545940489603
31.59581492256728
1.0
7.500000000000000000e+01 
76.0
3.9725475951907
4.761864329312567
32.188532748738496
1.0
7.600000000000000000e+01 
77.0
3.955932468739718
4.772582231608298
32.5265485527513
1.0
7.700000000000000000e+01 
78.0
3.951124723046455
4.79501284179231
33.16020171307598
1.0
7.800000000000000000e+01 
79.0
3.9444543407999086
4.80078734892391
33.419956848301915
1.0
7.900000000000000000e+01 
80.0
3.937591101450849
4.820307755505524
33.39687129849217
1.0
8.000000000000000000e+01 
81.0
3.9321200691625338
4.833357782173407
34.018694706545695
1.0
8.100000000000000000e+01 
82.0
3.9306435249597174
4.845578831607132
34.4476833920342
1.0
8.200000000000000000e+01 
83.0
3.92756482832554
4.848130192828934
34.79522886881277
1.0
8.300000000000000000e+01 
84.0
3.9288250589368214
4.869594857703468
34.747073231782174
1.0
8.400000000000000000e+01 
85.0
3.926413605185984
4.877936940422017
34.774043363417455
1.0
8.500000000000000000e+01 
86.0
3.9294722207334827
4.892198925019993
0.13384805333802974
1.0
8.600000000000000000e+01 
87.0
3.929505908189597
4.897169123561378
0.360602227455032
1.0
8.700000000000000000e+01 
88.0
3.9272967552748224
4.898830999875104
0.5481559496107735
1.0
8.800000000000000000e+01 
89.0
3.9283953048079336
4.9072244177768205
0.9230628216678161
1.0
8.900000000000000000e+01 
90.0
3.932245450792111
4.918503377337447
1.2696278460154469
1.0
9.000000000000000000e+01 
91.0
3.9321758649045178
4.9273329714691325
1.8106623130693174
1.0
9.100000000000000000e+01 
92.0
3.9416560443269324
4.945535799286013
2.318421858786833
1.0
9.200000000000000000e+01 
93.0
3.9463494049619
4.960371226470963
2.536014607840632
1.0
9.300000000000000000e+01 
94.0
3.951305064687605
4.970904935777461
2.6910264958183676
1.0
9.400000000000000000e+01 
95.0
3.9655389507552687
4.990101958980357
2.9441085474758464
1.0
9.500000000000000000e+01 
96.0
3.979596291896473
5.009803145261332
3.0939536711048845
1.0
9.600000000000000000e+01 
97.0
10.925328085202809
6.3720606024715165
15.946136703078455
1.0
1.040000000000000000e+02 
98.0
10.423318527708687
5.848716662917936
16.746136703078456
1.0
1.050000000000000000e+02 6.400000000000000000e+02 
99.0
10.421364270863984
5.830832700991538
17.13625569218186
1.0
1.060000000000000000e+02 
100.0
10.41635464280764
5.8014812214034395
17.231032235993933
1.0
1.070000000000000000e+02 
101.0
10.414413773498307
5.79465949666214
17.67864907201326
1.0
1.080000000000000000e+02 1.740000000000000000e+02 
102.0
10.4075852918934
5.776958326572326
17.891456530669124
1.0
1.090000000000000000e+02 1.760000000000000000e+02 
103.0
10.40042338159887
5.759380891002275
18.736317967366222
1.0
1.100000000000000000e+02 1.770000000000000000e+02 
104.0
10.390470230544079
5.739876372960005
19.26331909060499
1.0
1.110000000000000000e+02 1.780000000000000000e+02 
105.0
10.370677624118017
5.71841936768568
19.97991221962573
1.0
1.120000000000000000e+02 1.790000000000000000e+02 
106.0
10.353418800012188
5.702076852070344
19.99610593436356
1.0
1.130000000000000000e+02 1.800000000000000000e+02 
107.0
10.32840315530922
5.6739559641137856
20.20316586339541
1.0
1.140000000000000000e+02 1.810000000000000000e+02 
108.0
10.309913778433298
5.654437193503782
20.410713246872145
1.0
1.150000000000000000e+02 
109.0
10.29743608291168
5.644888464677931
20.587794219984822
1.0
1.160000000000000000e+02 
110.0
10.282487469871722
5.6394362644319544
20.810820234281866
1.0
1.170000000000000000e+02 
111.0
10.26380222604337
5.626689559718852
21.002556551153976
1.0
1.180000000000000000e+02 
112.0
10.2366056716868
5.6048559864410405
21.17865189536596
1.0
1.190000000000000000e+02 
113.0
10.21007604897774
5.582825682304462
21.35867843846573
1.0
1.200000000000000000e+02 
114.0
10.177176138287408
5.5618015762834885
21.56476723906056
1.0
1.210000000000000000e+02 
115.0
10.130940757023177
5.537280956478628
21.70364466441158
1.0
1.220000000000000000e+02 6.660000000000000000e+02 
116.0
10.095564673375705
5.518202334460367
21.743598620527933
1.0
1.230000000000000000e+02 6.670000000000000000e+02 6.680000000000000000e+02 
117.0
10.060313655986803
5.49735897382333
21.724323111456847
1.0
1.240000000000000000e+02 6.690000000000000000e+02 6.700000000000000000e+02 
118.0
10.032044351633946
5.4789675566025675
21.627741315760662
1.0
1.250000000000000000e+02 6.710000000000000000e+02 6.720000000000000000e+02 
119.0
9.990991945040827
5.4494614430290005
21.535829597154947
1.0
1.260000000000000000e+02 6.730000000000000000e+02 6.740000000000000000e+02 
120.0
9.969788881185364
5.4349482684600074
22.090782562232395
1.0
1.270000000000000000e+02 
121.0
9.942303202003005
5.422771720356114
22.74846219752643
1.0
1.280000000000000000e+02 
122.0
9.917799080230942
5.410868812967739
23.265549372140587
1.0
1.290000000000000000e+02 
123.0
9.882742656962627
5.405217383010225
23.99453272788418
1.0
1.300000000000000000e+02 
124.0
9.856802106819789
5.397140379602249
24.611586399937284
1.0
1.310000000000000000e+02 
125.0
9.837333454101497
5.397289164806993
25.35825866949818
1.0
1.320000000000000000e+02 
126.0
9.819714954720828
5.399901646347001
26.04386564562858
1.0
1.330000000000000000e+02 
127.0
9.806014500774618
5.402409214636249
26.739792324149835
1.0
1.340000000000000000e+02 
128.0
9.793149257096815
5.407866811550501
27.402705525924812
1.0
1.350000000000000000e+02 
129.0
9.76749014512678
5.421222348351029
27.951968837660495
1.0
1.360000000000000000e+02 
130.0
9.759395190699479
5.426326766246838
28.46623286853661
1.0
1.370000000000000000e+02 
131.0
9.739008530479694
5.4440398041977165
28.643673848630637
1.0
1.380000000000000000e+02 
132.0
9.731513809853002
5.453142360130263
29.150461622985908
1.0
1.390000000000000000e+02 
133.0
9.71924442796994
5.469678155914288
29.75303981809704
1.0
1.400000000000000000e+02 
134.0
9.716210930367609
5.476730201033715
30.180804140760518
1.0
1.410000000000000000e+02 
135.0
9.708212475959176
5.494954214416945
30.531439286607295
1.0
1.420000000000000000e+02 
136.0
9.706614511712786
5.506812587385714
31.087437355707618
1.0
1.430000000000000000e+02 
137.0
9.702673624574835
5.518658935507205
31.136739266945998
1.0
1.440000000000000000e+02 
138.0
9.69730559778163
5.532228583156302
31.406240589944307
1.0
1.450000000000000000e+02 
139.0
9.69099898163583
5.556194938620959
31.37206957619345
1.0
1.460000000000000000e+02 
140.0
9.68582570950037
5.5692159570975095
31.64591180307674
1.0
1.470000000000000000e+02 
141.0
9.682347773049093
5.591810266018778
32.003276229909815
1.0
1.480000000000000000e+02 
142.0
9.66870063320875
5.626749820334743
32.014055775133556
1.0
1.490000000000000000e+02 
143.0
9.659140385089866
5.659988205544157
32.17555815219713
1.0
1.500000000000000000e+02 
144.0
9.655471100921439
5.692850250786014
32.3974495760193
1.0
1.510000000000000000e+02 
145.0
9.643428935825677
5.728153539195101
32.536985784473345
1.0
1.520000000000000000e+02 
146.0
9.623286679818516
5.765631489830056
32.69301136201385
1.0
1.530000000000000000e+02 
147.0
9.603779724772853
5.7969933050449685
32.7519586030606
1.0
1.540000000000000000e+02 
148.0
9.584035605821702
5.829796718974042
32.850212818910066
1.0
1.550000000000000000e+02 
149.0
9.560876478874473
5.867273013224732
32.855657499168416
1.0
1.560000000000000000e+02 
150.0
9.561326874047111
5.884353315034448
33.44770250628984
1.0
1.570000000000000000e+02 
151.0
9.549229901049372
5.90387072484221
33.68186451126995
1.0
1.580000000000000000e+02 
152.0
9.53933582258038
5.927877455716271
33.500101996671305
1.0
1.590000000000000000e+02 
153.0
9.542759509138978
5.960076130506972
33.30711742559089
1.0
1.600000000000000000e+02 
154.0
9.53536155584829
5.970585798042511
34.97480530682903
1.0
1.610000000000000000e+02 
155.0
9.529772677552337
5.985530813617052
34.886581006180684
1.0
1.620000000000000000e+02 
156.0
9.537656111847971
6.005950991616674
35.48761781291824
1.0
1.630000000000000000e+02 
157.0
9.535044027889613
6.013759453928661
35.78817892044897
1.0
1.640000000000000000e+02 
158.0
9.533127750494899
6.0191786382216605
35.98025177807842
1.0
1.650000000000000000e+02 
159.0
9.537237560428942
6.027380212411854
0.19003610311155272
1.0
1.660000000000000000e+02 
160.0
9.54487694448915
6.042855354350316
0.9137179643338946
1.0
1.670000000000000000e+02 
161.0
9.548754422908354
6.05608387015499
1.0301023418801458
1.0
1.680000000000000000e+02 
162.0
9.564584860613664
6.079284660978018
1.6214356472119826
1.0
1.690000000000000000e+02 
163.0
9.57816930694915
6.0970427784608106
1.988770334082088
1.0
1.700000000000000000e+02 
164.0
9.58735343137229
6.109798960856928
2.3516735350146254
1.0
1.710000000000000000e+02 
165.0
9.603401747369187
6.126432113928965
2.7297480406447994
1.0
1.720000000000000000e+02 
166.0
9.619665292782436
6.142604424005502
3.414989355405262
1.0
1.730000000000000000e+02 
167.0
9.641572080244858
6.158161388851966
4.008270432983622
1.0
1.750000000000000000e+02 
168.0
9.253128784128126
4.7139711525613555
20.508792613037105
1.0
1.820000000000000000e+02 6.750000000000000000e+02 
169.0
9.216235644345463
4.6741688133960375
20.244836622384003
1.0
1.830000000000000000e+02 6.760000000000000000e+02 
170.0
9.200633640471453
4.655852066745189
19.903253149735495
1.0
1.840000000000000000e+02 6.770000000000000000e+02 6.780000000000000000e+02 
171.0
5.116962677931836
1.5397340985644368
11.954352765926213
1.0
1.850000000000000000e+02 
172.0
4.615793006020047
1.026624092165572
12.754352765926214
1.0
1.860000000000000000e+02 
173.0
4.6147207864592
1.012747668193164
12.730076900934524
1.0
1.870000000000000000e+02 5.960000000000000000e+02 
174.0
4.613721785101058
0.9991005653950067
12.708724704983155
1.0
1.880000000000000000e+02 5.970000000000000000e+02 
175.0
4.6128555647619915
0.9870627978433406
12.672408900914746
1.0
1.890000000000000000e+02 5.980000000000000000e+02 
176.0
4.6120799464596
0.9756191210140965
12.647141274162113
1.0
1.900000000000000000e+02 5.990000000000000000e+02 
177.0
4.6115494293726
0.9676162084134443
12.627551688323663
1.0
1.910000000000000000e+02 2.800000000000000000e+02 6.000000000000000000e+02 
178.0
4.610896615599932
0.9570722149469182
12.632593081707807
1.0
1.920000000000000000e+02 2.810000000000000000e+02 6.010000000000000000e+02 
179.0
4.610287062456305
0.9470726168141876
12.69865203514572
1.0
1.930000000000000000e+02 2.830000000000000000e+02 6.020000000000000000e+02 
180.0
4.609646143746671
0.9372734003086434
12.704231798635647
1.0
1.940000000000000000e+02 2.840000000000000000e+02 6.030000000000000000e+02 
181.0
4.608994317067024
0.9273335442891399
12.72685314092925
1.0
1.950000000000000000e+02 2.850000000000000000e+02 6.040000000000000000e+02 
182.0
4.60818016912471
0.9158255051598561
12.75670446064678
1.0
1.960000000000000000e+02 2.860000000000000000e+02 6.050000000000000000e+02 
183.0
4.607218750592054
0.9051625845473596
12.773829906294988
1.0
1.970000000000000000e+02 6.060000000000000000e+02 
184.0
4.605836709370845
0.8932894601676047
12.827345952021453
1.0
1.980000000000000000e+02 6.070000000000000000e+02 
185.0
4.605207346286489
0.8876128532099727
12.851922108289735
1.0
1.990000000000000000e+02 6.080000000000000000e+02 
186.0
4.604349473579207
0.8805502676106141
12.889092946486045
1.0
2.000000000000000000e+02 6.090000000000000000e+02 
187.0
4.603815880486449
0.8762800198100953
12.929572067746772
1.0
2.010000000000000000e+02 6.100000000000000000e+02 
188.0
4.601472125207586
0.8621458601039258
13.349576856385319
1.0
2.020000000000000000e+02 
189.0
4.598346271966699
0.8562171491949293
13.941485094805387
1.0
2.030000000000000000e+02 
190.0
4.595152725811742
0.8447799243045822
14.302376029418518
1.0
2.040000000000000000e+02 
191.0
4.591632302358237
0.8346347542152266
14.654111964453541
1.0
2.050000000000000000e+02 
192.0
4.586563573068858
0.8306188358447777
15.119900273276222
1.0
2.060000000000000000e+02 
193.0
4.5777274348032595
0.8129915493481725
15.710499824479584
1.0
2.070000000000000000e+02 
194.0
4.567352908087864
0.801698832755644
16.360503272477708
1.0
2.080000000000000000e+02 
195.0
4.545328924061879
0.7943402672542952
16.77302368198304
1.0
2.090000000000000000e+02 
196.0
4.5231137541620114
0.7766297263386974
17.416542170121275
1.0
2.100000000000000000e+02 
197.0
4.489092199306615
0.7574994954838417
17.930678022500036
1.0
2.110000000000000000e+02 
198.0
4.4485571920936895
0.7277431877478833
18.64820821792729
1.0
2.120000000000000000e+02 
199.0
4.43177147658972
0.7230651647802802
19.118375086572904
1.0
2.130000000000000000e+02 
200.0
4.384231229781548
0.699132844665904
19.84241830947114
1.0
2.140000000000000000e+02 
201.0
4.36785738988112
0.6916634088819471
20.38246087683423
1.0
2.150000000000000000e+02 
202.0
4.341392411304087
0.6855644951608646
21.091207299417093
1.0
2.160000000000000000e+02 
203.0
4.32798307236091
0.6799186636316605
21.563127792271704
1.0
2.170000000000000000e+02 
204.0
4.28500068201968
0.6822119951278545
21.538993706829224
1.0
2.180000000000000000e+02 
205.0
4.251085127798129
0.6866712354631268
21.70718585031679
1.0
2.190000000000000000e+02 
206.0
4.222320547854773
0.682930715538145
22.310304052426716
1.0
2.200000000000000000e+02 
207.0
4.180039866403016
0.6660820544218886
22.301848942509917
1.0
2.210000000000000000e+02 
208.0
4.15016300596008
0.656658567300628
22.389325962117468
1.0
2.220000000000000000e+02 
209.0
4.1216218132612195
0.659396868731335
22.559955731045505
1.0
2.230000000000000000e+02 
210.0
4.089220005619483
0.6684908196337425
22.74776452865264
1.0
2.240000000000000000e+02 
211.0
4.063907981149285
0.6742609014627021
22.85180360955668
1.0
2.250000000000000000e+02 
212.0
4.023182024277203
0.6881157531543955
23.005060983425423
1.0
2.260000000000000000e+02 
213.0
3.983330912730704
0.696065251161798
23.323407442197993
1.0
2.270000000000000000e+02 
214.0
3.9602996473379974
0.7057019613436673
24.31468749136412
1.0
2.280000000000000000e+02 
215.0
3.929360854117446
0.7251132845488044
24.62164477653065
1.0
2.290000000000000000e+02 
216.0
3.89310708970663
0.7542595737554052
24.777020191348413
1.0
2.300000000000000000e+02 
217.0
3.881221347059716
0.7639205319279547
25.384199110545367
1.0
2.310000000000000000e+02 
218.0
3.8609971406491876
0.7854224415688549
25.43305671969404
1.0
2.320000000000000000e+02 
219.0
3.834648062236665
0.8129411652349425
25.552812739880892
1.0
2.330000000000000000e+02 
220.0
3.808889840758212
0.8423453230906865
26.200036365559093
1.0
2.340000000000000000e+02 
221.0
3.786398317929466
0.8763304499693181
26.676440781623903
1.0
2.350000000000000000e+02 
222.0
3.7758723276349446
0.8916686677981289
27.164149687596833
1.0
2.360000000000000000e+02 
223.0
3.7661406289821375
0.9183243228082087
27.818587473984927
1.0
2.370000000000000000e+02 
224.0
3.7672034361408375
0.9288031431134689
28.448693390446458
1.0
2.380000000000000000e+02 
225.0
3.747866632408721
0.963879197581262
28.81672810382794
1.0
2.390000000000000000e+02 
226.0
3.7517287154090297
0.9757380356112009
29.503988723754475
1.0
2.400000000000000000e+02 
227.0
3.7439366689696225
0.9885601329811173
30.95718710305019
1.0
2.410000000000000000e+02 
228.0
3.7500943276412517
0.9975410800603788
31.447953465244044
1.0
2.420000000000000000e+02 
229.0
3.7461404294100227
1.00896066998573
31.886938036122547
1.0
2.430000000000000000e+02 
230.0
3.748164232611373
1.0165106198309415
32.20280899713049
1.0
2.440000000000000000e+02 
231.0
3.754625287624412
1.0265361268897308
32.67225994475753
1.0
2.450000000000000000e+02 
232.0
3.7513790113182157
1.0339459322110987
33.02479279071132
1.0
2.460000000000000000e+02 
233.0
3.7630418791855487
1.043647296550799
33.48048263201029
1.0
2.470000000000000000e+02 
234.0
3.7630613499853833
1.0484849775567016
33.7187001160606
1.0
2.480000000000000000e+02 
235.0
3.761101894258408
1.052849320623607
33.98872233137584
1.0
2.490000000000000000e+02 
236.0
3.764590694170229
1.059775442278343
33.87718085323917
1.0
2.500000000000000000e+02 
237.0
3.763513660148213
1.0694337443472381
33.673172500163474
1.0
2.510000000000000000e+02 
238.0
3.766335777672049
1.075965364314217
33.55130374887946
1.0
2.520000000000000000e+02 
239.0
3.77055988318104
1.0831820877230003
33.4152322603356
1.0
2.530000000000000000e+02 
240.0
3.783459259317496
1.0973423857144002
33.19240728336733
1.0
2.540000000000000000e+02 
241.0
3.7856654487331287
1.1015358419588637
33.129423500367835
1.0
2.550000000000000000e+02 
242.0
3.7854804808422617
1.114571641834825
32.93600869023733
1.0
2.560000000000000000e+02 
243.0
3.7839006690687835
1.1255236187671853
32.919083695946696
1.0
2.570000000000000000e+02 
244.0
3.783206353205161
1.1308813312409391
32.90880160848825
1.0
2.580000000000000000e+02 
245.0
3.7826939124364944
1.1359389431465523
32.9054710310875
1.0
2.590000000000000000e+02 
246.0
3.782468768969986
1.1442018294334169
32.92640329521514
1.0
2.600000000000000000e+02 
247.0
3.7835546677207166
1.1531709877541578
32.95267532195719
1.0
2.610000000000000000e+02 
248.0
3.7860820046292485
1.162928013002487
33.01956402481797
1.0
2.620000000000000000e+02 
249.0
3.7891386072079047
1.1705445285362783
33.05619479683108
1.0
2.630000000000000000e+02 
250.0
3.7928827418015008
1.1791256376840966
33.13772286677127
1.0
2.640000000000000000e+02 
251.0
3.7991789226971715
1.1891419122116602
33.18231982706557
1.0
2.650000000000000000e+02 
252.0
3.804671040444317
1.198201823006909
33.22175601832021
1.0
2.660000000000000000e+02 
253.0
3.8096063122041404
1.2067784424063221
33.3027006232886
1.0
2.670000000000000000e+02 
254.0
3.814851302008119
1.215380709218639
33.37134190436285
1.0
2.680000000000000000e+02 
255.0
3.822030858271889
1.228245197050617
33.41891314601811
1.0
2.690000000000000000e+02 
256.0
3.8270085978438413
1.2385428660169415
33.55198354726893
1.0
2.700000000000000000e+02 
257.0
3.831673278853799
1.2478716972507025
33.607967511723885
1.0
2.710000000000000000e+02 
258.0
3.834776130434495
1.2555790462187941
33.70814462069842
1.0
2.720000000000000000e+02 
259.0
3.8380240123406946
1.262886630899044
33.76220788527603
1.0
2.730000000000000000e+02 
260.0
3.840326711348103
1.2676912949391168
33.8339139020498
1.0
2.740000000000000000e+02 
261.0
3.8447343063782657
1.275587311623993
33.88523003863767
1.0
2.750000000000000000e+02 
262.0
3.8481127834051776
1.281191865652998
33.93292887809001
1.0
2.760000000000000000e+02 
263.0
3.8573021830785184
1.294545673140842
34.030073834054065
1.0
2.770000000000000000e+02 
264.0
3.865541411772872
1.3068788648119458
34.0877103386255
1.0
2.780000000000000000e+02 
265.0
3.8737255134334116
1.3179969770601971
34.14660183581489
1.0
2.790000000000000000e+02 
266.0
3.901311739831236
1.3527002812719306
34.41798073935064
1.0
2.820000000000000000e+02 
267.0
3.9517861911322587
1.4049376968919693
34.75967251114854
1.0
2.870000000000000000e+02 
268.0
3.616465530328041
10.974362038407936
12.653305711364169
1.0
2.880000000000000000e+02 
269.0
3.615455274333341
10.962774624559767
12.753125580518685
1.0
2.890000000000000000e+02 
270.0
3.614511956012654
10.954004352395483
12.826669460869844
1.0
2.900000000000000000e+02 
271.0
3.6134347302990424
10.946342822501073
12.887446887850974
1.0
2.910000000000000000e+02 
272.0
3.612721162717788
10.941659863622451
12.9400815482328
1.0
2.920000000000000000e+02 
273.0
3.611930728238951
10.936990914926014
12.983929729839073
1.0
2.930000000000000000e+02 
274.0
3.610941050193544
10.930890100009147
13.0384551224857
1.0
2.940000000000000000e+02 
275.0
3.6103887371205623
10.92716838223227
13.077719666442036
1.0
2.950000000000000000e+02 
276.0
3.609228335527206
10.917904792100728
13.190775410151659
1.0
2.960000000000000000e+02 
277.0
3.6074170446239187
10.907058587561536
13.277485608130757
1.0
2.970000000000000000e+02 
278.0
3.6064720042797873
10.901848255649579
13.336660452612449
1.0
2.980000000000000000e+02 
279.0
3.605435240474561
10.896910231194198
13.376315076943598
1.0
2.990000000000000000e+02 
280.0
3.6044531080118976
10.89262778564835
13.408424239462278
1.0
3.000000000000000000e+02 
281.0
3.602807046817217
10.885967665610213
13.502908090779925
1.0
3.010000000000000000e+02 
282.0
3.6013869991334264
10.882150940200749
13.630309894149867
1.0
3.020000000000000000e+02 
283.0
3.6000922464127303
10.879439744830101
13.739992024277967
1.0
3.030000000000000000e+02 
284.0
3.5990997880021975
10.87844333337193
13.79830370787612
1.0
3.040000000000000000e+02 
285.0
3.5981178689906574
10.877056143034412
13.835608969441722
1.0
3.050000000000000000e+02 
286.0
3.59718386982178
10.875466470097713
13.893312972952906
1.0
3.060000000000000000e+02 
287.0
3.5966799468268995
10.872192469047533
14.375736208849126
1.0
3.070000000000000000e+02 
288.0
3.596180575795719
10.869091099304672
14.64754247802449
1.0
3.080000000000000000e+02 
289.0
3.596012124759298
10.872441903913707
15.148998013666436
1.0
3.090000000000000000e+02 6.210000000000000000e+02 
290.0
3.591178952930063
10.856650703195278
15.55457390764051
1.0
3.100000000000000000e+02 6.220000000000000000e+02 
291.0
3.584672872008211
10.851633233377619
15.691130926592518
1.0
3.110000000000000000e+02 6.230000000000000000e+02 
292.0
3.5806067813008386
10.850681572170114
15.820133169087086
1.0
3.120000000000000000e+02 6.240000000000000000e+02 
293.0
3.569017843121417
10.840350682667214
16.036464388108808
1.0
3.130000000000000000e+02 6.250000000000000000e+02 
294.0
3.5552848256995713
10.82250472468106
16.288894363485202
1.0
3.140000000000000000e+02 6.260000000000000000e+02 
295.0
3.5356284694574835
10.801956267406851
16.574985781925527
1.0
3.150000000000000000e+02 6.270000000000000000e+02 
296.0
3.510711807749219
10.793017418048358
16.958459731604485
1.0
3.160000000000000000e+02 6.280000000000000000e+02 
297.0
3.4885730074700625
10.775302605444232
17.144920167624463
1.0
3.170000000000000000e+02 6.290000000000000000e+02 6.300000000000000000e+02 
298.0
3.4465338985625156
10.740785242756555
17.32983037988201
1.0
3.180000000000000000e+02 6.310000000000000000e+02 
299.0
3.4212731137839025
10.722849365554481
17.398472725184956
1.0
3.190000000000000000e+02 6.320000000000000000e+02 
300.0
3.4043592240546268
10.711657037563022
17.453466990685367
1.0
3.200000000000000000e+02 6.330000000000000000e+02 
301.0
3.3846417479925996
10.698674267823865
17.534080575015402
1.0
3.210000000000000000e+02 6.340000000000000000e+02 
302.0
3.3648218975966273
10.687037407029475
17.632839630998458
1.0
3.220000000000000000e+02 6.350000000000000000e+02 
303.0
3.3407536911205344
10.673118854400151
17.6371263145629
1.0
3.230000000000000000e+02 6.360000000000000000e+02 
304.0
3.324543938284437
10.662703186237202
17.608831009183596
1.0
3.240000000000000000e+02 6.370000000000000000e+02 6.380000000000000000e+02 6.390000000000000000e+02 
305.0
10.168417663183007
9.867124445781204
7.077585861819923
1.0
3.250000000000000000e+02 
306.0
9.666013846681736
9.339764585655253
7.877585861819924
1.0
3.260000000000000000e+02 4.850000000000000000e+02 
307.0
9.663768651015044
9.312054645964327
7.841704985986169
1.0
3.270000000000000000e+02 4.860000000000000000e+02 
308.0
9.662496912579623
9.295162569236783
7.744376302308467
1.0
3.280000000000000000e+02 4.870000000000000000e+02 
309.0
9.661658494279294
9.282599720350479
7.702769488129057
1.0
3.290000000000000000e+02 4.880000000000000000e+02 
310.0
9.660920181865844
9.269433459748893
7.625387944120405
1.0
3.300000000000000000e+02 4.890000000000000000e+02 
311.0
9.660105313963331
9.249830298642902
7.521173103152549
1.0
3.310000000000000000e+02 4.900000000000000000e+02 
312.0
9.659119523993187
9.231622431344288
7.455937139329443
1.0
3.320000000000000000e+02 4.910000000000000000e+02 
313.0
9.657889495646039
9.192930934850459
7.3095163632992595
1.0
3.330000000000000000e+02 4.200000000000000000e+02 4.920000000000000000e+02 
314.0
9.658201595428427
9.168707531465923
7.186553635198127
1.0
3.340000000000000000e+02 4.210000000000000000e+02 4.930000000000000000e+02 
315.0
9.658742230480446
9.146176796202024
7.33755607633551
1.0
3.350000000000000000e+02 4.220000000000000000e+02 4.940000000000000000e+02 4.950000000000000000e+02 
316.0
9.658065122677275
9.136748469798484
7.840015300427655
1.0
3.360000000000000000e+02 4.230000000000000000e+02 
317.0
9.656531111570477
9.12929189786713
8.307819247974255
1.0
3.370000000000000000e+02 4.240000000000000000e+02 
318.0
9.653744909566292
9.11368711879119
8.795022389182424
1.0
3.380000000000000000e+02 4.250000000000000000e+02 
319.0
9.64734435666243
9.09580996698756
9.454017429694911
1.0
3.390000000000000000e+02 4.260000000000000000e+02 
320.0
9.637090776098685
9.082058089842747
10.00378262153377
1.0
3.400000000000000000e+02 
321.0
9.625225734551577
9.059829354882275
10.542845129821533
1.0
3.410000000000000000e+02 
322.0
9.600999591790764
9.03238452340548
10.618763733910086
1.0
3.420000000000000000e+02 
323.0
9.583553243966168
9.007377573680593
10.621046587395352
1.0
3.430000000000000000e+02 
324.0
9.561277539148431
8.989478578488217
10.780195748606555
1.0
3.440000000000000000e+02 
325.0
9.523644387805614
8.9613925623214
11.022866602551911
1.0
3.450000000000000000e+02 
326.0
9.477138293252992
8.916702921820857
10.99046826173215
1.0
3.460000000000000000e+02 5.510000000000000000e+02 5.520000000000000000e+02 
327.0
9.445378134449548
8.890180579652728
10.72916948698111
1.0
3.470000000000000000e+02 5.530000000000000000e+02 5.540000000000000000e+02 
328.0
9.416795250718195
8.85762775066646
10.337554320153352
1.0
3.480000000000000000e+02 5.550000000000000000e+02 
329.0
9.39010690944231
8.826219200524193
9.988137050998585
1.0
3.490000000000000000e+02 5.560000000000000000e+02 
330.0
9.365111133502555
8.780652580704007
9.634923358798606
1.0
3.500000000000000000e+02 5.570000000000000000e+02 5.580000000000000000e+02 
331.0
9.323140779167865
8.752099254171746
9.325399028098698
1.0
3.510000000000000000e+02 5.590000000000000000e+02 
332.0
9.30210609347898
8.719901115065943
9.127803305018116
1.0
3.520000000000000000e+02 5.600000000000000000e+02 
333.0
9.291843434016595
8.676044694385128
8.994296887002488
1.0
3.530000000000000000e+02 5.610000000000000000e+02 5.620000000000000000e+02 
334.0
9.274219391676343
8.626440948745563
9.420896066362186
1.0
3.540000000000000000e+02 
335.0
9.25671761275813
8.606968573523982
10.041507277342383
1.0
3.550000000000000000e+02 
336.0
9.241513797408121
8.585382031204773
10.504843413701916
1.0
3.560000000000000000e+02 
337.0
9.229826486315616
8.57828253380101
10.869989997635532
1.0
3.570000000000000000e+02 
338.0
9.215166748049178
8.56544951998328
11.499502167099283
1.0
3.580000000000000000e+02 
339.0
9.195547300245995
8.560551408944907
11.928861837522682
1.0
3.590000000000000000e+02 
340.0
9.16807663491641
8.541364897997509
12.412167143372901
1.0
3.600000000000000000e+02 
341.0
9.14890408683969
8.531355541236834
12.468163192093922
1.0
3.610000000000000000e+02 
342.0
9.121763024005727
8.516391702950063
12.632718706074275
1.0
3.620000000000000000e+02 
343.0
9.088839596923627
8.510250856370721
13.126996965306127
1.0
3.630000000000000000e+02 
344.0
9.068124807025157
8.49991466713276
13.365978136558969
1.0
3.640000000000000000e+02 
345.0
9.026217238257136
8.496353593914664
14.265747443923964
1.0
3.650000000000000000e+02 5.770000000000000000e+02 
346.0
9.000359738515794
8.492611623181002
14.798176109233601
1.0
3.660000000000000000e+02 
347.0
8.98575811674533
8.495788575799693
15.45176602847085
1.0
3.670000000000000000e+02 
348.0
8.964270070464277
8.500565317684305
15.77804099738416
1.0
3.680000000000000000e+02 
349.0
8.951966056003819
8.504073246972952
16.261301662414546
1.0
3.690000000000000000e+02 
350.0
8.93917227268777
8.51185841323592
16.426211577134296
1.0
3.700000000000000000e+02 
351.0
8.922814381298181
8.518006326246988
16.904676658145014
1.0
3.710000000000000000e+02 
352.0
8.912532390348652
8.52652122421723
17.591197591166665
1.0
3.720000000000000000e+02 
353.0
8.896718289834112
8.535716747813122
18.260755565932083
1.0
3.730000000000000000e+02 
354.0
8.886273766638968
8.548310130387687
19.018002397762807
1.0
3.740000000000000000e+02 
355.0
8.881838386112047
8.560428957618432
19.60996891588895
1.0
3.750000000000000000e+02 
356.0
8.87191310867695
8.57782414762827
20.42666511111994
1.0
3.760000000000000000e+02 
357.0
8.862062819083015
8.593535478593648
20.825752791919196
1.0
3.770000000000000000e+02 
358.0
8.836667001447964
8.633498397171461
20.190727803740348
1.0
3.780000000000000000e+02 
359.0
8.787362802137558
8.667780722675214
20.186381073152962
1.0
3.790000000000000000e+02 
360.0
8.752882229173672
8.711225274628827
20.518592522235185
1.0
3.800000000000000000e+02 
361.0
8.723121683619102
8.733312219363619
20.769437727854612
1.0
3.810000000000000000e+02 
362.0
8.697554733492886
8.747784991073928
20.9635442337718
1.0
3.820000000000000000e+02 
363.0
8.673807743105158
8.766575987302009
21.024855985343883
1.0
3.830000000000000000e+02 
364.0
8.653184323581502
8.783124727682058
21.04986605336157
1.0
3.840000000000000000e+02 
365.0
8.624555166826479
8.808032430544156
20.808779360956425
1.0
3.850000000000000000e+02 
366.0
8.596825031200098
8.833379182375696
20.466643590018112
1.0
3.860000000000000000e+02 
367.0
8.570943409254856
8.856396320810333
20.14510486533997
1.0
3.870000000000000000e+02 
368.0
8.540926439342922
8.875157294635827
19.850623863229092
1.0
3.880000000000000000e+02 
369.0
8.513053096379124
8.893029238034412
19.49592484474807
1.0
3.890000000000000000e+02 
370.0
8.484486769465196
8.906723361874064
19.080587635282935
1.0
3.900000000000000000e+02 
371.0
8.446772987759704
8.924269161128933
18.605368543966417
1.0
3.910000000000000000e+02 
372.0
8.4044422331677
8.933101134496393
18.08419496312362
1.0
3.920000000000000000e+02 
373.0
8.383132555548556
8.936123451664788
18.669430197183633
1.0
3.930000000000000000e+02 
374.0
8.33613482516477
8.956012326663533
19.401654677347864
1.0
3.940000000000000000e+02 
375.0
8.268572133981323
8.967777282472731
19.423908330786727
1.0
3.950000000000000000e+02 
376.0
8.207414152985617
8.985818797746028
19.953970824073046
1.0
3.960000000000000000e+02 
377.0
8.163644017600166
9.015475495850051
20.43348957259335
1.0
3.970000000000000000e+02 
378.0
8.131555321444452
9.040154746310733
21.037823927481142
1.0
3.980000000000000000e+02 
379.0
8.108771416084423
9.068580552454044
21.82533810831049
1.0
3.990000000000000000e+02 
380.0
8.089462991211544
9.092763171284112
22.380391078393988
1.0
4.000000000000000000e+02 
381.0
8.08197116005195
9.104215532254582
22.891621178415416
1.0
4.010000000000000000e+02 
382.0
8.075518067789336
9.113324576392557
23.065926658786207
1.0
4.020000000000000000e+02 
383.0
8.077435551044026
9.122276124332256
23.661299235181385
1.0
4.030000000000000000e+02 
384.0
8.077547950312805
9.126339927175543
24.255115931119352
1.0
4.040000000000000000e+02 
385.0
8.079594981446345
9.135387551209359
25.9181031584411
1.0
4.050000000000000000e+02 
386.0
8.082414319357213
9.143206325257541
26.387847776377136
1.0
4.060000000000000000e+02 
387.0
8.087082172031138
9.149278251072431
27.065616965551435
1.0
4.070000000000000000e+02 
388.0
8.09469748725546
9.161130685756053
27.56865712606703
1.0
4.080000000000000000e+02 
389.0
8.105642933227958
9.178624848175374
27.474284412864826
1.0
4.090000000000000000e+02 
390.0
8.11356686190598
9.19920113905518
27.28255526924724
1.0
4.100000000000000000e+02 
391.0
8.117927407023522
9.21423071306798
27.09716898306891
1.0
4.110000000000000000e+02 
392.0
8.121590218571349
9.233967752088962
27.11807325150115
1.0
4.120000000000000000e+02 
393.0
8.125837824783574
9.252049760710538
27.196979627109087
1.0
4.130000000000000000e+02 
394.0
8.134309819852223
9.281901983313624
27.42307861364226
1.0
4.140000000000000000e+02 
395.0
8.139470685320461
9.298475269648037
27.639094291001413
1.0
4.150000000000000000e+02 
396.0
8.14641301797447
9.316258233334413
27.934975277682575
1.0
4.160000000000000000e+02 
397.0
8.153172626000622
9.331461354998996
28.151781536540156
1.0
4.170000000000000000e+02 
398.0
8.163819185717912
9.353759130938258
28.367590344650566
1.0
4.180000000000000000e+02 
399.0
8.166838803572979
9.359536242948689
28.52425083710053
1.0
4.190000000000000000e+02 
400.0
8.650487388061467
8.311024288429756
9.903009514401447
1.0
4.270000000000000000e+02 
401.0
8.581544483335623
8.163340021828343
8.515201922941056
1.0
4.280000000000000000e+02 5.630000000000000000e+02 
402.0
8.56512747787793
8.112597559754983
8.470273439051464
1.0
4.290000000000000000e+02 5.640000000000000000e+02 
403.0
8.557428603764617
8.078815677663984
8.55346386555895
1.0
4.300000000000000000e+02 5.650000000000000000e+02 
404.0
8.55251345961041
8.061536953118152
8.653777948993632
1.0
4.310000000000000000e+02 5.660000000000000000e+02 
405.0
8.5459520840575
8.049993383541743
8.767285744772902
1.0
4.320000000000000000e+02 5.670000000000000000e+02 
406.0
8.542215199299068
8.043286474243025
8.843777783061942
1.0
4.330000000000000000e+02 5.680000000000000000e+02 
407.0
8.536238305457125
8.034903029040379
8.957453784586708
1.0
4.340000000000000000e+02 
408.0
8.531729594786327
8.025310238276429
9.065138705291368
1.0
4.350000000000000000e+02 
409.0
8.528036076196216
8.017774136698545
9.164802336546682
1.0
4.360000000000000000e+02 
410.0
8.524254571086278
8.007777564136788
9.230300833752839
1.0
4.370000000000000000e+02 5.690000000000000000e+02 
411.0
8.521726900025318
8.002697994231053
9.760632063930007
1.0
4.380000000000000000e+02 
412.0
8.51577461509018
7.9996316893663435
10.544825787873481
1.0
4.390000000000000000e+02 
413.0
8.508945780600783
7.988750553340867
10.660253081653515
1.0
4.400000000000000000e+02 
414.0
8.504276769925887
7.985245628477244
10.68013227329249
1.0
4.410000000000000000e+02 
415.0
8.49648780058352
7.979157563475946
10.768646538839779
1.0
4.420000000000000000e+02 
416.0
8.489618438297175
7.973949410587005
10.847279032895035
1.0
4.430000000000000000e+02 
417.0
8.482797950280368
7.968771202756044
10.952105920720815
1.0
4.440000000000000000e+02 
418.0
8.47922379610721
7.965701312106634
11.005963060506534
1.0
4.450000000000000000e+02 
419.0
8.47307587789853
7.958594943468316
11.142849487462165
1.0
4.460000000000000000e+02 
420.0
8.473577893970024
7.957148465685138
11.61457631177533
1.0
4.470000000000000000e+02 
421.0
8.454597812140104
7.94451811197728
12.305165123750378
1.0
4.480000000000000000e+02 5.700000000000000000e+02 
422.0
8.429338893723699
7.926282647934509
12.582186939264716
1.0
4.490000000000000000e+02 5.710000000000000000e+02 
423.0
8.402872446651287
7.912959629683085
12.922059874212483
1.0
4.500000000000000000e+02 5.720000000000000000e+02 
424.0
8.373933406348964
7.895404906815406
13.275412975772099
1.0
4.510000000000000000e+02 5.730000000000000000e+02 
425.0
8.326316852058017
7.876222436085896
13.772779239320247
1.0
4.520000000000000000e+02 5.740000000000000000e+02 
426.0
8.290291800551902
7.862530192669072
14.168826377074385
1.0
4.530000000000000000e+02 5.750000000000000000e+02 
427.0
8.245605649936127
7.85336477572503
14.318765853289324
1.0
4.540000000000000000e+02 5.760000000000000000e+02 
428
5.631548068021815
2.368089131039379
5.542599570516767
1.0
4.550000000000000000e+02 4.560000000000000000e+02 4.570000000000000000e+02 
429
4.782342819077938
6.934625398247554
6.342599570516768
1.0
4.580000000000000000e+02 4.590000000000000000e+02 4.600000000000000000e+02 4.610000000000000000e+02 
430
4.100913401752985
10.676658012601134
6.333363751705299
1.0
4.620000000000000000e+02 4.630000000000000000e+02 4.640000000000000000e+02 
431
3.627872546586852
5.645558372150023
6.379664545649479
6.549999999999999
4.650000000000000000e+02 4.660000000000000000e+02 
432
3.385976631608484
3.136937108818965
6.392649553648916
1.0
3.260000000000000000e+02 
433
3.1706817418485773
0.9388334740666986
6.3773299887746795
1.0
4.680000000000000000e+02 4.690000000000000000e+02 
434
2.9240777736659513
9.431567424943601
6.404669254218945
3.850000000000004
4.700000000000000000e+02 4.710000000000000000e+02 7.490000000000000000e+02 
435
2.571753253051414
5.974204761720727
6.537693348321916
6.350000000000002
4.720000000000000000e+02 4.730000000000000000e+02 
436
2.07128062389073
2.2244024044892123
6.793042608976815
6.700000000000001
4.740000000000000000e+02 4.750000000000000000e+02 4.760000000000000000e+02 
437
1.1517328097707642
8.281864482666471
7.114245015057296
1.0
4.770000000000000000e+02 4.780000000000000000e+02 
438
0.7675268532634885
5.83026914274206
7.207679071351215
1.0
4.790000000000000000e+02 4.800000000000000000e+02 
439
0.04067130219897752
2.754585512443705
7.3769456782868374
1.0
4.810000000000000000e+02 4.820000000000000000e+02 4.830000000000000000e+02 
440
9.13609156647992
5.1864805441236514
7.028596989838917
1.0
4.960000000000000000e+02 
441
9.394243900644664
2.9775546508425554
7.113558188171655
1.0
4.970000000000000000e+02 
442
9.59682673746676
1.0952177213345093
7.165715777103976
1.0
4.980000000000000000e+02 
443
9.806578528029036
10.433447992404826
6.990620834265076
1.0
4.990000000000000000e+02 
444
10.008986300866638
8.874918125695839
7.023173475569571
1.0
5.000000000000000000e+02 
445
10.155173448647233
7.61113571790255
7.157674336821778
1.0
5.010000000000000000e+02 
446
10.277377220186246
6.351720132097841
7.214730064900902
1.0
5.020000000000000000e+02 
447
10.396415813485088
5.097960004208722
7.237140411383773
1.0
5.030000000000000000e+02 
448
10.482699099971452
4.15183953384254
7.249469554437752
1.0
5.040000000000000000e+02 
449
10.604407699867302
2.8920031359550977
7.146289174194536
1.0
5.050000000000000000e+02 
450
10.747327126769733
1.637101564170762
7.033719615866353
1.0
5.060000000000000000e+02 
451
10.912905536311968
0.39358072150584533
6.910214915518861
1.0
5.070000000000000000e+02 
452
0.05481498872607293
10.451713801054602
6.834727502804469
1.0
5.080000000000000000e+02 
453
0.20697691648078997
9.525692447420191
6.803768600909798
1.0
5.090000000000000000e+02 
454
0.3636758405836602
8.590973620800787
6.741251105268564
1.0
5.100000000000000000e+02 
455
0.5176040337703203
7.663459217526641
6.7341293277423375
1.0
5.110000000000000000e+02 
456
0.6715875374223295
6.736752034313398
6.703827922304747
1.0
5.120000000000000000e+02 
457
0.7825168765648636
6.11840564749762
6.71146062112004
1.0
5.130000000000000000e+02 
458
0.8823492283299599
5.508235608307401
6.708225677811633
1.0
5.140000000000000000e+02 
459
0.9398857685692414
5.198467477741185
6.712560227327955
1.0
5.150000000000000000e+02 
460
1.0560495845966633
4.5422333075867956
7.278690988540809
1.0
5.160000000000000000e+02 
461
1.0578999252970167
4.532187957517226
7.810820720969293
1.0
5.170000000000000000e+02 
462
1.0603758779020795
4.5353598374027575
8.346256103950722
1.0
5.180000000000000000e+02 
463
1.0661835564062319
4.5449142147846215
9.139404073607732
1.0
5.190000000000000000e+02 
464
1.068835296849321
4.539758161207515
9.925773130674827
1.0
5.200000000000000000e+02 
465
1.073385771402636
4.546827808049451
10.460179498025933
1.0
5.210000000000000000e+02 
466
1.0783145814098
4.553088970083645
10.993421740334885
1.0
5.220000000000000000e+02 
467
1.0783884198266867
4.549760719670508
11.781785149473368
1.0
5.230000000000000000e+02 5.240000000000000000e+02 
468
1.0964424340854384
4.569568239711249
14.44772498739588
1.0
5.250000000000000000e+02 
469
1.0988492651281954
4.572417842576066
14.964884204848797
1.0
5.260000000000000000e+02 
470
1.0980063924314516
4.573864126423131
15.505307751405713
1.0
1.860000000000000000e+02 
471
1.10349178547005
4.579643319034445
16.052764673532824
1.0
5.280000000000000000e+02 
472
1.1106386737092677
4.580549784247778
16.588121998679444
1.0
5.290000000000000000e+02 
473
1.111465450916838
4.582121444334253
16.842499064709077
1.0
5.300000000000000000e+02 
474
1.1085655952993303
4.587692654602782
17.361665260674148
1.0
1.050000000000000000e+02 
475
1.1104510503915845
4.588582684301557
17.909754166115484
1.0
5.320000000000000000e+02 
476
1.1123631626761759
4.592439077444248
18.449152335425723
1.0
5.330000000000000000e+02 
477
1.1145474889944635
4.595397474935198
18.978176633204708
1.0
5.340000000000000000e+02 
478
0.5391276256850785
4.8384056706872185
19.391695139533695
1.0
5.350000000000000000e+02 5.390000000000000000e+02 
479
10.926228636202627
5.099892763456261
20.203645396603658
1.0
5.360000000000000000e+02 5.380000000000000000e+02 
480
10.495758662094541
5.473357787469792
21.096816284557203
1.0
5.370000000000000000e+02 
481
7.679094126627015
7.564262398643532
19.58672916885003
1.0
5.400000000000000000e+02 
482
7.135678683584012
7.813637389866384
19.23119193452584
1.0
5.410000000000000000e+02 
483
6.378504326658475
8.098373289393695
18.75039059913289
1.0
5.420000000000000000e+02 
484
5.383867175603809
8.355157254360325
18.183867351834564
1.0
1.000000000000000000e+00 
485
4.361000554626296
8.518611775277371
17.546069899935233
1.0
5.440000000000000000e+02 
486
3.5416080979291014
8.5836494569077
17.05094547280685
1.0
5.450000000000000000e+02 5.460000000000000000e+02 
487
0.7440529840689498
8.475552493849044
16.301898507663406
1.0
5.470000000000000000e+02 
488
10.71647809182808
8.351025198155465
15.73350589076372
1.0
5.480000000000000000e+02 
489
8.913680994483968
7.946761161730917
15.373258360574592
1.0
5.490000000000000000e+02 
490
7.611480605716229
7.598609630513558
14.810689999580749
1.0
5.500000000000000000e+02 
491
7.836445178082662
7.654781035452234
13.611349651847672
1.0
5.780000000000000000e+02 5.790000000000000000e+02 
492
5.308064755626544
6.416680316071193
13.777710174411386
1.0
5.800000000000000000e+02 
493
3.7558785155035768
5.499498872490139
13.467439637247349
1.0
5.810000000000000000e+02 5.820000000000000000e+02 
494
1.6097128173251276
4.363557372422192
13.146381273790222
1.0
5.830000000000000000e+02 
495
0.12719731955320324
3.3102045228846313
13.29654706740482
1.0
5.840000000000000000e+02 
496
9.359168118025373
2.0894002593344956
13.348444205670734
1.0
5.850000000000000000e+02 
497
7.589265127906017
0.8819163439820903
13.329393393576815
1.0
5.860000000000000000e+02 
498
5.828320450691062
10.6611178532326
13.274427304936822
1.0
5.870000000000000000e+02 
499
4.563455327336312
9.773617126613907
13.23173294625526
1.0
5.880000000000000000e+02 
500
2.829355091912971
8.521638258847226
13.155235490475683
1.0
5.890000000000000000e+02 
501
1.353114399387997
7.433676068166287
13.105572350211414
1.0
5.900000000000000000e+02 
502
0.3794603889227979
6.696939326589603
13.060545610496174
1.0
5.910000000000000000e+02 
503
9.932765016160229
5.57565707391469
12.997022740379919
1.0
5.920000000000000000e+02 
504
8.478667148282739
4.433995195578173
12.93538075208198
1.0
5.930000000000000000e+02 
505
7.2931773730576825
3.47005163542842
12.861563430248165
1.0
5.940000000000000000e+02 
506
5.9482996845125555
2.276425821169144
12.815551801752946
1.0
5.950000000000000000e+02 
507
3.6055453958178862
9.10382636003181
12.923679970335769
1.0
6.110000000000000000e+02 
508
3.562443089871575
7.517948277543229
13.098927817983707
1.0
6.120000000000000000e+02 
509
3.5032107960728336
6.268492115592781
13.242273384861086
1.0
6.130000000000000000e+02 
510
3.372593551845428
4.713142295193239
13.44009438775998
1.0
6.140000000000000000e+02 
511
3.278722796794847
3.7678172897132667
13.568960406848422
1.0
6.150000000000000000e+02 
512
3.2141632283060257
3.124750887401478
14.198316304317956
1.0
6.160000000000000000e+02 
513
3.001622500949379
2.513292543091416
14.86304952059551
1.0
6.170000000000000000e+02 
514
2.8060361148715796
1.9325845622810718
14.936108615430626
1.0
6.180000000000000000e+02 
515
2.6052847503144694
1.3545697869400577
14.992804214204874
1.0
6.190000000000000000e+02 
516
2.170896086956537
0.19147886994543128
15.18101074434363
1.0
6.200000000000000000e+02 
517
10.232290523737774
7.315182603496793
1.7891429629907742
1.0
6.410000000000000000e+02 6.420000000000000000e+02 
518
0.43458994332442913
9.472607712605793
1.850988988792654
1.0
6.430000000000000000e+02 
519
1.5074869900295944
0.33500092958112404
1.9291142365178482
1.0
6.440000000000000000e+02 
520
2.1231448447113532
1.389153562342325
1.993878545828112
1.0
6.450000000000000000e+02 
521
2.6005726389814345
2.177822810789387
2.035041328425284
1.0
6.460000000000000000e+02 
522
3.2412171837162873
3.2261866576723754
2.1595515460197463
1.0
6.470000000000000000e+02 
523
3.5784929964076113
3.7407313647618516
2.209137116811772
1.0
6.480000000000000000e+02 
524
3.912594091515457
4.246434411300074
2.8054689312664083
1.0
6.490000000000000000e+02 
525
4.621502552086474
4.8814912904395955
3.7224902707871674
1.0
6.500000000000000000e+02 
526
5.566407802757851
5.646235109221821
3.8889439093058202
1.0
6.510000000000000000e+02 
527
6.082300645035383
6.034343680069598
4.818570051380542
1.0
6.520000000000000000e+02 
528
7.758837076237823
6.786799884332878
5.420399684414761
1.0
6.530000000000000000e+02 
529
9.589872073387408
7.448246184011711
6.075709948891886
1.0
6.540000000000000000e+02 
530
10.221233388780147
7.531037834487453
7.007563466711893
1.0
6.550000000000000000e+02 6.560000000000000000e+02 
531
3.60432360857474
7.7422726085396905
7.799593828836853
1.0
6.570000000000000000e+02 6.580000000000000000e+02 
532
7.086824599437211
7.562816473595865
8.5433391930779
1.0
6.590000000000000000e+02 6.600000000000000000e+02 6.610000000000000000e+02 6.620000000000000000e+02 6.630000000000000000e+02 
533
5.442517130752601
6.283591531167075
8.427834664251366
1.0
6.640000000000000000e+02 6.650000000000000000e+02 
534
6.714765888949405
0.49289984052210656
19.14631933609923
1.0
6.790000000000000000e+02 6.800000000000000000e+02 
535
5.5662019723862874
7.829082376853644
18.41217543618752
1.0
6.810000000000000000e+02 6.820000000000000000e+02 
536
5.813899417408047
1.535151557380229
16.155083853999262
1.0
7.070000000000000000e+02 
537
6.162393334307819
0.3393847112613757
16.212521955657056
1.0
7.080000000000000000e+02 
538
6.7319030157469655
9.228587005393788
16.40489170603608
1.0
7.090000000000000000e+02 
539
7.222575874174588
7.099217106617101
16.57603152126474
1.0
7.100000000000000000e+02 
540
7.493702917509687
5.86435827910864
16.630898680928734
1.0
7.110000000000000000e+02 
541
7.8802567253577935
4.011265432853528
16.71965061148502
1.0
7.120000000000000000e+02 
542
8.102360078012392
2.7844768963715345
16.854864517313572
1.0
7.130000000000000000e+02 
543
8.256137251932419
1.8481242231437713
16.946693707164783
1.0
7.140000000000000000e+02 
544
8.438821400375094
0.5910270868567296
17.10409155996245
1.0
7.150000000000000000e+02 
545
8.531787826113442
10.667797214703468
17.192370397411093
1.0
7.160000000000000000e+02 
546
8.584052978195704
9.749056372841217
17.83653869565929
1.0
7.170000000000000000e+02 
547
8.580200275743799
9.74814714780926
18.62791873508139
1.0
7.180000000000000000e+02 
548
8.5759354031259
9.742350067913188
19.434826392838218
1.0
7.190000000000000000e+02 
549
8.47632624832491
9.488335682545886
19.96399434407438
1.0
7.200000000000000000e+02 
550
8.065958001820903
8.292581933457729
20.091220310913542
1.0
7.210000000000000000e+02 
551
7.869393457863442
7.687216318697274
20.898839847721185
1.0
7.220000000000000000e+02 
552
7.247219870221809
6.670733689709218
21.339718508132712
1.0
7.230000000000000000e+02 
553
6.57675913192606
5.641705905090247
21.60627764610389
1.0
7.240000000000000000e+02 
554
5.668002337994661
4.37488508915975
22.14204384410943
1.0
7.250000000000000000e+02 
555
5.682554401276744
4.391906922515736
23.12392519298416
1.0
7.260000000000000000e+02 7.270000000000000000e+02 
556
3.7632842907192465
2.98305784353528
23.643058803410167
1.0
7.280000000000000000e+02 7.290000000000000000e+02 7.300000000000000000e+02 
557
10.01164457433048
0.4771384942340222
24.100590269983726
1.0
7.310000000000000000e+02 7.320000000000000000e+02 7.330000000000000000e+02 7.340000000000000000e+02 
558
5.27979344262607
6.233649519741146
6.089856848267367
1.0
7.450000000000000000e+02 7.460000000000000000e+02 
559
7.467242250826374
7.330900546804634
6.264758410519231
1.0
7.470000000000000000e+02 7.480000000000000000e+02 
560
3.035502954306721
9.602600931379385
6.150412736756895
1.0
7.500000000000000000e+02 
-
436
436
