4.9995604546342145
4.995116187681039
17.94676657930146
0.0
4.998302039314669
4.976607104847744
17.75137049102477
1.0
4.9977088296351475
4.956424287361566
17.575103565469387
2.0
4.9976838204515195
4.932004618114218
17.34657333612059
3.0
4.9985247186779755
4.916152955984189
17.174533935328377
4.0
5.0002672435705895
4.902201011573339
17.01999172940096
5.0
5.002304167319299
4.887050306477811
16.99436126768794
6.0
5.0039496666473084
4.8756895150372435
16.95293911441328
7.0
5.005228498936941
4.867176448646912
16.949973494657886
8.0
5.006710734196659
4.8570975431799095
16.96098563768472
9.0
5.0078082191814675
4.849492342653435
16.9634258252677
10.0
5.00905664807736
4.840800946155615
16.980682395703525
11.0
5.010177435280494
4.832500857701952
17.0484251864083
12.0
5.010813352263671
4.82359112781015
17.10064374940296
13.0
5.011393459029865
4.813804505591166
17.148482274449343
14.0
5.012903441543351
4.800820124998877
17.188479815748472
15.0
5.014431590998813
4.787399556754983
17.179470556299552
16.0
5.015521126146918
4.777177577077015
17.07076001626707
17.0
5.015921513594479
4.77233506348622
16.99447681281753
18.0
5.017317404380589
4.764945143934616
16.87850491147923
19.0
5.021363329286094
4.745608822770064
16.722439904062476
20.0
5.024937977956542
4.7207704679386415
16.636113482877473
21.0
5.028718105718243
4.695748933567732
16.521202730400574
22.0
5.033977224628067
4.667360052666959
16.41523316838363
23.0
5.036771699623397
4.654938846674256
16.410759583310785
24.0
5.0385995777005546
4.644522558789607
16.656853072468717
25.0
5.0438195301813264
4.636946342510457
17.12981157347078
26.0
5.0461081423103655
4.62188223982278
17.354127517015574
27.0
5.047389012298751
4.60208125244666
17.91514787408779
28.0
5.04901740784788
4.59063430305656
18.404827459200884
29.0
5.045446771521498
4.565098753464635
18.544817910607122
30.0
5.044363552078971
4.547475852963982
18.953798918841244
31.0
5.0443046254378325
4.539400680072216
19.339970761277485
32.0
5.039543164323492
4.523217351172187
19.928027565213917
33.0
5.0332770310301775
4.507697688023977
20.63857997029205
34.0
5.021531997783047
4.483585870414393
20.762611313806353
35.0
5.007790852640716
4.460218608918364
21.45424510513419
36.0
4.986703236754219
4.434902094396582
21.55850785478534
37.0
4.970497938222593
4.414153555684566
21.74753867533375
38.0
4.947876862597374
4.3834343700831795
21.988073006529483
39.0
4.9305377534833665
4.362365484707167
22.181823731306896
40.0
4.914349342224437
4.35155239805872
22.35985814403131
41.0
4.884258094727592
4.334732153356311
22.666195968062436
42.0
4.846457018003431
4.295639780078289
22.947791408663843
43.0
4.7948052021486305
4.238864504212982
23.20010343337973
44.0
4.755340796406919
4.213118218262646
23.294307570218315
45.0
4.7190954372057785
4.19162869436467
23.354955146188505
46.0
4.673633126652106
4.168001583631599
23.4090161083302
47.0
4.650321639825002
4.158990589913882
23.759601291668332
48.0
4.626855435875259
4.15722214473584
24.304460271831452
49.0
4.6034111996150004
4.157355867651768
24.75602893895575
50.0
4.58223097506571
4.1584346917820465
25.118055121888247
51.0
4.545639686144448
4.159078940514006
25.590102626484686
52.0
4.527850080963412
4.172437579347681
26.280388367736993
53.0
4.5102287603749796
4.180539309528624
27.01075596719666
54.0
4.493525807142682
4.186127024629301
27.68962986679943
55.0
4.480692552415551
4.203565762485426
28.284792141465562
56.0
4.453974658519693
4.222540514346659
28.660199933268395
57.0
4.415861039256362
4.255643341102416
28.933891896871245
58.0
4.355099999855848
4.285679304559298
28.85661546301442
59.0
4.2984902492792365
4.31624712477227
29.230317690223135
60.0
4.270551751420506
4.340422704613249
29.62398388358528
61.0
4.245441256137993
4.368694528649391
30.189135077846757
62.0
4.220024391371469
4.396770906930155
30.534935946453583
63.0
4.20916390723017
4.421849621713671
30.815156512235806
64.0
4.199585263745907
4.445510539343581
31.088196049771298
65.0
4.178635057717349
4.488233236035716
30.8712390407367
66.0
4.148870609497035
4.526809394052147
30.473440659058113
67.0
4.126966568917448
4.553044666154182
30.2982600222291
68.0
4.0932380045707975
4.602888331370596
30.13208221929788
69.0
4.05801937602862
4.663388393821645
29.940200600739384
70.0
4.034738475514204
4.695993726305047
30.348994723341512
71.0
4.010473132033627
4.711212283594599
30.752055400938332
72.0
4.003408726183862
4.73054484239973
31.24973010452239
73.0
3.9921715908205133
4.734012975707863
31.603267772937883
74.0
3.9786203955020865
4.742038157653729
31.698147949456335
75.0
3.97166519745341
4.763391213706168
32.29398200381366
76.0
3.9543984146218465
4.773608643821719
32.67524735204024
77.0
3.9504685109316364
4.797240976320732
33.289400915171
78.0
3.942325534663155
4.803408164729204
33.40313550220201
79.0
3.935088727896166
4.820019035311526
33.54192915181002
80.0
3.9321615144284383
4.838962366843518
34.120497242243395
81.0
3.92851597439493
4.844704390390431
34.556196375826836
82.0
3.928027594158449
4.852915379969316
34.883927138270636
83.0
3.9284117521979596
4.873864787356221
34.68584062491665
84.0
3.9274059314266685
4.882765046844656
34.92233564301262
85.0
3.929667512759977
4.895251906083431
0.2567981062481921
86.0
3.928398454882263
4.8979014073384155
0.4476093607503058
87.0
3.926713542148513
4.900481759125743
0.6620348272906718
88.0
3.929582589153111
4.911533945952226
1.0466347685415598
89.0
3.932324354711768
4.920384633920392
1.3734881186006596
90.0
3.934285740888958
4.931181414852441
1.9089928787171595
91.0
3.9420365255682315
4.947889135796541
2.350785905773572
92.0
3.947596015952927
4.963630739487839
2.5915836240901307
93.0
3.953155592462635
4.974544035784241
2.742856360202373
94.0
3.96769763628678
4.993333501254166
2.967190003386442
95.0
3.9820874635987513
5.0128891579456205
3.088190532227645
96.0
3.9930693696417405
5.027146810806916
3.164967382018741
5.0
4.005527678878175
5.043258827483951
3.202715754880499
6.0
4.018635564108185
5.06022477891851
3.1828949880068933
7.0
4.027408387774783
5.071548103311999
3.224437176501139
8.0
4.037117333431872
5.084312824068225
3.237904260851346
9.0
4.044975093504689
5.094908699527882
3.2759547436915204
10.0
4.058451834397098
5.1129422674693235
3.304235160394682
11.0
10.473635723590522
6.171668312861064
16.786261041375234
97.0
10.471736939814146
6.1491974113159396
16.79756543921986
98.0
10.469595314676983
6.13182279730118
17.295213787000208
99.0
10.464632837374523
6.103844260012821
17.38848777127202
100.0
10.462477365676452
6.098716996509964
17.819394370407043
101.0
10.456022934055905
6.080763535081967
18.078113705333863
102.0
10.448507728185893
6.0639799399113095
18.929762198725548
103.0
10.437308161945564
6.04050603736232
19.434996626726544
104.0
10.416657963451122
6.020000018245975
20.034232002600938
105.0
10.39960936698569
6.003830734910695
20.067539299231974
106.0
10.373400035813553
5.973839096381332
20.28878980546013
107.0
10.355400902288382
5.956029578352165
20.507028946658203
108.0
10.343900738308978
5.947963863579231
20.681173861945602
109.0
10.328853161435017
5.94278015679455
20.870648871738332
110.0
10.30855789784195
5.927697052365337
21.094628817968008
111.0
10.281615555317416
5.905785625102916
21.269237786532337
112.0
10.255079316187974
5.884922167720225
21.431394331776367
113.0
10.22282417067473
5.8644034362287805
21.626414298410502
114.0
10.1758374123965
5.83971003653064
21.756980349085943
115.0
10.140974585474742
5.820757448862895
21.788655533629274
116.0
10.105937241004009
5.79980557961208
21.773679977175114
117.0
10.077347615402676
5.780852583253856
21.684567378569724
118.0
10.036146958903512
5.7511634919845465
21.565871343813562
119.0
10.014172731349603
5.735918999572452
22.24932430714294
120.0
9.987050692613243
5.725432717494019
22.770407367450773
121.0
9.963904142813291
5.714783571861134
23.418705327159195
122.0
9.929335536448985
5.708480247961674
24.165176801415615
123.0
9.901281963668856
5.702171374330237
24.771745625451416
124.0
9.88505536191713
5.701387231574513
25.522184640781923
125.0
9.8668626649753
5.703814812628123
26.221485631884608
126.0
9.851605494291961
5.7085788959415265
26.906928389607867
127.0
9.840628395990501
5.712524724271105
27.575387996520845
128.0
9.812535080405201
5.727557036102897
27.97692214141519
129.0
9.806742601023043
5.7319704306604065
28.62833238548616
130.0
9.785079016583824
5.751548979320042
28.71605259682708
131.0
9.778400167866963
5.758041422857508
29.31998718161056
132.0
9.767290925427975
5.777427733704176
29.894277677133054
133.0
9.763077803807139
5.782421704413813
30.36645747924735
134.0
9.756257360214164
5.80167335388598
30.711645131471677
135.0
9.754539738634474
5.812279573303056
31.228141061896366
136.0
9.750419832323438
5.826133124034229
31.15271531075458
137.0
9.745623783517212
5.840295884194778
31.438002243331155
138.0
9.738451447896646
5.864158238430136
31.418845933862812
139.0
9.734058461186338
5.876795646088404
31.78663419237737
140.0
9.729317564011719
5.900667492843356
32.04471482819811
141.0
9.716007029027423
5.935224904872985
32.063311578827026
142.0
9.707752342861134
5.967467811755148
32.2556584409463
143.0
9.702990710454706
6.000611181248893
32.47017586129872
144.0
9.690528168487578
6.036604298523572
32.6038753068148
145.0
9.668743972321694
6.075300523220996
32.739641704751946
146.0
9.649407616233553
6.106248683573554
32.82552192154145
147.0
9.630065393743553
6.1385915568614235
32.89978020039064
148.0
9.607065296936401
6.175537073452225
32.91284453541646
149.0
9.608895489588647
6.191583668054337
33.61340382838691
150.0
9.596351217042479
6.211681704606305
33.71036923091862
151.0
9.588220398401292
6.2364656727797785
33.532537120764076
152.0
9.592614747074935
6.2679226281337375
33.49338163831643
153.0
9.584548949505447
6.279172346005144
35.004096895706894
154.0
9.578631162727929
6.292524308643094
35.093637194275644
155.0
9.585973157761849
6.3122067370448605
35.67144778949452
156.0
9.582948476331445
6.319833309470378
35.780437096243624
157.0
9.58336839886186
6.327061761550341
0.13487278386910928
158.0
9.58917306939798
6.337610064125865
0.3706511355636768
159.0
9.594581527642465
6.35101979932639
0.9495719108135612
160.0
9.600548604461856
6.364669021701936
1.2021206666303708
161.0
9.6149735936859
6.38629799242137
1.6395193978137246
162.0
9.629471450858894
6.4052112358209605
2.1614206731226826
163.0
9.638425080353937
6.4177897038794125
2.5073363547683103
164.0
9.654682326412171
6.43138715162088
2.8887521594522267
165.0
9.671541028121105
6.449864960678521
3.5577010014036095
166.0
9.690310384276106
6.462554247237855
4.059770797228669
101.0
9.694050724254385
6.465241166837291
4.050794093388982
167.0
9.708314279487634
6.476170394755477
4.37626167847429
102.0
9.73158201732428
6.4894869187946815
5.066094159175783
103.0
9.753865362100509
6.503641236456303
5.771313677572502
104.0
9.771091015626277
6.512514708174108
6.375674170562586
105.0
9.824917010091745
6.536073558560585
6.377603215239747
106.0
9.848367388832694
6.541251132240743
6.9260715740232826
107.0
9.298854631725344
5.015353766168313
20.44854664286376
168.0
9.261500072513392
4.9746118212461345
20.291642016577782
169.0
9.248581744471288
4.958864154309562
19.844596655641702
170.0
4.799744552953535
1.5938352408809484
12.84927138368177
171.0
4.7987205987216095
1.582227477067927
12.813781498291604
172.0
4.797663221276706
1.5679616679512574
12.785421202538146
173.0
4.796701156460236
1.5547013845346447
12.738303848958957
174.0
4.795868159825916
1.5429759393367624
12.721654024371471
175.0
4.795114906170835
1.5318372680229038
12.69855810865013
176.0
4.794594835175906
1.5238555756531023
12.697939109704556
177.0
4.793949186081655
1.513358908763137
12.707340257556801
178.0
4.793365587006011
1.5035993894651654
12.7728146911824
179.0
4.792697549978192
1.4936567473700348
12.785514016868063
180.0
4.79204870473336
1.4839374813455946
12.799415905322103
181.0
4.791232443824527
1.4725336510268914
12.8241654522567
182.0
4.790280378700007
1.462102670713814
12.860420228347891
183.0
4.7888418547648355
1.450283216975639
12.898246471673822
184.0
4.788219089513022
1.4447494762663071
12.923735516557386
185.0
4.787273706784185
1.437519655261001
12.98496226645068
186.0
4.786786896085968
1.4330360416300731
13.024605718530484
187.0
4.7837765598712325
1.415958272100923
13.545683712238578
188.0
4.780617833400814
1.4125623820558983
14.12334005945663
189.0
4.776632040071495
1.397814663455593
14.498976520186634
190.0
4.773542673331396
1.39360448570506
14.851857925120683
191.0
4.768326206406919
1.3850126576585424
15.288781384246285
192.0
4.758789368640106
1.3726648180639307
15.91130043972963
193.0
4.747530880552831
1.3563642347514104
16.536328745258086
194.0
4.726263229188917
1.3531059523387192
16.838371186421128
195.0
4.702141666559961
1.3322895952588922
17.476560769555373
196.0
4.669691868374504
1.3147371564138686
18.12409663788994
197.0
4.627473031663457
1.2864440152518197
18.81123913415074
198.0
4.613038880210856
1.2797059147881997
19.29410838444192
199.0
4.562915146103101
1.2571390639572302
20.01943367563473
200.0
4.547550783230066
1.2481476491415338
20.563918771539875
201.0
4.520998313492847
1.2429130430569222
21.29524138293715
202.0
4.505475231799127
1.2381769337141533
21.725561342135855
203.0
4.465497914217647
1.240994420777362
21.741528839071602
204.0
4.432376671324534
1.2458092396668077
21.87361199891585
205.0
4.398886208415644
1.239366702875432
22.35266485270794
206.0
4.357829285930021
1.222875248230971
22.36656111884217
207.0
4.329056114465215
1.2149633402807325
22.4846486221745
208.0
4.30086349966565
1.2196922336228795
22.645862895847685
209.0
4.268249812796939
1.2283831856926657
22.84121650280395
210.0
4.24271635098667
1.2343557605055988
22.93207476028205
211.0
4.202525511592243
1.2483314359418713
23.084067063313526
212.0
4.1660371633656235
1.2536681898338342
23.550041924785816
213.0
4.142485594577193
1.2647729788080637
24.507115614821014
214.0
4.110715709022361
1.2852034316152832
24.830959430230436
215.0
4.07447792438779
1.3147305632650594
24.950131127755824
216.0
4.063335955045916
1.323620818214148
25.59124397226107
217.0
4.04163925512792
1.3470092696485354
25.502576606057403
218.0
4.014931970150035
1.37509913586213
25.613625993134974
219.0
3.991527680897371
1.4027959938696828
26.318188365433553
220.0
3.9663707760743234
1.439683270243524
26.720119331807865
221.0
3.96082180159367
1.4503305230462011
27.338911301806185
222.0
3.9465315937637877
1.4807615672504282
27.995310583289218
223.0
3.9496141508672276
1.4907600446106049
28.623034211493312
224.0
3.9290126120285445
1.5259472158322547
28.99940206222947
225.0
3.9332861381105184
1.538149030281291
29.679916330121102
226.0
3.9270391650049588
1.5501712409588277
31.133913022772013
227.0
3.934437991336238
1.558945764661014
31.627350331207786
228.0
3.9288056175886945
1.570323653088992
32.05418289966402
229.0
3.9348682874989303
1.5776537559352777
32.396863357087824
230.0
3.936386136329122
1.5876291257115192
32.851117113419974
231.0
3.936374173642524
1.5953551397241892
33.210842537630214
232.0
3.947364753384968
1.6050257068253702
33.68480019495317
233.0
3.9449627712485666
1.6098098273168153
33.916468806247764
234.0
3.9470484730442807
1.615326725464664
34.00534827083539
235.0
3.94756903392122
1.6218669613496415
33.8605824472057
236.0
3.9478502050718953
1.631353300477926
33.67184476328362
237.0
3.951315658294459
1.6383024530390786
33.5578577907582
238.0
3.957818324176217
1.6467307821805806
33.41012636912491
239.0
3.9688779893983623
1.6604221322717176
33.19646774489104
240.0
3.96935756198575
1.6641789416125627
33.11803309943178
241.0
3.9682520819087026
1.6761863704169668
32.98264948847351
242.0
3.9668108078408766
1.687103119274557
32.970153384974154
243.0
3.96620196089373
1.6923469616944447
32.973846253881284
244.0
3.965658204866277
1.6974145084174888
32.9712455543411
245.0
3.9657153360521997
1.7058749607357457
33.015113437712806
246.0
3.967035724054763
1.715048702012976
33.05191170983549
247.0
3.9705899292732
1.725243193151524
33.115237578119874
248.0
3.9739975836644605
1.7334732151330092
33.15295177643123
249.0
3.979341608371038
1.74321119339937
33.23069027708538
250.0
3.98516742409364
1.752668199040107
33.278953023050086
251.0
3.990369155433142
1.7613594378694826
33.315210659822654
252.0
3.995495219053111
1.769870066852933
33.41332112016542
253.0
4.000647988353038
1.778530690524092
33.47483141762554
254.0
4.0073265332165215
1.7911391385641293
33.53522356009737
255.0
4.011799791468566
1.8005998917127197
33.63527553803721
256.0
4.016169315520091
1.8097004056739152
33.7209850432067
257.0
4.018909241008644
1.8167753644133295
33.78505999728633
258.0
4.0223997956785995
1.824218370042022
33.84076407789875
259.0
4.025245130065385
1.8294965067172706
33.89114023565314
260.0
4.029580192578483
1.837235615883591
33.970570334194655
261.0
4.03335840391517
1.8431089409085297
34.04207229015541
262.0
4.042640265778595
1.856552448861935
34.103862867341455
263.0
4.051324123602243
1.8693754107522924
34.207714618549524
264.0
4.059502428607915
1.880413475831313
34.24041744793623
265.0
4.071963481410564
1.8965205340827804
34.36762266529703
177.0
4.08452428049647
1.9115865715847846
34.48502498387384
178.0
4.087726190698722
1.9155051909602205
34.556570225662774
266.0
4.094820203329154
1.9242183165361384
34.670853550214645
179.0
4.099628329465587
1.9303245390447499
34.76969597123
180.0
4.112594878125811
1.9419423527434532
34.794175626203945
181.0
4.129500129377136
1.9584735874477497
34.829352946219984
182.0
4.137701436364293
1.9665170935801513
34.82657801345634
267.0
3.7994264273950202
0.5303587430934371
12.74261871316424
268.0
3.7984005258855253
0.5186320834804903
12.826391663705305
269.0
3.7973618594791256
0.5100215182246579
12.920606474610498
270.0
3.7962930477672847
0.5028956789777155
12.963280396414113
271.0
3.7955213852410354
0.4983475097284007
13.025479462192422
272.0
3.7947253362968576
0.4930423045612038
13.075586821673063
273.0
3.793601277785796
0.4860546725451229
13.144763910965239
274.0
3.793043370387303
0.48142002300698294
13.183965281594869
275.0
3.791601630525796
0.47148822586808237
13.306666080584439
276.0
3.789684544945021
0.46073454596243124
13.403704697135652
277.0
3.7886477811397947
0.4557965215070503
13.4433593214668
278.0
3.787665648677131
0.45151407596120663
13.47546848398548
279.0
3.7867211173494058
0.4480326203511744
13.523444039619022
280.0
3.7852971706645464
0.44241321476500417
13.634943571043895
281.0
3.783816828982723
0.4397293913995277
13.758012143642322
282.0
3.782312328667431
0.4373296236847821
13.865347952399322
283.0
3.781330409655891
0.4359424333472681
13.902653213964925
284.0
3.780396410487014
0.4343527604105688
13.960357217476108
285.0
3.7806799203276773
0.43507672900074823
14.247792592326576
286.0
3.7793931164609527
0.4279773896175243
14.714586722547693
287.0
3.7793915375301284
0.4301204697017127
14.963759648406601
288.0
3.7792592581233775
0.4276965104550392
15.478089277624512
289.0
3.772537646013217
0.4135288033180906
15.646194564127299
290.0
3.765671360636966
0.40967769168445045
15.80143895529799
291.0
3.7614002857554896
0.4090627784910801
15.926731108446894
292.0
3.7492931405265333
0.3960518762088441
16.167623323889384
293.0
3.73505935487064
0.37559058720969674
16.39694627255595
294.0
3.716142301163514
0.3592957423337708
16.695430256942593
295.0
3.69096877267613
0.35020023379849974
17.046030465061897
296.0
3.667780098696764
0.3305743891674737
17.231222457123597
297.0
3.626071710485008
0.29710798171348785
17.40160295172432
298.0
3.601107155185125
0.27927016579162967
17.484971601434168
299.0
3.5841003267048093
0.26804494799185363
17.521828123350126
300.0
3.564734865604465
0.25550746910471034
17.628455426092707
301.0
3.544506365120662
0.2439680238502504
17.698038880044834
302.0
3.520676490170316
0.2299605794867432
17.69669597166599
303.0
3.504540943179685
0.21925524861189416
17.6683995822234
304.0
10.078964323305822
10.118561628588246
7.955532452991971
305.0
10.07667128194519
10.092457736044622
7.951743197689527
306.0
10.074538889914056
10.065392648150212
7.918390300067518
307.0
10.073300591015064
10.049088337554938
7.803124775496663
308.0
10.072481113321556
10.03622191072916
7.7360562142674105
309.0
10.071757580242801
10.022451312875766
7.681063397245172
310.0
10.07083542293989
10.001687445811513
7.60051481215849
311.0
10.06999539309103
9.98307198220553
7.509405229964948
312.0
10.0688356244735
9.944693562608958
7.350890758622214
313.0
10.069330380103011
9.921394523090765
7.235411043825099
314.0
10.069494428146655
9.896591291477367
7.554180299335254
315.0
10.068817669068089
9.894756622090458
8.035447610980995
316.0
10.066656982575754
9.87923791348491
8.495286151269969
317.0
10.063908837867725
9.870365033340697
8.997983192717285
318.0
10.057077404041927
9.847522534497433
9.644152494444597
319.0
10.046241164339488
9.837236129411789
10.05305917258896
320.0
10.034684859995856
9.813221827811919
10.737262121852815
321.0
10.009798694537295
9.785784708209544
10.686647238087978
322.0
9.992059788830952
9.7610398940704
10.720102921043093
323.0
9.969035117351073
9.743865128162241
10.882886348648157
324.0
9.931620700557499
9.715220869527265
11.140758634620763
325.0
9.88444750630191
9.670385548974942
11.04091941978674
326.0
9.853600072988666
9.642525214443513
10.763513006261608
327.0
9.824445230878892
9.610615614550365
10.369908635348061
328.0
9.798292423591054
9.578507097023163
10.018850386108923
329.0
9.774046070590963
9.533969043046731
9.66589799848898
330.0
9.731099714446918
9.506049416582702
9.389927921013708
331.0
9.7120599617263
9.472147744342127
9.200044954612611
332.0
9.702168914220742
9.428609982581545
9.059507124624023
333.0
9.68275071619951
9.380823299507178
9.475843381704014
334.0
9.665922372607946
9.35958659472578
10.108621824189491
335.0
9.650541907318997
9.34091503652083
10.688961585849356
336.0
9.638769905837439
9.332224053850982
10.940892152514209
337.0
9.623900872692575
9.320970480806224
11.697612081956745
338.0
9.603823110850744
9.314787252647616
12.002157261353723
339.0
9.575890716844025
9.296127602053765
12.485446225281173
340.0
9.55648819874378
9.286046893801604
12.540478541400095
341.0
9.528518037266924
9.271255283638222
12.763570754318195
342.0
9.49564902885583
9.264764220103523
13.209091709071132
343.0
9.47758918809117
9.254923566450643
13.57045810793176
344.0
9.436767459364422
9.25174536751851
14.439268936671983
345.0
9.406324290599503
9.250454153292676
14.978811911840388
346.0
9.39559064517098
9.252837277465662
15.659340235424846
347.0
9.37082768883795
9.258278669961225
15.942536354376884
348.0
9.362564037818064
9.261545906048472
16.4431513487114
349.0
9.347962702935
9.269160034876574
16.442153122560896
350.0
9.329874713071836
9.276053633375074
17.08171282421533
351.0
9.32140103415379
9.284845399338124
17.775146635415112
352.0
9.307079689661574
9.294441340576736
18.443095075512492
353.0
9.29594173306254
9.306267148837115
19.198481967368117
354.0
9.29124952364695
9.319750825926334
19.805543246067145
355.0
9.282369260792269
9.337464167968804
20.618451884280944
356.0
9.269956686701523
9.351875584662835
20.843009264324248
357.0
9.245724809450834
9.392435260470407
20.237753112370896
358.0
9.195501578450699
9.426982770038304
20.272791496257536
359.0
9.161160293807743
9.470326950818045
20.613343717339596
360.0
9.131894236174887
9.490871202191897
20.879091997508787
361.0
9.106416195686105
9.505767290636843
21.04878856137848
362.0
9.082316259092316
9.524912545178296
21.099577776103796
363.0
9.061448080233756
9.5417139046221
21.110336371573375
364.0
9.032239594770516
9.567095110299718
20.84028018446242
365.0
9.00496123765142
9.592575666071898
20.49063896296269
366.0
8.978239749354342
9.615347913870995
20.172631584824295
367.0
8.94772532178005
9.634214950639077
19.863739958212097
368.0
8.920727710420792
9.651054938264672
19.514604154949566
369.0
8.890269827443536
9.665823255190578
19.10865826475848
370.0
8.853619568675432
9.6816466400469
18.602692796456346
371.0
8.810927427038564
9.690564779151838
18.112870969356603
372.0
8.78946385768419
9.693257234367913
18.856447678998673
373.0
8.743726830092399
9.713059987981904
19.59167196844396
374.0
8.673453476630026
9.723773053726216
19.457728756581616
375.0
8.615279152219717
9.744595823587183
20.013055813827656
376.0
8.572799059891972
9.771697449821204
20.61334974484225
377.0
8.541104691395171
9.798064468429235
21.255215662995486
378.0
8.515831355632276
9.828276211858192
21.8913766194268
379.0
8.500335752369862
9.851587837046196
22.58420678763042
380.0
8.490892515301876
9.863942174121725
22.892464157974864
381.0
8.48716961811626
9.870316966920264
23.256267472847284
382.0
8.488906732794957
9.87776731848846
23.860679353361014
383.0
8.48865563266368
9.886398511951093
24.41954476604186
384.0
8.490107641824526
9.893089235904117
26.117798725625665
385.0
8.494048985114922
9.90266269695439
26.55202077092342
386.0
8.499751306819217
9.905647270681637
27.252630779129824
387.0
8.50795476358341
9.919734792793388
27.63233220636939
388.0
8.517965491355863
9.938117604383148
27.52103595995917
389.0
8.526064277461215
9.958757633272317
27.294203975582306
390.0
8.52937543891115
9.973658211694154
27.174458766426554
391.0
8.533319460987887
9.993751536390832
27.192415020065596
392.0
8.537797638700516
10.011891960650079
27.305781465887534
393.0
8.546139582030403
10.04204735869553
27.541045515573927
394.0
8.551406741040243
10.058150833499479
27.74188312285812
395.0
8.558182612639236
10.074479881716712
28.10191666589057
396.0
8.56604515365602
10.091564360978968
28.272598026779313
397.0
8.576594875614376
10.113706544209649
28.483997256311476
398.0
8.579017084010575
10.118251200616342
28.72085846218038
399.0
8.58195738682645
10.12268763510335
28.946442406868194
313.0
8.588685403712715
10.133214977830498
29.019555688438608
314.0
8.598865519196213
10.149078497822138
29.288058045229093
315.0
8.606509680131115
10.160621701291745
29.866105392583684
316.0
8.613303397920138
10.169899905122826
30.22391977562323
317.0
8.626496460256446
10.185510353499112
30.48428784820007
318.0
8.641897588048199
10.20780845210924
31.620049226609794
319.0
9.059664926015756
9.064277040883237
9.936803350064608
400.0
8.989918385216516
8.914191992892842
8.495258553166678
401.0
8.974968650924287
8.864457858842458
8.569591172581312
402.0
8.967558173903324
8.831612663091022
8.625134580922385
403.0
8.961981375985271
8.815605538287642
8.742292264503071
404.0
8.955582129163787
8.804114127822206
8.847089285939056
405.0
8.951745307610874
8.797916001995377
8.948903676073343
406.0
8.945820422634858
8.788389919917936
9.061340263789717
407.0
8.941057816457555
8.778104048567037
9.167300896536275
408.0
8.936743289468538
8.768992503371713
9.277963334422104
409.0
8.933644055783976
8.760020734744431
9.342596723068212
410.0
8.927678269635766
8.75989310371697
10.118439372351283
411.0
8.9235177315696
8.750225976138857
10.64556893801823
412.0
8.915267415275888
8.741615955786868
10.754336533867402
413.0
8.91104221103685
8.73824880828631
10.799731005287668
414.0
8.904208535215446
8.73290491543544
10.900294989697947
415.0
8.8972977347524
8.72792757725679
10.965367291224048
416.0
8.890214441457212
8.722071639416257
11.080167321081447
417.0
8.887124646548749
8.718927178173734
11.143874059663077
418.0
8.88411969954755
8.714524670930002
11.406143853830041
419.0
8.881474117534966
8.712386217308676
11.922916679372157
420.0
8.861906423208815
8.697901797470532
12.415753470896998
421.0
8.835661386679664
8.679823651384837
12.718731860798066
422.0
8.809648527929015
8.667414795768513
13.051282266759593
423.0
8.77866201105714
8.649345569593873
13.395423254841639
424.0
8.733273165445723
8.630956691410532
13.91532378726987
425.0
8.696309960056556
8.617730059848238
14.272795843091615
426.0
8.650421000003506
8.608913036731488
14.392062840201525
427.0
5.659842897710851
2.8892549133829837
5.748833735786217
428.0
5.606337646541506
0.7492939557654985
6.1409287024763195
428.0
5.4466549266796696
9.541804962224575
6.311049938858744
428.0
5.2805430067242805
7.640661181672802
6.39353037831097
429.0
5.076167457801698
5.438556686145394
6.42057561148123
429.0
4.86210079989682
3.2262568628427397
6.400219490498543
429.0
4.655543399464526
1.017598668301897
6.379681133644031
429.0
4.6020756413615045
0.3848335177682465
6.37291146297412
430.0
4.400028391124086
9.176590505513815
6.450675104297915
430.0
4.187786230715836
6.977903834099826
6.418080608107626
430.0
4.127219030126388
6.354536206654408
6.428628167710965
431.0
3.914271461297518
4.15810289116257
6.423270298541642
431.0
3.8846375459415947
3.8420890110358785
6.418281814773671
432.0
3.673438080430304
1.645919070605439
6.422101617381589
433.0
3.4523726033549886
10.452733207287206
6.435289999111671
433.0
3.4232592022319492
10.13903931387702
6.431126820011663
434.0
3.2009598707643514
7.93556374074378
6.509783353899611
434.0
3.0610488150535593
6.675777139604388
6.581709446234623
435.0
2.7820926496038956
4.486253313696088
6.732388569757511
435.0
2.548563549953138
2.9290844255804602
6.841466076219756
436.0
2.163609934787364
0.7581867147525081
7.0011730597831665
436.0
1.7374120489980918
9.610937424400767
7.149459468835293
436.0
1.6298025880030744
9.017257966059683
7.148034824135994
437.0
1.295821682952524
6.851434925085665
7.238299816243941
437.0
1.23623456815048
6.526096236169265
7.272550585988807
438.0
0.7236264212368049
4.3699920373653525
7.4038357636554615
438.0
0.49045587341311325
3.463992915955278
7.419656846651797
439.0
10.892342590222734
1.35863013535519
7.7183435948720955
439.0
10.19430867637077
10.360930367998858
7.90820660671265
439.0
10.07667128194519
10.092457736044622
7.951743197689527
440.0
9.68952865812363
8.126967271649137
7.481492670556172
306.0
9.435033943002363
7.937204140075175
7.2227194856147925
307.0
9.312084301197949
7.814334554832484
7.009462446260358
308.0
9.276307638968744
7.978231858176066
6.933609127935515
309.0
9.231116643632904
8.263163400820343
6.945838439865884
310.0
9.252959789664892
8.134378006230193
6.9330571047429785
311.0
9.232985905730068
8.26515545821098
6.90513981985055
312.0
9.251274066716324
8.129150876708696
6.905673615771715
313.0
9.303510212128183
7.842133993491587
6.909895110425744
314.0
9.256582380480976
8.11817505077586
6.920422941790616
315.0
9.547082211829922
5.942850871433275
7.10280125041383
315.0
9.585234938320017
5.621884277256286
7.115594807719205
440.0
9.841011241352657
3.4252501206321453
7.186097542566081
441.0
10.042742772943733
1.54395602125813
7.246679686379146
442.0
10.256915475799948
10.88767418294264
7.066536797889544
443.0
10.45943327862117
9.31427045895563
7.105445538613409
444.0
10.598930502716708
8.052647310551766
7.257233476963936
445.0
10.720421335742856
6.796193702854009
7.2992422993586885
446.0
10.838950736146451
5.541902992588281
7.321215412020795
447.0
10.92319921797898
4.593070680871434
7.298675204558023
448.0
0.05439002494975398
3.3387377953183455
7.233365968253846
449.0
0.1981556650974623
2.0874691481355736
7.049790755261363
450.0
0.37221388983853476
0.8314690205212543
6.9485683048134135
451.0
0.5172949596140635
10.898816161501987
6.912996597852118
452.0
0.6697340342765665
9.97050644264825
6.864421301203407
453.0
0.8268020191194596
9.041627017016491
6.825834136991148
454.0
0.9797547342442767
8.116955531792044
6.76605409410482
455.0
1.1355615752920647
7.187939740489505
6.782423736217535
456.0
1.2452464654831203
6.562829302246329
6.777330062102131
457.0
1.3508764139192424
5.954837805050809
6.786764487902868
458.0
1.408768315402864
5.636169789294214
6.791906758649425
459.0
1.469720879561927
5.290250094709591
7.636279140019337
460.0
1.4686233975045928
5.2906908228020955
8.145639943439654
461.0
1.4732233224500417
5.289156844044158
8.676365041446918
462.0
1.4781125796456136
5.300248164577568
9.47378425549384
463.0
1.4827114742223353
5.302211920482127
10.275137323996276
464.0
1.4854083754731349
5.301493789902293
10.809924722484837
465.0
1.4893229356547897
5.310183282199147
11.331550357772691
466.0
1.4920763794040512
5.311836106495904
12.119346340710294
467.0
1.5041829020307986
5.325262874927588
14.244531820252064
467.0
1.5081324540096412
5.3246128970148385
14.781217673506479
468.0
1.508299642329522
5.331781623055208
15.31168520018862
469.0
1.5130787853531098
5.331019933311567
15.847985988999248
470.0
1.5217802297690728
5.338899534690317
16.388812977662
471.0
1.522456096266839
5.338491771643876
16.91670332528399
472.0
1.5180948696792873
5.343373549167912
17.174957901227856
473.0
1.5202904405643176
5.342505246229307
17.705061813913122
474.0
1.5228820749302239
5.349372391167827
18.241905673891317
475.0
1.5239243993472185
5.34768275847705
18.783647033310817
476.0
1.5263552183830589
5.35522709398115
19.319036734936347
477.0
0.6616404970025833
5.723745909694306
19.514590847664458
478.0
0.3433334030136015
5.850673562259495
20.53346005223521
479.0
10.688248738480578
6.425696375703418
21.198641437963637
480.0
9.63005771117055
7.355608170387726
20.754297163440267
479.0
8.62845428896945
8.036064073399352
20.021591858769185
478.0
7.911263905572714
8.405020586857036
19.544782689123366
481.0
7.3576605662070715
8.644675679448854
19.167225314246995
482.0
6.599235015959276
8.916317718512195
18.712639938757288
483.0
5.5874665877383
9.154937018304798
18.110873251662575
484.0
4.572255662889336
9.296728143518564
17.494712211710322
485.0
3.7487580815666606
9.345020578300531
17.012633795596308
486.0
1.6530401737568665
9.26139065814641
16.54122436070297
486.0
0.9408592873670552
9.215660367356808
16.246141471930557
487.0
10.920577804764687
9.070339407325752
15.70851587557156
488.0
9.009593962208395
8.629543094721448
15.426112753616707
489.0
7.722789906927098
8.252097841352075
14.88967165148199
490.0
7.565684352265232
8.304919981405682
12.69942143685271
326.0
8.499262458351037
7.984456784365358
10.783541121278166
326.0
8.564541415074004
8.061851895136876
10.015862447292335
327.0
8.07890841007614
6.107004288572388
9.723633655173856
327.0
8.454146105351214
7.260130552602829
9.813282640166882
328.0
8.686908283250233
7.890466376186755
9.771354532620627
329.0
8.674518816158667
7.720585616262427
9.240273103079751
330.0
8.556030335145845
5.634873527277169
8.661458189907233
330.0
8.762704622555109
7.012231962131435
8.752357000071878
331.0
8.800113170540506
6.930408219186721
8.719089685269097
332.0
8.835903958011809
7.425632762354087
8.797938537361407
333.0
8.584895563541444
5.328801042398298
8.677687088911615
333.0
8.2829565025305
6.212145982768569
8.291217938552489
401.0
8.122330048155193
6.432818782892512
7.745286857840526
402.0
8.083477628828451
6.494728577169769
7.973386153258083
403.0
8.070998403232371
6.983243089222998
8.000226243801698
404.0
8.072757769515155
7.113139584265579
8.046375815140077
405.0
8.071559596828207
7.116747719654051
8.064047738386957
406.0
7.877369180696951
6.913922434946316
9.099636321043228
410.0
7.3167877393875616
7.157803975875198
12.038330922357474
421.0
7.374852984619146
7.277168782908764
12.119567755450706
422.0
7.19280874633656
7.172309631145928
12.737033689986887
423.0
7.214292192001922
7.404116220489331
13.130865421333358
424.0
6.930419273348106
7.229224535705874
13.246653999389089
425.0
7.0383550765790535
7.359651764393782
13.795084677656796
426.0
6.523622669813933
7.269498821111498
14.11397719052551
427.0
7.094658676447898
7.807227298243283
13.71791844813675
345.0
8.127915611817231
8.370173041011677
13.708423710946626
491.0
6.2564418319154695
7.481843848038415
13.84427058858033
491.0
5.452701902548847
7.023703364945329
13.854321906035068
492.0
3.917124140475834
6.120048250473119
13.551871730801373
493.0
2.0207034626751286
5.119927699731815
13.220585534365135
493.0
1.7663954550399135
4.943790594564857
13.2443148434402
494.0
0.29159935165850737
3.8941380377145576
13.37867038478813
495.0
9.518998995830586
2.676785972689861
13.424688071772707
496.0
7.746042992472613
1.4609644146246819
13.39075199835884
497.0
5.987040511071195
0.24447579050636747
13.355802034089443
498.0
4.732162158671103
10.357009931478707
13.294769228607635
499.0
2.9929262945476713
9.099250093523564
13.20161098029875
500.0
1.520815743776411
8.003596112105669
13.158927957080806
501.0
0.5567419701600889
7.271086598296173
13.133460371520897
502.0
10.097225021086015
6.139592861508144
13.057780486960258
503.0
8.650175921417926
4.996689047995203
12.982258630848786
504.0
7.474664061339702
4.030719090077404
12.936406918874958
505.0
6.139031306491686
2.824933659463766
12.88507817595712
506.0
4.157891145946768
10.56865981452398
12.064832208002802
173.0
4.027627143656162
10.708095328035881
11.962544721255359
174.0
3.9637757578209767
10.7223654003393
11.871695896639938
175.0
3.9502076977340055
10.746814247310272
11.856987978466215
176.0
3.9564628901422845
10.671404530995222
11.865300842383
177.0
3.94338104561126
10.774778887418488
11.869304593840376
178.0
3.945587314777568
10.756619378566999
11.896101834114951
179.0
3.939867550033285
10.758874522904218
11.924909929179815
180.0
3.9657342723060305
10.610466940975922
11.892098672488334
181.0
3.9539623982228465
10.671597257538274
11.87961948913664
182.0
3.9833649146018653
10.50158527471682
11.897232730409765
183.0
3.9392065672250505
10.56524686048969
12.445121887567112
184.0
3.8344739723925487
10.603843595504088
12.830092344058063
185.0
3.8006096024340055
10.652796611638305
12.920874591943033
186.0
3.7966783804013504
10.596942202718449
12.929699966012986
187.0
3.7809497694047396
9.344835174893525
12.999794340134532
507.0
3.736952311117123
7.770556161097818
13.192544500737338
508.0
3.6639021378356107
6.5241920972115865
13.34954256869446
509.0
3.5286612591857027
4.953085355028265
13.550001519339556
510.0
3.428857709693891
4.020371287269394
13.669620345993149
511.0
3.392685449701344
3.6763946492698034
14.559967231115948
512.0
3.0918708243808775
2.7924617979979605
14.944458714140964
513.0
2.892301840577855
2.208193391144076
15.023055391086025
514.0
2.688256855674042
1.6333935732836986
15.101356437992479
515.0
2.2364624031074376
0.4636505445912924
15.329940380266212
516.0
2.450302623927448
9.797506712400658
15.128145932298871
289.0
2.5038237789544153
9.866479389625187
15.053134527035649
290.0
2.5460521300013683
9.9249286908885
15.025995818824327
291.0
2.478857836652433
9.821797129699497
15.565785187987185
292.0
2.4066236271489236
9.873236003817947
15.949272530924517
293.0
2.236270116696894
9.638029578833297
16.04281621307088
294.0
2.364887848263856
9.856150893388573
15.981701852884541
295.0
1.9360677611322412
9.231226708972809
16.566099897048694
296.0
2.0931103872234376
9.74587657627999
16.9395644659546
297.0
0.7582399940050202
8.232174888961314
17.081127417699456
297.0
1.6341272330524284
9.24791824551524
16.977199100259696
298.0
1.8865825538070995
9.521079190620817
16.893773747894155
299.0
2.159707474494324
9.84138593922054
16.899637061826617
300.0
2.165878191635996
9.846179703943385
16.91310422577628
301.0
2.0676449532713006
9.734495247940249
16.905576196518215
302.0
1.9615960548539642
9.599923219954505
16.863729594888426
303.0
2.163230561923589
9.837554197109977
16.855863541528436
304.0
0.8261909379674552
8.196272379894882
16.84690537994683
304.0
10.606531068373922
6.40760295323079
16.81318094760166
304.0
10.076145661319174
4.1899666725679845
16.395000398129614
98.0
10.432854728998311
7.891452889181062
1.839818375892019
517.0
0.48332824735567836
9.777000570991682
1.9024893530377014
517.0
0.6339947891756941
10.042477095218494
1.9032936703494991
518.0
1.7110515081797857
0.9112423989440472
1.9919845788862336
519.0
2.3354290518389123
1.9556110563162847
2.0432352872246504
520.0
2.806669022562466
2.7510500558289612
2.10305552069231
521.0
3.4618082833417594
3.793878596325356
2.2345503769092554
522.0
3.7932950807373844
4.293304425913588
2.281011018075514
523.0
3.958317369778011
4.550255202886497
3.1196501138176727
524.0
4.896564334161828
5.375384868189143
3.8066651592801053
525.0
5.854001698947644
6.138932355530721
3.9897513601993646
526.0
6.131470711067212
6.341553308435683
5.135561410146859
527.0
8.108627176828321
7.207959035323378
5.521288905635235
528.0
9.637876733343175
7.752063934750805
6.4087308351089955
529.0
10.57339082375157
7.869595063593163
7.105177094063155
530.0
1.7638768647528211
8.016697590259302
7.533878566025676
530.0
3.9715732971409627
8.04338990036318
7.8870775186394955
531.0
6.190383106184608
7.960555135206952
8.363187176659245
531.0
7.445523641654568
7.8302795553610895
8.646349217925467
532.0
9.622397729710112
7.526457509025186
8.856079586623364
532.0
0.7957923984585742
7.199373381390427
8.827501563349914
532.0
2.9924929058583585
6.8827256304897455
8.694850377174578
532.0
5.1753774637181715
6.620954255613778
8.534156444331321
532.0
5.810655966013642
6.555811841707309
8.433024191736727
533.0
8.016410133176263
6.384287125007326
8.209745491756964
533.0
9.597141303280807
6.305932109997894
8.081658562550025
115.0
0.4911180324095934
6.260211825302227
7.922452778900192
116.0
2.7122933367710482
6.244274690146992
7.792855985706476
116.0
4.606307920402922
6.260558102139867
7.676887459881236
117.0
6.832193029806048
6.324163147465663
7.542640331085098
117.0
8.099663356840377
6.379181521341529
7.4503982958988
118.0
10.316736223625796
6.513973569816071
7.326113972735836
118.0
10.635082960685004
6.537109354089441
7.308591011621605
119.0
1.8213610652451742
6.712558139253863
7.233006391912591
119.0
8.049630765751855
3.3723407513335757
19.620919789476478
168.0
7.924819395959871
3.158484620556906
19.53397668682706
169.0
7.939554576348164
3.1673210688680773
19.70065620792291
170.0
7.009919555456845
1.3568706869843967
19.53849842664222
170.0
6.6951696350228875
0.6086739028447994
19.048531190222775
534.0
6.108924461813085
9.620952341705735
18.961000073216024
534.0
5.564627994656637
7.933034344110905
18.333864464892322
535.0
5.15523921684908
5.89794358442168
17.947108136219263
535.0
4.998302039314669
4.976607104847744
17.75137049102477
536.0
4.25784413977153
3.1093223879284375
16.97943980139178
2
4.232368964796868
2.9138127054918974
16.937025975384874
3
4.213716433073516
2.849369661929464
16.90655253691545
4
4.174487770752928
3.00787971500138
16.90897298714431
5
5.117674200105422
3.026693252295768
16.13355252437021
6
5.321518733513533
2.7817786960387396
16.05831423773313
7
5.36950663337435
2.906583260339883
16.02515794724968
8
5.333120461126268
3.0513385064639875
16.01321816668753
9
5.378949207565826
2.9112749095132275
16.028556707599023
10
5.330641529947447
3.0535905868802073
16.059955718323508
11
5.258430146223031
2.732290803513865
16.917687729788884
12
5.218639629457269
2.6974094647752143
17.052276050110002
13
5.213377054439837
2.674434572059827
17.0784995707368
14
5.210257303928533
2.6987974979848857
17.065504110438756
15
5.216473645821683
2.6684058962085695
17.018422182426644
16
5.211962923929015
2.7064774240419043
16.996727968207402
17
5.222308477731201
2.6573556079525353
16.951986304512655
18
5.3693942006995385
2.7433237548839866
16.077668912831278
19
5.431821007582735
2.735992223971401
15.919390443186867
20
5.449782173943117
2.723596690053865
15.90232906901237
21
5.435213360111691
2.7546295319503744
15.940715238297472
22
5.4328949749512505
2.7527253205376394
15.969019813392219
23
5.437934802846982
2.7214548599535724
16.059410833898866
24
5.906933452204542
1.2373813330419505
16.153671206069994
536
6.248283484713541
0.03865734236274232
16.23479132126529
537
6.807330477688307
8.93149699847033
16.44672973088501
538
7.2925822843550545
6.793471739096939
16.6160577135717
539
7.560819235378752
5.558361771610338
16.66434183976958
540
7.935754729073603
3.7097075744374726
16.721850269243262
541
8.153865822746727
2.472032927821366
16.888881652928845
542
8.306883218942737
1.525845719877577
16.99666175449603
543
8.473322422493943
0.29016115465238146
17.138589254013546
544
8.554837138216993
10.356805803438627
17.22176618745128
545
8.582224353046712
9.744838811829176
18.097341941482536
546
8.579343274186526
9.74660165979272
18.88394445121421
547
8.57536365626385
9.744875630335306
19.686532421834272
548
8.360560976753781
9.168526515653912
20.021956608047915
549
7.959603346077108
7.986340967289948
20.127193488994152
550
7.866578272946571
7.6923528083680415
21.180912685182264
551
7.084373257097934
6.412884013832877
21.41646659650924
552
6.402008537999718
5.392390353801417
21.640474663063273
553
5.69659492208771
4.397270434664598
22.312890419187035
554
5.488543197875928
4.23614709292605
23.111603476948808
555
3.7632842907192465
2.98305784353528
23.643058803410167
555
3.498495324496319
2.815459862733551
23.68588821699054
556
1.6680898637220856
1.742937162551779
23.973261496911242
556
10.820760867944504
0.7927407333008036
24.071980921905237
556
9.724359740498432
0.3819280610063107
24.11567210523255
557
7.64684341728428
10.580459137508802
24.11298002987331
557
5.735113152352113
9.574368275230766
24.026751833725353
557
3.8534805764314832
8.538054586069642
23.871244531192758
557
3.6734778620541437
6.085426389395441
23.454776529652598
44
2.90311323577974
3.144227578109226
23.057306948309257
44
3.0216701843765
3.114689716285498
22.400930085071565
43
1.9954772529132918
1.6333514777366238
21.9655032457413
44
0.7148286491931435
0.00652771730880275
21.90973671261027
44
2.1177541263568607
1.8397615022092242
22.413317973411132
45
2.5380589443191126
2.8001581407886316
22.981752616255754
46
2.679960754989311
2.902606448122368
23.005136349705523
47
1.1142022468707848
1.6382603828985958
23.11089344885478
47
10.271901108710056
0.32680724137116557
23.180518654504993
47
5.545477891917815
6.368143616356209
6.0910468697967515
558
7.467242250826374
7.330900546804634
6.264758410519231
558
7.7477529007027846
7.465159430241485
6.294748269803434
559
9.70716023102851
8.356693290914917
6.4665470726878045
559
1.1003031492397333
8.921849843037213
6.251712311031773
434
3.308740543424781
9.743566114396904
6.167152686523518
560
-
474.0
0.0
