0
-1.65677347266
0.559493190475
0.327278923065
0
0.000000000000000000e+00 

0
-1
-1
1
-1.84210491804
0.801944100584
2.22396095576
1
1.000000000000000000e+00 
0.000000000000000000e+00 
0
-1
-1
2
-1.90319953892
0.881111359904
2.22805158561
2
2.000000000000000000e+00 
1.000000000000000000e+00 
0
-1
-1
3
-2.02560456453
1.03927908737
2.22941514327
3
3.000000000000000000e+00 
2.000000000000000000e+00 
0
-1
-1
4
-2.0869148585
1.11827947019
2.23077870565
4
4.000000000000000000e+00 
3.000000000000000000e+00 
0
-1
-1
5
-2.2095353339
1.27628002341
2.22941519575
5
5.000000000000000000e+00 
4.000000000000000000e+00 
0
-1
-1
6
-2.27073786003
1.35536395555
2.22941522897
6
6.000000000000000000e+00 
5.000000000000000000e+00 
0
-1
-1
7
-2.39271112059
1.5138649448
2.2266881898
7
7.000000000000000000e+00 
6.000000000000000000e+00 
0
-1
-1
8
-2.45358964664
1.59319859069
2.22532469364
8
8.000000000000000000e+00 
7.000000000000000000e+00 
0
-1
-1
9
-2.51425160526
1.67269797064
2.22259766344
9
9.000000000000000000e+00 
8.000000000000000000e+00 
0
-1
-1
10
-2.57469654597
1.75236249261
2.21987063762
10
1.000000000000000000e+01 
9.000000000000000000e+00 
0
-1
-1
11
-2.63492401988
1.83219156333
2.21714361609
11
1.100000000000000000e+01 
1.000000000000000000e+01 
0
-1
-1
12
-2.69471521015
1.91234794123
2.21168952181
12
1.200000000000000000e+01 
1.100000000000000000e+01 
0
-1
-1
13
-2.75417802263
1.99274823605
2.20759897012
13
1.300000000000000000e+01 
1.200000000000000000e+01 
0
-1
-1
14
-2.81887598106
2.06899919402
2.27441242331
14
1.400000000000000000e+01 
1.300000000000000000e+01 
0
-1
-1
15
-2.89102016206
2.13824694879
2.37667788083
15
1.500000000000000000e+01 
1.400000000000000000e+01 2.370000000000000000e+02 
0
-1
-1
16
-2.92015648128
2.23333151745
2.41304193303
16
1.600000000000000000e+01 
1.500000000000000000e+01 
0
-1
-1
17
-2.98141267492
2.30880893739
2.51099100191
17
1.700000000000000000e+01 
1.600000000000000000e+01 
0
-1
-1
18
-3.04885036771
2.37451665514
2.62666607494
18
1.800000000000000000e+01 
1.700000000000000000e+01 
0
-1
-1
19
-3.12191126945
2.42828848647
2.75870361363
19
1.900000000000000000e+01 
1.800000000000000000e+01 
0
-1
-1
20
-3.1988092417
2.47014931111
2.8839234638
20
2.000000000000000000e+01 
1.900000000000000000e+01 
0
-1
-1
21
-3.27777281792
2.50160514212
2.99005377912
21
2.100000000000000000e+01 
2.000000000000000000e+01 
0
-1
-1
22
-3.35755938339
2.52508316024
3.07027686713
22
2.200000000000000000e+01 2.380000000000000000e+02 
2.100000000000000000e+01 
0
-1
-1
23
-3.43826163273
2.52795495396
2.98382131851
23
2.300000000000000000e+01 
2.200000000000000000e+01 
0
-1
-1
24
-3.51873074998
2.53976443367
3.0400190178
24
2.400000000000000000e+01 
2.300000000000000000e+01 
0
-1
-1
25
-3.69923222457
2.55450865381
3.08530841313
25
2.500000000000000000e+01 
2.400000000000000000e+01 
0
-1
-1
26
-3.88000662858
2.56374744517
3.10469058123
26
2.600000000000000000e+01 
2.500000000000000000e+01 
0
-1
-1
27
-4.06035153451
2.55835661251
-3.05002947576
27
2.700000000000000000e+01 
2.600000000000000000e+01 
0
-1
-1
28
-4.13967132095
2.54342891496
-2.9747422224
28
2.800000000000000000e+01 
2.700000000000000000e+01 
0
-1
-1
29
-4.21771819194
2.52246987463
-2.91309035002
29
2.900000000000000000e+01 
2.800000000000000000e+01 
0
-1
-1
30
-4.29396010763
2.49504884274
-2.84598431996
30
3.000000000000000000e+01 
2.900000000000000000e+01 
0
-1
-1
31
-4.46331721666
2.43086559949
-2.79933136334
31
3.100000000000000000e+01 
3.000000000000000000e+01 
0
-1
-1
32
-4.62995214839
2.35948692944
-2.75676901848
32
3.200000000000000000e+01 
3.100000000000000000e+01 
0
-1
-1
33
-4.69922101503
2.3154043649
-2.66511928476
33
3.300000000000000000e+01 
3.200000000000000000e+01 
0
-1
-1
34
-4.76676166785
2.26819311477
-2.62937462506
34
3.400000000000000000e+01 
3.300000000000000000e+01 
0
-1
-1
35
-4.83224599799
2.21757043121
-2.58953934639
35
3.500000000000000000e+01 3.600000000000000000e+01 
3.400000000000000000e+01 
0
-1
-1
36
-4.99874505543
2.11462773499
-2.53665401213
36

3.500000000000000000e+01 
0
-1
-1
37
-4.89935380528
2.16975480223
-2.62197160002
37
3.700000000000000000e+01 
3.600000000000000000e+01 
0
-1
-1
38
-5.14235722573
2.0265331917
-2.64894969635
38
3.800000000000000000e+01 
3.700000000000000000e+01 
0
-1
-1
39
-5.38837870073
1.88886516404
-2.66774655851
39
3.900000000000000000e+01 
3.800000000000000000e+01 
0
-1
-1
40
-5.63593804475
1.75414062905
-2.67836218658
40
4.000000000000000000e+01 
3.900000000000000000e+01 
0
-1
-1
41
-5.88524653868
1.62286424493
-2.68897781152
41
4.100000000000000000e+01 
4.000000000000000000e+01 
0
-1
-1
42
-6.04541852276
1.53692599504
-2.69141220256
42
4.200000000000000000e+01 
4.100000000000000000e+01 
0
-1
-1
43
-6.20286521269
1.44588535104
-2.63248735914
43
4.300000000000000000e+01 
4.200000000000000000e+01 
0
-1
-1
44
-6.2636505397
1.38844930609
-2.50674912746
44
4.400000000000000000e+01 
4.300000000000000000e+01 
0
-1
-1
45
-6.37519015956
1.26947341057
-2.35101304654
45
4.500000000000000000e+01 
4.400000000000000000e+01 
0
-1
-1
46
-6.41742813032
1.19320304789
-2.24163727126
46
4.600000000000000000e+01 
4.500000000000000000e+01 
0
-1
-1
47
-6.45229622354
1.11172254407
-2.15135103217
47
4.700000000000000000e+01 
4.600000000000000000e+01 1.610000000000000000e+02 
0
-1
-1
48
-6.48275132351
0.9567843503
-2.01088096145
48
4.800000000000000000e+01 1.620000000000000000e+02 
4.700000000000000000e+01 
0
-1
-1
49
-6.67895420648
0.511293433631
-1.89350146674
49
4.900000000000000000e+01 
4.800000000000000000e+01 
0
-1
-1
50
-6.68477888684
0.423760961739
-1.79484863823
50
5.000000000000000000e+01 1.650000000000000000e+02 
4.900000000000000000e+01 1.640000000000000000e+02 
0
-1
-1
51
-6.6791044037
0.315622301129
-1.64349748954
51
5.100000000000000000e+01 
5.000000000000000000e+01 
0
-1
-1
52
-6.6558201166
0.12721099949
-1.44145557383
52
5.200000000000000000e+01 
5.100000000000000000e+01 
0
-1
-1
53
-6.60977544003
-0.0672049533005
-1.38258519638
53
5.300000000000000000e+01 
5.200000000000000000e+01 
0
-1
-1
54
-6.55471788819
-0.261652322091
-1.34144081729
54
5.400000000000000000e+01 
5.300000000000000000e+01 
0
-1
-1
55
-6.47186792267
-0.541041718381
-1.30984120579
55
5.500000000000000000e+01 
5.400000000000000000e+01 1.690000000000000000e+02 
0
-1
-1
56
-6.35651386419
-0.707199453414
-1.30976106906
56
5.600000000000000000e+01 
5.500000000000000000e+01 
0
-1
-1
57
-6.26382937442
-0.885613584304
-1.29801180836
57
5.700000000000000000e+01 
5.600000000000000000e+01 
0
-1
-1
58
-6.16941195448
-1.06352485167
-1.28898962353
58
5.800000000000000000e+01 1.700000000000000000e+02 
5.700000000000000000e+01 
0
-1
-1
59
-6.07520219882
-1.36135423678
-1.27779935787
59
5.900000000000000000e+01 
5.800000000000000000e+01 
0
-1
-1
60
-5.99084329066
-1.55356434473
-1.26496605418
60
6.000000000000000000e+01 
5.900000000000000000e+01 
0
-1
-1
61
-5.90469281285
-1.74518876973
-1.25622336508
61
6.100000000000000000e+01 
6.000000000000000000e+01 
0
-1
-1
62
-5.81662731948
-1.93616659534
-1.24748067523
62
6.200000000000000000e+01 
6.100000000000000000e+01 
0
-1
-1
63
-5.72626919957
-2.12633813226
-1.23192029237
63
6.300000000000000000e+01 
6.200000000000000000e+01 1.750000000000000000e+02 
0
-1
-1
64
-5.60449789107
-2.28432506672
-1.22261859623
64
6.400000000000000000e+01 1.760000000000000000e+02 
6.300000000000000000e+01 
0
-1
-1
65
-5.54642008926
-2.49046370585
-1.20897376282
65
6.500000000000000000e+01 
6.400000000000000000e+01 
0
-1
-1
66
-5.46053455721
-2.67911560365
-1.19627671059
66
6.600000000000000000e+01 
6.500000000000000000e+01 
0
-1
-1
67
-5.37229361599
-2.86681856943
-1.18494319681
67
6.700000000000000000e+01 
6.600000000000000000e+01 
0
-1
-1
68
-5.32106715757
-2.96161318452
-1.17770029855
68
6.800000000000000000e+01 
6.700000000000000000e+01 
0
-1
-1
69
-5.08387037609
-3.49183479726
-1.17863863137
69
6.900000000000000000e+01 1.840000000000000000e+02 
6.800000000000000000e+01 1.830000000000000000e+02 
0
-1
-1
70
-4.95568738281
-3.64469987046
-0.994856188395
70
7.000000000000000000e+01 
6.900000000000000000e+01 
0
-1
-1
71
-4.80620271025
-3.78877750799
-0.818894748223
71
7.100000000000000000e+01 
7.000000000000000000e+01 
0
-1
-1
72
-4.7028709487
-3.83699510114
-0.603390692689
72
7.200000000000000000e+01 
7.100000000000000000e+01 
0
-1
-1
73
-4.59407764564
-3.87656427757
-0.501060331442
73
7.300000000000000000e+01 
7.200000000000000000e+01 
0
-1
-1
74
-4.48030570671
-3.9059694985
-0.387821663072
74
7.400000000000000000e+01 
7.300000000000000000e+01 
0
-1
-1
75
-4.36236026388
-3.923402416
-0.26094761072
75
7.500000000000000000e+01 
7.400000000000000000e+01 
0
-1
-1
76
-4.24138500211
-3.92532139294
-0.102712174266
76
7.600000000000000000e+01 
7.500000000000000000e+01 
0
-1
-1
77
-4.11982332237
-3.91934918806
-0.0235619705313
77
7.700000000000000000e+01 
7.600000000000000000e+01 1.920000000000000000e+02 
0
-1
-1
78
-3.96651434743
-3.88917143463
0.10895465455
78
7.800000000000000000e+01 
7.700000000000000000e+01 
0
-1
-1
79
-3.83096244666
-3.85411243677
0.203879759102
79
7.900000000000000000e+01 
7.800000000000000000e+01 
0
-1
-1
80
-3.69797999139
-3.80949526544
0.30289547751
80
8.000000000000000000e+01 
7.900000000000000000e+01 
0
-1
-1
81
-3.56860859025
-3.75537090508
0.404638271134
81
8.100000000000000000e+01 
8.000000000000000000e+01 
0
-1
-1
82
-3.35242334268
-3.65102402057
0.470929062426
82
8.200000000000000000e+01 1.930000000000000000e+02 
8.100000000000000000e+01 
0
-1
-1
83
-3.20511994638
-3.552036138
0.557200215756
83
8.300000000000000000e+01 
8.200000000000000000e+01 
0
-1
-1
84
-3.03406673085
-3.43271164847
0.601438030906
84
8.400000000000000000e+01 
8.300000000000000000e+01 
0
-1
-1
85
-2.71554663968
-3.19196488937
0.645675844009
85
8.500000000000000000e+01 1.960000000000000000e+02 
8.400000000000000000e+01 1.950000000000000000e+02 
0
-1
-1
86
-2.04283597781
-2.76563454988
0.69719954634
86
8.600000000000000000e+01 
8.500000000000000000e+01 
0
-1
-1
87
-1.61792911603
-2.4658019553
0.722581916462
87
8.700000000000000000e+01 
8.600000000000000000e+01 
0
-1
-1
88
-1.32418503099
-2.26751085938
0.760236131176
88
8.800000000000000000e+01 
8.700000000000000000e+01 
0
-1
-1
89
-1.06341596406
-2.09107514375
0.786982036429
89
8.900000000000000000e+01 
8.800000000000000000e+01 2.030000000000000000e+02 3.600000000000000000e+02 
0
-1
-1
90
-0.962298248438
-1.95239570132
0.925467464426
90
9.000000000000000000e+01 2.040000000000000000e+02 
8.900000000000000000e+01 
0
-1
-1
91
-0.96143256305
-1.92815873835
1.00891976363
91
9.100000000000000000e+01 
9.000000000000000000e+01 
0
-1
-1
92
-0.864730993259
-1.82817956969
1.05471988813
92
9.200000000000000000e+01 
9.100000000000000000e+01 2.040000000000000000e+02 
0
-1
-1
93
-0.777933754492
-1.72335769488
1.15369801232
93
9.300000000000000000e+01 2.050000000000000000e+02 
9.200000000000000000e+01 
0
-1
-1
94
-0.771999659995
-1.69582468893
1.25872949325
94
9.400000000000000000e+01 
9.300000000000000000e+01 
0
-1
-1
95
-0.735873128154
-1.61159112359
1.38527798695
95
9.500000000000000000e+01 
9.400000000000000000e+01 
0
-1
-1
96
-0.707813997978
-1.52938573464
1.48319217175
96
9.600000000000000000e+01 
9.500000000000000000e+01 
0
-1
-1
97
-0.688654276241
-1.42917063764
1.59065112512
97
9.700000000000000000e+01 
9.600000000000000000e+01 
0
-1
-1
98
-0.683166624461
-1.32582110226
1.72674438583
98
9.800000000000000000e+01 
9.700000000000000000e+01 
0
-1
-1
99
-0.68750139287
-1.2246443414
1.8273856455
99
9.900000000000000000e+01 
9.800000000000000000e+01 
0
-1
-1
100
-0.701136060481
-1.12651830743
1.92529982769
100
1.000000000000000000e+02 
9.900000000000000000e+01 
0
-1
-1
101
-0.72409331578
-1.03252128584
2.02730462488
101
1.010000000000000000e+02 2.130000000000000000e+02 
1.000000000000000000e+02 2.120000000000000000e+02 
0
-1
-1
102
-0.758539157546
-0.949146751578
2.1256717686
102
1.020000000000000000e+02 
1.010000000000000000e+02 
0
-1
-1
103
-0.799300728928
-0.868360334037
2.22244889243
103
1.030000000000000000e+02 2.150000000000000000e+02 
1.020000000000000000e+02 2.140000000000000000e+02 
0
-1
-1
104
-0.899462248723
-0.731421555752
2.39149179658
104
1.040000000000000000e+02 
1.030000000000000000e+02 2.160000000000000000e+02 3.690000000000000000e+02 
0
-1
-1
105
-0.947963927627
-0.611398426978
2.41563185032
105
1.050000000000000000e+02 2.170000000000000000e+02 
1.040000000000000000e+02 
0
-1
-1
106
-1.11253041801
-0.483537431049
2.52089571191
106
1.060000000000000000e+02 
1.050000000000000000e+02 
0
-1
-1
107
-1.17834944042
-0.424457808
2.61824431403
107
1.070000000000000000e+02 
1.060000000000000000e+02 
0
-1
-1
108
-1.33436492589
-0.321987907567
2.66786906983
108
1.080000000000000000e+02 
1.070000000000000000e+02 
0
-1
-1
109
-1.49030166075
-0.219526654862
2.62068259419
109
1.090000000000000000e+02 2.210000000000000000e+02 
1.080000000000000000e+02 2.200000000000000000e+02 
0
-1
-1
110
-1.64653677499
-0.110749793942
2.6134406195
110
1.100000000000000000e+02 
1.090000000000000000e+02 
0
-1
-1
111
-1.71246017018
-0.0488235417302
2.5848628569
111
1.110000000000000000e+02 
1.100000000000000000e+02 
0
-1
-1
112
-1.84841318132
0.0663597914555
2.50992478688
112
1.120000000000000000e+02 2.250000000000000000e+02 
1.110000000000000000e+02 2.240000000000000000e+02 
0
-1
-1
113
-1.90889785867
0.155005744592
2.42284524479
113
1.130000000000000000e+02 
1.120000000000000000e+02 
0
-1
-1
114
-2.04053778183
0.304876299093
2.39024205624
114
1.140000000000000000e+02 
1.130000000000000000e+02 
0
-1
-1
115
-2.16896748072
0.458244928487
2.3685471767
115
1.150000000000000000e+02 
1.140000000000000000e+02 
0
-1
-1
116
-2.22339362296
0.544317584681
2.35639706778
116
1.160000000000000000e+02 
1.150000000000000000e+02 
0
-1
-1
117
-2.27687075725
0.631352298602
2.34288342176
0
1.170000000000000000e+02 
1.160000000000000000e+02 2.290000000000000000e+02 
0
-1
-1
118
-2.26827606593
0.711886479544
2.32800595956
1
1.180000000000000000e+02 
1.170000000000000000e+02 
0
-1
-1
119
-2.28931241259
0.797035992949
2.31381040832
2
1.190000000000000000e+02 
1.180000000000000000e+02 
0
-1
-1
120
-2.37750618451
0.956299083752
2.30097839778
3
1.200000000000000000e+02 
1.190000000000000000e+02 
0
-1
-1
121
-2.3965594524
1.04328486984
2.28678285121
4
1.210000000000000000e+02 
1.200000000000000000e+02 
0
-1
-1
122
-2.48074275596
1.20617204822
2.2739508458
5
1.220000000000000000e+02 
1.210000000000000000e+02 
0
-1
-1
123
-2.49786771278
1.29485126745
2.26111884329
6
1.230000000000000000e+02 2.300000000000000000e+02 
1.220000000000000000e+02 
0
-1
-1
124
-2.53552607883
1.31592930873
2.26448506052
117
1.240000000000000000e+02 
1.230000000000000000e+02 
0
-1
-1
125
-2.55141158745
1.40565187651
2.25301660235
7
1.250000000000000000e+02 
1.240000000000000000e+02 2.300000000000000000e+02 
0
-1
-1
126
-2.56672074173
1.4958480783
2.237457532
8
1.260000000000000000e+02 2.310000000000000000e+02 
1.250000000000000000e+02 
0
-1
-1
127
-2.62095781416
1.55250659198
2.23189484035
118
1.270000000000000000e+02 
1.260000000000000000e+02 
0
-1
-1
128
-2.65429254847
1.62707176226
2.22065219497
119
1.280000000000000000e+02 
1.270000000000000000e+02 
0
-1
-1
129
-2.68684308454
1.70223776318
2.21077309141
120
1.290000000000000000e+02 
1.280000000000000000e+02 
0
-1
-1
130
-2.77735945528
1.85891493015
2.18998568342
121
1.300000000000000000e+02 
1.290000000000000000e+02 
0
-1
-1
131
-2.86416441953
2.01825239409
2.16647120193
122
1.310000000000000000e+02 
1.300000000000000000e+02 
0
-1
-1
132
-2.89185867694
2.09687809963
2.15113795482
123
1.320000000000000000e+02 
1.310000000000000000e+02 
0
-1
-1
133
-2.91792767718
2.17656742311
2.13171409583
124
1.330000000000000000e+02 
1.320000000000000000e+02 
0
-1
-1
134
-3.01192499295
2.32993615676
2.29364085802
125
1.340000000000000000e+02 
1.330000000000000000e+02 
0
-1
-1
135
-3.05827072731
2.39244030215
2.39829900777
126
1.350000000000000000e+02 
1.340000000000000000e+02 
0
-1
-1
136
-3.109658673
2.44889786817
2.4770499301
127
1.360000000000000000e+02 
1.350000000000000000e+02 
0
-1
-1
137
-3.16891874875
2.49345133315
2.61988716459
128
1.370000000000000000e+02 
1.360000000000000000e+02 
0
-1
-1
138
-3.2307414518
2.52816755419
2.72045470997
129
1.380000000000000000e+02 
1.370000000000000000e+02 
0
-1
-1
139
-3.29845691646
2.55302331943
2.83465764386
130
1.390000000000000000e+02 
1.380000000000000000e+02 
0
-1
-1
140
-3.3690188284
2.56612413363
2.95567827387
131
1.400000000000000000e+02 
1.390000000000000000e+02 
0
-1
-1
141
-3.44107597812
2.56530547395
3.09578844632
132
1.410000000000000000e+02 
1.400000000000000000e+02 
0
-1
-1
142
-3.51302431715
2.55484348258
-3.09091991598
133
1.420000000000000000e+02 
1.410000000000000000e+02 
0
-1
-1
143
-3.58226474477
2.57417724991
2.89195264267
134
1.430000000000000000e+02 
1.420000000000000000e+02 
0
-1
-1
144
-3.65360717456
2.58215368393
3.00751913369
135
1.440000000000000000e+02 2.400000000000000000e+02 
1.430000000000000000e+02 2.390000000000000000e+02 
0
-1
-1
145
-3.75246767059
2.598036291
3.10431862555
136
1.450000000000000000e+02 
1.440000000000000000e+02 
0
-1
-1
146
-3.83754628443
2.59250914308
-3.0488217614
137
1.460000000000000000e+02 
1.450000000000000000e+02 
0
-1
-1
147
-3.92099584698
2.5761501177
-2.93922991481
138
1.470000000000000000e+02 
1.460000000000000000e+02 
0
-1
-1
148
-4.00168340292
2.54933210132
-2.83100160322
139
1.480000000000000000e+02 
1.470000000000000000e+02 
0
-1
-1
149
-4.0790435137
2.51366312818
-2.736408673
140
1.490000000000000000e+02 2.450000000000000000e+02 
1.480000000000000000e+02 2.440000000000000000e+02 
0
-1
-1
150
-4.20738786359
2.48055355633
-2.68208874653
141
1.500000000000000000e+02 
1.490000000000000000e+02 
0
-1
-1
151
-4.39511240675
2.39242821717
-2.6355848523
142
1.510000000000000000e+02 
1.500000000000000000e+02 
0
-1
-1
152
-4.66248221149
2.24900733633
-2.59453510905
143
1.520000000000000000e+02 
1.510000000000000000e+02 
0
-1
-1
153
-4.89613477408
2.11706416682
-2.57393844018
36
1.530000000000000000e+02 
1.520000000000000000e+02 
0
-1
-1
154
-5.37445374623
1.82660696797
-2.60788330779
144
1.540000000000000000e+02 
1.530000000000000000e+02 
0
-1
-1
155
-5.62387453502
1.70240279838
-2.64728232684
145
1.550000000000000000e+02 2.630000000000000000e+02 
1.540000000000000000e+02 2.620000000000000000e+02 
0
-1
-1
156
-5.92688931765
1.53411561504
-2.66950966186
146
1.560000000000000000e+02 
1.550000000000000000e+02 
0
-1
-1
157
-6.17325491561
1.41303462978
-2.67986975781
43
1.570000000000000000e+02 
1.560000000000000000e+02 
0
-1
-1
158
-6.23783746864
1.36889264092
-2.55387600336
44
1.580000000000000000e+02 
1.570000000000000000e+02 
0
-1
-1
159
-6.29783685516
1.31840832719
-2.47560609309
147
1.590000000000000000e+02 
1.580000000000000000e+02 
0
-1
-1
160
-6.35051794309
1.25958647234
-2.36461125681
45
1.600000000000000000e+02 
1.590000000000000000e+02 
0
-1
-1
161
-6.39740160745
1.19530831514
-2.28497780303
46
1.610000000000000000e+02 
1.600000000000000000e+02 
0
-1
-1
162
-6.50923682873
0.874277701875
-2.08438414124
48
1.630000000000000000e+02 
1.620000000000000000e+02 
0
-1
-1
163
-6.62769102738
0.615160237685
-2.00442159797
49
1.640000000000000000e+02 
1.630000000000000000e+02 
0
-1
-1
164
-6.63953517454
0.3398196525
-1.6322772304
51
1.660000000000000000e+02 
1.650000000000000000e+02 
0
-1
-1
165
-6.61436399475
0.152620261208
-1.57187931786
148
1.670000000000000000e+02 
1.660000000000000000e+02 
0
-1
-1
166
-6.56762022974
-0.262484050103
-1.48205192897
149
1.680000000000000000e+02 
1.670000000000000000e+02 
0
-1
-1
167
-6.52202665264
-0.347461260802
-1.37653796803
150
1.690000000000000000e+02 
1.680000000000000000e+02 
0
-1
-1
168
-6.09780930778
-1.23952714359
-1.27930468317
151
1.710000000000000000e+02 
1.700000000000000000e+02 
0
-1
-1
169
-6.02407476886
-1.41488352061
-1.26680306314
152
1.720000000000000000e+02 
1.710000000000000000e+02 
0
-1
-1
170
-5.94872923843
-1.58973683627
-1.26109153893
153
1.730000000000000000e+02 
1.720000000000000000e+02 
0
-1
-1
171
-5.87177592128
-1.76407002534
-1.24991528398
154
1.740000000000000000e+02 
1.730000000000000000e+02 
0
-1
-1
172
-5.79283050815
-1.93773915664
-1.23873406603
155
1.750000000000000000e+02 
1.740000000000000000e+02 
0
-1
-1
173
-5.55861347205
-2.33151242956
-1.26442213136
156
1.770000000000000000e+02 
1.760000000000000000e+02 
0
-1
-1
174
-5.50882514541
-2.41192030582
-1.32806083988
157
1.780000000000000000e+02 
1.770000000000000000e+02 
0
-1
-1
175
-5.43836328547
-2.58232091031
-1.338515951
158
1.790000000000000000e+02 
1.780000000000000000e+02 
0
-1
-1
176
-5.36958199605
-2.75211507291
-1.34489835963
159
1.800000000000000000e+02 
1.790000000000000000e+02 
0
-1
-1
177
-5.30042922809
-2.92549732861
-1.34719874188
160
1.810000000000000000e+02 
1.800000000000000000e+02 
0
-1
-1
178
-5.21709110551
-3.15907217523
-1.34268377278
161
1.820000000000000000e+02 
1.810000000000000000e+02 
0
-1
-1
179
-5.12217626216
-3.3994624037
-1.26454232494
162
1.830000000000000000e+02 
1.820000000000000000e+02 
0
-1
-1
180
-4.99856986841
-3.56076608073
-1.14058325817
48
1.850000000000000000e+02 
1.840000000000000000e+02 
0
-1
-1
181
-4.9235568409
-3.63715929564
-0.962222172777
70
1.860000000000000000e+02 
1.850000000000000000e+02 
0
-1
-1
182
-4.76674553136
-3.77435909505
-0.747372450266
71
1.870000000000000000e+02 
1.860000000000000000e+02 
0
-1
-1
183
-4.66386099104
-3.81972578446
-0.542069417844
72
1.880000000000000000e+02 
1.870000000000000000e+02 
0
-1
-1
184
-4.55853806721
-3.86058840634
-0.490846226683
163
1.890000000000000000e+02 
1.880000000000000000e+02 
0
-1
-1
185
-4.44859040628
-3.89089507925
-0.375536331638
74
1.900000000000000000e+02 
1.890000000000000000e+02 
0
-1
-1
186
-4.33523090329
-3.91005128936
-0.258862390381
75
1.910000000000000000e+02 
1.900000000000000000e+02 
0
-1
-1
187
-4.21981430474
-3.91800626414
-0.144915027392
164
1.920000000000000000e+02 
1.910000000000000000e+02 
0
-1
-1
188
-3.23909592196
-3.58557267368
0.615292280461
165
1.940000000000000000e+02 
1.930000000000000000e+02 
0
-1
-1
189
-3.04963105737
-3.45492628533
0.673595562097
166
1.950000000000000000e+02 
1.940000000000000000e+02 
0
-1
-1
190
-2.69817498928
-3.16359941805
0.603464088824
85
1.970000000000000000e+02 
1.960000000000000000e+02 3.530000000000000000e+02 
0
-1
-1
191
-2.60069178329
-3.08905447361
0.561916026766
167
1.980000000000000000e+02 
1.970000000000000000e+02 
0
-1
-1
192
-2.28894883052
-2.87749662656
0.536082426725
168
1.990000000000000000e+02 3.540000000000000000e+02 
1.980000000000000000e+02 
0
-1
-1
193
-1.90028168658
-2.64311920567
0.531113774092
169
2.000000000000000000e+02 
1.990000000000000000e+02 
0
-1
-1
194
-1.59827413248
-2.46016194046
0.517696185524
170
2.010000000000000000e+02 
2.000000000000000000e+02 
0
-1
-1
195
-1.29459772947
-2.28007906012
0.517908977225
171
2.020000000000000000e+02 
2.010000000000000000e+02 
0
-1
-1
196
-1.17666807318
-2.18113832231
0.673562913192
172
2.030000000000000000e+02 
2.020000000000000000e+02 
0
-1
-1
197
-0.720314515982
-1.62062035391
1.24032545226
94
2.060000000000000000e+02 
2.050000000000000000e+02 
0
-1
-1
198
-0.680849263018
-1.54022300096
1.37754901769
95
2.070000000000000000e+02 3.610000000000000000e+02 
2.060000000000000000e+02 
0
-1
-1
199
-0.673517601802
-1.46697870962
1.45593159395
173
2.080000000000000000e+02 
2.070000000000000000e+02 
0
-1
-1
200
-0.659569269089
-1.38096756746
1.55493134252
174
2.090000000000000000e+02 3.630000000000000000e+02 
2.080000000000000000e+02 3.620000000000000000e+02 
0
-1
-1
201
-0.652465420079
-1.30196951573
1.65570058165
175
2.100000000000000000e+02 
2.090000000000000000e+02 
0
-1
-1
202
-0.661556597911
-1.21067938265
1.80061056173
176
2.110000000000000000e+02 
2.100000000000000000e+02 
0
-1
-1
203
-0.679440238565
-1.12199811354
1.89235631684
177
2.120000000000000000e+02 
2.110000000000000000e+02 
0
-1
-1
204
-0.737415248024
-0.964346913998
2.08293076653
178
2.140000000000000000e+02 3.670000000000000000e+02 
2.130000000000000000e+02 3.660000000000000000e+02 
0
-1
-1
205
-0.813705754481
-0.801800439731
2.30980124199
179
2.160000000000000000e+02 
2.150000000000000000e+02 
0
-1
-1
206
-1.07688990131
-0.482871889198
2.46480507078
180
2.180000000000000000e+02 3.700000000000000000e+02 
2.170000000000000000e+02 
0
-1
-1
207
-1.16083722543
-0.427511753502
2.56183573931
181
2.190000000000000000e+02 
2.180000000000000000e+02 
0
-1
-1
208
-1.31740263654
-0.320048978382
2.59205982042
182
2.200000000000000000e+02 
2.190000000000000000e+02 
0
-1
-1
209
-1.54770257904
-0.164362082507
2.59960962736
183
2.220000000000000000e+02 
2.210000000000000000e+02 
0
-1
-1
210
-1.61625524136
-0.107610465529
2.56031325198
184
2.230000000000000000e+02 3.750000000000000000e+02 
2.220000000000000000e+02 3.740000000000000000e+02 
0
-1
-1
211
-1.7673317775
0.00782940657857
2.53583060541
185
2.240000000000000000e+02 
2.230000000000000000e+02 
0
-1
-1
212
-1.9653987753
0.198308314787
2.35816912995
186
2.260000000000000000e+02 
2.250000000000000000e+02 
0
-1
-1
213
-2.01695541863
0.267123394519
2.32870502757
187
2.270000000000000000e+02 3.800000000000000000e+02 
2.260000000000000000e+02 3.790000000000000000e+02 
0
-1
-1
214
-2.10652221629
0.412432917498
2.29300782515
188
2.280000000000000000e+02 
2.270000000000000000e+02 
0
-1
-1
215
-2.20696114903
0.559849524683
2.2801306624
189
2.290000000000000000e+02 
2.280000000000000000e+02 
0
-1
-1
216
-2.60855435449
1.59163945801
2.2290058378
9
2.320000000000000000e+02 
2.310000000000000000e+02 
0
-1
-1
217
-2.64983444482
1.68786339731
2.22198093492
10
2.330000000000000000e+02 
2.320000000000000000e+02 
0
-1
-1
218
-2.69055933477
1.78451496842
2.2149729767
11
2.340000000000000000e+02 
2.330000000000000000e+02 
0
-1
-1
219
-2.73061720532
1.88167217392
2.20660290193
12
2.350000000000000000e+02 
2.340000000000000000e+02 
0
-1
-1
220
-2.77000354309
1.97932963932
2.19822902814
13
2.360000000000000000e+02 
2.350000000000000000e+02 
0
-1
-1
221
-2.81857779738
2.06931144416
2.31802266237
190
2.370000000000000000e+02 
2.360000000000000000e+02 
0
-1
-1
222
-3.45542472231
2.5552517208
2.98611876722
24
2.390000000000000000e+02 
2.380000000000000000e+02 
0
-1
-1
223
-3.73838733453
2.60095718481
-3.12894215325
191
2.410000000000000000e+02 
2.400000000000000000e+02 
0
-1
-1
224
-3.82316880929
2.59354062362
-3.01149520058
192
2.420000000000000000e+02 
2.410000000000000000e+02 
0
-1
-1
225
-3.90669130778
2.57888856417
-2.93803646872
193
2.430000000000000000e+02 
2.420000000000000000e+02 
0
-1
-1
226
-3.98724827621
2.55333218884
-2.8249724064
194
2.440000000000000000e+02 
2.430000000000000000e+02 
0
-1
-1
227
-4.1097335479
2.47095494593
-2.60966916201
195
2.460000000000000000e+02 
2.450000000000000000e+02 
0
-1
-1
228
-4.31986475426
2.30915034988
-2.54918138569
196
2.470000000000000000e+02 
2.460000000000000000e+02 
0
-1
-1
229
-4.50718131965
2.1602043541
-2.60743372926
143
2.480000000000000000e+02 
2.470000000000000000e+02 
0
-1
-1
230
-4.55745751434
2.12156783074
-2.72432910093
34
2.490000000000000000e+02 
2.480000000000000000e+02 
0
-1
-1
231
-4.61259637591
2.09620056426
-2.86576874765
197
2.500000000000000000e+02 
2.490000000000000000e+02 
0
-1
-1
232
-4.66995487119
2.08021489028
-2.96221198155
198
2.510000000000000000e+02 
2.500000000000000000e+02 
0
-1
-1
233
-4.72816038174
2.06957930266
-3.01638573947
199
2.520000000000000000e+02 
2.510000000000000000e+02 
0
-1
-1
234
-4.78654484705
2.06039585047
-3.03101701214
200
2.530000000000000000e+02 
2.520000000000000000e+02 
0
-1
-1
235
-4.84500145803
2.05185336787
-3.03746713196
201
2.540000000000000000e+02 
2.530000000000000000e+02 
0
-1
-1
236
-4.90355358443
2.04422362823
-3.04664437485
202
2.550000000000000000e+02 
2.540000000000000000e+02 
0
-1
-1
237
-4.96216783204
2.03723591407
-3.05309456757
203
2.560000000000000000e+02 
2.550000000000000000e+02 
0
-1
-1
238
-5.0207658281
2.03007586774
-3.05136354458
204
2.570000000000000000e+02 
2.560000000000000000e+02 
0
-1
-1
239
-5.07820121575
2.01450768865
-2.96645668256
205
2.580000000000000000e+02 
2.570000000000000000e+02 
0
-1
-1
240
-5.13424705109
1.99250735426
-2.90063936317
206
2.590000000000000000e+02 
2.580000000000000000e+02 
0
-1
-1
241
-5.18637507159
1.95827392045
-2.77209927521
207
2.600000000000000000e+02 
2.590000000000000000e+02 
0
-1
-1
242
-5.23624288151
1.91873941568
-2.71446318803
208
2.610000000000000000e+02 
2.600000000000000000e+02 
0
-1
-1
243
-5.37538312075
1.83407856628
-2.69091556017
38
2.620000000000000000e+02 
2.610000000000000000e+02 
0
-1
-1
244
-5.985962833
1.46980831374
-2.61860500518
209
2.640000000000000000e+02 
2.630000000000000000e+02 
0
-1
-1
245
-6.2668098585
1.29470555988
-2.60853912167
210
2.650000000000000000e+02 
2.640000000000000000e+02 
0
-1
-1
246
-6.55781352738
1.10984370258
-2.59765144157
211
2.660000000000000000e+02 
2.650000000000000000e+02 
0
-1
-1
247
-6.79655592562
0.954540035635
-2.59359596883
212
2.670000000000000000e+02 
2.660000000000000000e+02 
0
-1
-1
248
-7.04053246807
0.79378253445
-2.58545142537
213
2.680000000000000000e+02 
2.670000000000000000e+02 
0
-1
-1
249
-7.28371416955
0.631766205814
-2.58003430251
214
2.690000000000000000e+02 
2.680000000000000000e+02 
0
-1
-1
250
-7.44226056598
0.523013413671
-2.57870787613
215
2.700000000000000000e+02 
2.690000000000000000e+02 
0
-1
-1
251
-7.60044422536
0.413692160496
-2.5773814608
216
2.710000000000000000e+02 
2.700000000000000000e+02 
0
-1
-1
252
-7.75848449846
0.304147725793
-2.57741858809
217
2.720000000000000000e+02 
2.710000000000000000e+02 
0
-1
-1
253
-7.83596266782
0.254626407026
-2.6456326414
218
2.730000000000000000e+02 
2.720000000000000000e+02 
0
-1
-1
254
-7.91864683434
0.216063066626
-2.76702469596
219
2.740000000000000000e+02 
2.730000000000000000e+02 
0
-1
-1
255
-8.09638578873
0.146137373176
-2.80796798094
220
2.750000000000000000e+02 
2.740000000000000000e+02 
0
-1
-1
256
-8.2761947121
0.082139988546
-2.83527588227
221
2.760000000000000000e+02 
2.750000000000000000e+02 
0
-1
-1
257
-8.45756962204
0.023089344928
-2.85985670789
222
2.770000000000000000e+02 
2.760000000000000000e+02 
0
-1
-1
258
-8.640195943
-0.0316315596815
-2.88580107344
223
2.780000000000000000e+02 
2.770000000000000000e+02 
0
-1
-1
259
-8.82408090788
-0.081600358689
-2.90901836373
224
2.790000000000000000e+02 
2.780000000000000000e+02 
0
-1
-1
260
-9.0091944835
-0.126387835602
-2.93632627138
225
2.800000000000000000e+02 
2.790000000000000000e+02 
0
-1
-1
261
-9.19542517504
-0.165829460735
-2.96363418122
226
2.810000000000000000e+02 
2.800000000000000000e+02 
0
-1
-1
262
-9.48191058945
-0.212217405317
-3.00594101676
227
2.820000000000000000e+02 
2.810000000000000000e+02 
0
-1
-1
263
-9.66604629052
-0.259552473445
-2.85462539109
228
2.830000000000000000e+02 
2.820000000000000000e+02 
0
-1
-1
264
-9.74864226254
-0.298334083411
-2.76466899986
229
2.840000000000000000e+02 
2.830000000000000000e+02 
0
-1
-1
265
-9.82594382428
-0.348174042162
-2.64198768834
230
2.850000000000000000e+02 
2.840000000000000000e+02 
0
-1
-1
266
-9.89806009463
-0.406341364568
-2.54385007285
231
2.860000000000000000e+02 
2.850000000000000000e+02 
0
-1
-1
267
-9.96420010492
-0.472287924799
-2.445712461
232
2.870000000000000000e+02 
2.860000000000000000e+02 
0
-1
-1
268
-10.0221455127
-0.54679723944
-2.32712177587
233
2.880000000000000000e+02 
2.870000000000000000e+02 
0
-1
-1
269
-10.0707201295
-0.628999886261
-2.20580401789
234
2.890000000000000000e+02 
2.880000000000000000e+02 
0
-1
-1
270
-10.1115469865
-0.716283144872
-2.11312057229
235
2.900000000000000000e+02 
2.890000000000000000e+02 
0
-1
-1
271
-10.1408322089
-0.809419255024
-1.98362159234
236
2.910000000000000000e+02 
2.900000000000000000e+02 
0
-1
-1
272
-10.1536928061
-0.907961919461
-1.81048938585
237
2.920000000000000000e+02 
2.910000000000000000e+02 
0
-1
-1
273
-10.1583913012
-1.00807317538
-1.72735072389
238
2.930000000000000000e+02 
2.920000000000000000e+02 
0
-1
-1
274
-10.1799853643
-1.2797627464
-1.66193806731
239
2.940000000000000000e+02 
2.930000000000000000e+02 
0
-1
-1
275
-10.167428925
-1.38094081654
-1.55425572328
240
2.950000000000000000e+02 
2.940000000000000000e+02 
0
-1
-1
276
-10.1453601178
-1.48142798495
-1.45884523111
241
2.960000000000000000e+02 
2.950000000000000000e+02 
0
-1
-1
277
-10.1093363371
-1.63759150357
-1.39752320663
242
2.970000000000000000e+02 
2.960000000000000000e+02 
0
-1
-1
278
-10.0342227141
-1.8985455016
-1.27211487959
243
2.980000000000000000e+02 
2.970000000000000000e+02 
0
-1
-1
279
-9.98624597972
-1.99229398337
-1.19033978992
244
2.990000000000000000e+02 
2.980000000000000000e+02 
0
-1
-1
280
-9.89511222362
-2.17633087617
-1.15219793779
245
3.000000000000000000e+02 
2.990000000000000000e+02 
0
-1
-1
281
-9.80112511056
-2.35908462654
-1.14269040009
246
3.010000000000000000e+02 
3.000000000000000000e+02 
0
-1
-1
282
-9.70529279711
-2.54097348974
-1.13181933044
247
3.020000000000000000e+02 
3.010000000000000000e+02 
0
-1
-1
283
-9.60737916057
-2.72185902748
-1.11958472898
248
3.030000000000000000e+02 
3.020000000000000000e+02 
0
-1
-1
284
-9.55295845401
-2.81269810813
-1.11962198061
249
3.040000000000000000e+02 
3.030000000000000000e+02 
0
-1
-1
285
-9.45334638538
-2.9927453671
-1.11284154676
250
3.050000000000000000e+02 
3.040000000000000000e+02 
0
-1
-1
286
-9.35386284019
-3.17285713679
-1.1142423508
251
3.060000000000000000e+02 
3.050000000000000000e+02 
0
-1
-1
287
-9.25365555915
-3.35260368507
-1.1074619311
252
3.070000000000000000e+02 
3.060000000000000000e+02 
0
-1
-1
288
-9.19851642218
-3.44308358657
-1.11158982642
253
3.080000000000000000e+02 
3.070000000000000000e+02 
0
-1
-1
289
-9.09917486456
-3.62326629138
-1.11571772904
254
3.090000000000000000e+02 
3.080000000000000000e+02 
0
-1
-1
290
-8.92767741424
-3.92484563256
-1.0093990223
255
3.100000000000000000e+02 
3.090000000000000000e+02 
0
-1
-1
291
-8.85971376842
-4.00759611476
-0.96171247754
256
3.110000000000000000e+02 
3.100000000000000000e+02 
0
-1
-1
292
-8.79042672568
-4.08939073614
-0.945387325258
257
3.120000000000000000e+02 
3.110000000000000000e+02 
0
-1
-1
293
-8.72004939115
-4.17037276152
-0.931789257456
258
3.130000000000000000e+02 
3.120000000000000000e+02 
0
-1
-1
294
-8.64870061883
-4.25061106141
-0.919554735689
259
3.140000000000000000e+02 
3.130000000000000000e+02 
0
-1
-1
295
-8.57681742538
-4.33043207674
-0.912774375413
260
3.150000000000000000e+02 
3.140000000000000000e+02 
0
-1
-1
296
-8.50440265287
-4.40983219443
-0.905994022731
261
3.160000000000000000e+02 
3.150000000000000000e+02 
0
-1
-1
297
-8.43124732407
-4.48863608938
-0.896486600688
262
3.170000000000000000e+02 
3.160000000000000000e+02 
0
-1
-1
298
-8.29449164803
-4.64460853245
-0.889706263191
263
3.180000000000000000e+02 
3.170000000000000000e+02 
0
-1
-1
299
-8.22060436146
-4.72281155422
-0.887016548701
264
3.190000000000000000e+02 
3.180000000000000000e+02 
0
-1
-1
300
-8.08301730513
-4.8781011159
-0.887053918712
265
3.200000000000000000e+02 
3.190000000000000000e+02 
0
-1
-1
301
-7.94470257022
-5.03278463405
-0.88027360384
266
3.210000000000000000e+02 
3.200000000000000000e+02 
0
-1
-1
302
-7.8004125031
-5.18209591439
-0.806679911002
267
3.220000000000000000e+02 
3.210000000000000000e+02 
0
-1
-1
303
-7.71273987904
-5.24638219746
-0.690816532744
268
3.230000000000000000e+02 
3.220000000000000000e+02 
0
-1
-1
304
-7.62126818935
-5.30568362241
-0.628131162469
269
3.240000000000000000e+02 
3.230000000000000000e+02 
0
-1
-1
305
-7.52539319451
-5.35825927676
-0.547719799237
270
3.250000000000000000e+02 
3.240000000000000000e+02 
0
-1
-1
306
-7.4252505296
-5.40291953072
-0.45776367383
271
3.260000000000000000e+02 
3.250000000000000000e+02 
0
-1
-1
307
-7.32055531165
-5.43648963154
-0.337809708978
272
3.270000000000000000e+02 
3.260000000000000000e+02 
0
-1
-1
308
-7.21255534439
-5.45797069711
-0.21240159718
273
3.280000000000000000e+02 
3.270000000000000000e+02 
0
-1
-1
309
-7.10298398224
-5.46921716656
-0.108810107884
274
3.290000000000000000e+02 
3.280000000000000000e+02 
0
-1
-1
310
-6.99302949012
-5.46548739056
0.0411416829439
275
3.300000000000000000e+02 
3.290000000000000000e+02 
0
-1
-1
311
-6.88407984607
-5.45172563693
0.142006081969
276
3.310000000000000000e+02 
3.300000000000000000e+02 
0
-1
-1
312
-6.77555052165
-5.43541134064
0.167875858252
277
3.320000000000000000e+02 
3.310000000000000000e+02 
0
-1
-1
313
-6.66732036913
-5.41749219856
0.184200858895
278
3.330000000000000000e+02 
3.320000000000000000e+02 
0
-1
-1
314
-6.55938737441
-5.3981067217
0.19916231493
279
3.340000000000000000e+02 
3.330000000000000000e+02 
0
-1
-1
315
-6.45410847253
-5.36871265113
0.302753766082
280
3.350000000000000000e+02 
3.340000000000000000e+02 
0
-1
-1
316
-6.35272545231
-5.32913948647
0.411799365367
281
3.360000000000000000e+02 
3.350000000000000000e+02 
0
-1
-1
317
-6.1626905322
-5.24311117621
0.45403157363
282
3.370000000000000000e+02 
3.360000000000000000e+02 
0
-1
-1
318
-5.91327265446
-5.11496911933
0.498990853451
283
3.380000000000000000e+02 
3.370000000000000000e+02 
0
-1
-1
319
-5.55886561791
-4.91266690565
0.538495974165
284
3.390000000000000000e+02 
3.380000000000000000e+02 
0
-1
-1
320
-5.2982138626
-4.74925682557
0.622997859671
285
3.400000000000000000e+02 3.430000000000000000e+02 
3.390000000000000000e+02 3.420000000000000000e+02 
0
-1
-1
321
-5.41565785354
-4.84469672815
0.678460929504
286
3.410000000000000000e+02 
3.400000000000000000e+02 
0
-1
-1
322
-5.37921373032
-4.80789999592
0.736171553355
287
3.420000000000000000e+02 
3.410000000000000000e+02 
0
-1
-1
323
-5.29530803648
-4.77811422213
0.542550557732
288
3.440000000000000000e+02 
3.430000000000000000e+02 
0
-1
-1
324
-5.11205030444
-4.67928198398
0.513530524332
289
3.450000000000000000e+02 
3.440000000000000000e+02 
0
-1
-1
325
-4.75352999075
-4.48405636566
0.502692346006
290
3.460000000000000000e+02 
3.450000000000000000e+02 
0
-1
-1
326
-4.48117157921
-4.33963425657
0.49860279101
291
3.470000000000000000e+02 
3.460000000000000000e+02 
0
-1
-1
327
-4.20828387732
-4.19616964736
0.495864991272
292
3.480000000000000000e+02 
3.470000000000000000e+02 
0
-1
-1
328
-4.02521525807
-4.09712342861
0.540837700154
293
3.490000000000000000e+02 
3.480000000000000000e+02 
0
-1
-1
329
-3.77223354047
-3.93841573649
0.589903281688
294
3.500000000000000000e+02 
3.490000000000000000e+02 
0
-1
-1
330
-3.43708757097
-3.70657124362
0.626696265239
295
3.510000000000000000e+02 
3.500000000000000000e+02 
0
-1
-1
331
-3.11561686511
-3.47302352805
0.64576053568
166
3.520000000000000000e+02 
3.510000000000000000e+02 
0
-1
-1
332
-2.94682012722
-3.35150726959
0.653909204154
296
3.530000000000000000e+02 
3.520000000000000000e+02 
0
-1
-1
333
-2.31079118057
-2.88441666944
0.530421834307
168
3.550000000000000000e+02 
3.540000000000000000e+02 
0
-1
-1
334
-1.99420266954
-2.69291090947
0.515244787757
169
3.560000000000000000e+02 
3.550000000000000000e+02 
0
-1
-1
335
-1.69005526157
-2.51523065687
0.504099495758
170
3.570000000000000000e+02 
3.560000000000000000e+02 
0
-1
-1
336
-1.38225312521
-2.3415448737
0.490220641719
171
3.580000000000000000e+02 
3.570000000000000000e+02 
0
-1
-1
337
-1.16746795133
-2.20747157238
0.600422388494
297
3.590000000000000000e+02 
3.580000000000000000e+02 
0
-1
-1
338
-1.13360976857
-2.1622989446
0.690170768282
172
3.600000000000000000e+02 
3.590000000000000000e+02 
0
-1
-1
339
-0.660733502334
-1.46052069225
1.4772136565
96
3.620000000000000000e+02 
3.610000000000000000e+02 
0
-1
-1
340
-0.648344049944
-1.26900207667
1.70112249164
98
3.640000000000000000e+02 
3.630000000000000000e+02 
0
-1
-1
341
-0.663442349066
-1.15868211308
1.83962384054
99
3.650000000000000000e+02 
3.640000000000000000e+02 
0
-1
-1
342
-0.68870359012
-1.05168060958
1.94658498601
100
3.660000000000000000e+02 
3.650000000000000000e+02 
0
-1
-1
343
-0.771651348424
-0.871249620257
2.16720246621
102
3.680000000000000000e+02 
3.670000000000000000e+02 
0
-1
-1
344
-0.825847317704
-0.799103473065
2.28375038831
298
3.690000000000000000e+02 
3.680000000000000000e+02 
0
-1
-1
345
-1.2288021714
-0.369519236989
2.57255167226
181
3.710000000000000000e+02 
3.700000000000000000e+02 
0
-1
-1
346
-1.30045664043
-0.315914866177
2.57938270235
182
3.720000000000000000e+02 
3.710000000000000000e+02 
0
-1
-1
347
-1.45926100029
-0.213205899017
2.60530337795
299
3.730000000000000000e+02 
3.720000000000000000e+02 
0
-1
-1
348
-1.53238116427
-0.162063557193
2.60803652733
109
3.740000000000000000e+02 
3.730000000000000000e+02 
0
-1
-1
349
-1.67119883004
-0.049005931651
2.52802814021
184
3.760000000000000000e+02 
3.750000000000000000e+02 
0
-1
-1
350
-1.73929106212
0.00892016769584
2.52137547855
185
3.770000000000000000e+02 
3.760000000000000000e+02 
0
-1
-1
351
-1.80540357425
0.0695641403787
2.48774933739
112
3.780000000000000000e+02 
3.770000000000000000e+02 
0
-1
-1
352
-1.94794325718
0.194754053135
2.44048793516
300
3.790000000000000000e+02 
3.780000000000000000e+02 
0
-1
-1
353
-2.06941369114
0.342512707025
2.29394284354
187
3.810000000000000000e+02 
3.800000000000000000e+02 
0
-1
-1
354
-2.13465543333
0.418298707842
2.28156602143
188
3.820000000000000000e+02 
3.810000000000000000e+02 
0
-1
-1
355
-2.26319695841
0.571519501224
2.26541964699
189

3.820000000000000000e+02 
0
-1
-1
-
355
354
