0.305172365727
1.89617619088
1.89668202307
1
0
7.0
0.1
0.00409061543436
0.00409061543436
2
1
8.0
0.2
0.00136353847812
0.00136353847812
3
2
10.0
0.1
0.00136353847812
0.00136353847812
4
3
11.0
0.199999814076
-0.0
-0.00136353847812
5
4
13.0
0.1
-0.0
-0.0
6
5
14.0
0.2
-0.00272707695624
-0.00272707695624
7
6
16.0
0.1
-0.00136353847812
-0.00136353847812
8
7
17.0
0.1
-0.00272707695624
-0.00272707695624
9
8
18.0
0.1
-0.00272707695624
-0.00272707695624
10
9
19.0
0.1
-0.00272707695624
-0.00272707695624
11
10
20.0
0.1
-0.00545415391248
-0.00545415391248
12
11
21.0
0.1
-0.00409061543436
-0.00409061543436
13
12
22.0
0.1
0.0668133854279
0.0668133854279
14
13
23.0
0.1
0.102265385859
0.102265385859
15
14
24.0
0.0919992997199
0.044996769778
0.044996769778
16
15
25.0
0.1
0.102265385859
0.102265385859
17
16
26.0
0.1
0.119991386075
0.119991386075
18
17
27.0
0.1
0.136353847812
0.136353847812
19
18
28.0
0.1
0.129536155421
0.129536155421
20
19
29.0
0.1
0.110446616728
0.110446616728
21
20
30.0
0.1
0.0845393856435
0.0845393856435
22
21
31.0
0.1
-0.0804487702091
-0.0804487702091
23
22
32.0
0.1
0.0613592315154
0.0613592315154
24
23
33.0
0.19997950226
0.0361337696702
0.0504509236905
25
24
35.0
0.199996235057
0.0184077694546
0.0245436926062
26
25
37.0
0.19962362258
0.0722675393404
0.133626770856
27
26
39.0
0.1
0.0804487702091
0.0804487702091
28
27
40.0
0.1
0.0668133854279
0.0668133854279
29
28
41.0
0.1
0.0722675393404
0.0722675393404
30
29
42.0
0.199986567162
0.0402243851046
0.0518144621686
31
30
44.0
0.199975412092
0.0320431542358
0.0477238467342
32
31
46.0
0.1
0.0968112319466
0.0968112319466
33
32
47.0
0.1
0.0409061543436
0.0409061543436
34
33
48.0
0.1
0.044996769778
0.044996769778
35
34
49.0
0.178245119495
0.040074214991
0.0477238467342
36
35
51.0
0.0999292646351
-0.0272707695624
-0.0272707695624
37
35.0
53.0
0.299996963254
-0.0168169790391
-0.0218166156499
38
37
56.0
0.299999256306
-0.010908307825
-0.0136353847812
39
38
59.0
0.299999566178
-0.0031815894693
-0.00545415391248
40
39
62.0
0.299999814076
-0.00545415391248
-0.00545415391248
41
40
65.0
0.199999814076
0.00136353847812
0.00272707695624
42
41
67.0
0.199901654414
0.0327249234749
0.0640863084717
43
42
69.0
0.1
0.1308996939
0.1308996939
44
43
70.0
0.178535293028
0.109814473365
0.160897540418
45
44
72.0
0.1
0.114537232162
0.114537232162
46
45
73.0
0.1
0.0954476934684
0.0954476934684
47
46
74.0
0.199963560058
0.125445539987
0.144535078681
48
47
76.0
0.48893385591
0.0498862182988
0.149989232593
49
48
81.0
0.1
0.117264309118
0.117264309118
50
49
82.0
0.1
0.124082001509
0.124082001509
51
50
83.0
0.189804309006
0.129786219606
0.197713079327
52
51
85.0
0.198271565408
0.0410237497448
0.0545415391248
53
52
87.0
0.199989541882
0.0265890003234
0.0368155389093
54
53
89.0
0.289017497294
0.0180884068715
0.0272707695624
55
54
92.0
0.199999581672
0.011590077064
0.0136353847812
56
55
94.0
0.199998326689
0.0122718463031
0.0163624617374
57
56
96.0
0.199998326689
0.00954476934684
0.0136353847812
58
57
98.0
0.293115161519
0.0110363637368
0.0163624617374
59
58
101.0
0.199998326689
0.0136353847812
0.0177260002156
60
59
103.0
0.199998837978
0.0102265385859
0.0136353847812
61
60
105.0
0.199999581672
0.011590077064
0.0136353847812
62
61
107.0
0.199997025228
0.0149989232593
0.0204530771718
63
62
109.0
0.199998326689
0.00954476934684
0.0136353847812
64
63
111.0
0.199998326689
0.0122718463031
0.0163624617374
65
64
113.0
0.199997722439
0.011590077064
0.0163624617374
66
65
115.0
0.199998837978
0.011590077064
0.0149989232593
67
66
117.0
0.1
0.010908307825
0.010908307825
68
67
118.0
0.573477782587
0.00632400938193
0.00272707695624
69
68
124.0
0.199679878311
0.112491924445
0.169078771287
70
69
126.0
0.199785110674
0.124082001509
0.170442309765
71
70
128.0
0.1
0.209984925631
0.209984925631
72
71
129.0
0.1
0.0968112319466
0.0968112319466
73
72
130.0
0.1
0.107719539772
0.107719539772
74
73
131.0
0.1
0.121354924553
0.121354924553
75
74
132.0
0.1
0.15271630955
0.15271630955
76
75
133.0
0.1
0.0736310778185
0.0736310778185
77
76
134.0
0.1
0.147262155637
0.147262155637
78
77
135.0
0.1
0.0995383089028
0.0995383089028
79
78
136.0
0.1
0.103628924337
0.103628924337
80
79
137.0
0.1
0.106356001293
0.106356001293
81
80
138.0
0.199988101
0.0599956930373
0.0709040008623
82
81
140.0
0.199843658526
0.0572686160811
0.0968112319466
83
82
142.0
0.199984940368
0.0395426158655
0.0518144621686
84
83
144.0
0.39065918249
0.0365956310769
0.0518144621686
85
84
149.0
0.527558612854
0.0206406243713
0.0422696928217
86
85
157.0
0.382942053253
0.0095607429368
0.0245436926062
87
86
166.0
0.217392305644
0.0201370977172
0.0368155389093
88
87
172.0
0.178422670436
0.0170630453029
0.0259072310843
89
88
176.0
0.215385430905
0.0842661596888
0.156806924984
90
89
179.0
0.0993787766679
0.0695404623841
0.0695404623841
91
90
180.0
0.1
0.0545415391248
0.0545415391248
92
91
181.0
0.1
0.107719539772
0.107719539772
93
92
182.0
0.0321830925353
0.107719539772
0.107719539772
94
93
183.0
0.0807063851181
0.132263232378
0.132263232378
95
94
184.0
0.0776836021765
0.103628924337
0.103628924337
96
95
185.0
0.0955147884069
0.113173693684
0.113173693684
97
96
186.0
0.1
0.141808001725
0.141808001725
98
97
187.0
0.1
0.106356001293
0.106356001293
99
98
188.0
0.1
0.103628924337
0.103628924337
100
99
189.0
0.1
0.107719539772
0.107719539772
101
100
190.0
0.1
0.100901847381
0.100901847381
102
101
191.0
0.1
0.100901847381
0.100901847381
103
102
192.0
0.1
0.144535078681
0.144535078681
104
103
193.0
0.196594869332
0.0434918032047
0.0518144621686
105
104
195.0
0.199859411662
0.0661316161888
0.103628924337
106
105
197.0
0.1
0.100901847381
0.100901847381
107
106
198.0
0.199975412092
0.0374973081483
0.0531780006467
108
107
200.0
0.199901654414
-0.0122718463031
-0.0436332312999
109
108
202.0
0.199999256306
-0.010908307825
-0.0136353847812
110
109
204.0
0.1
-0.0299978465187
-0.0299978465187
111
110
205.0
0.187787812112
-0.0438277049819
-0.0763581547748
112
111
207.0
0.1
-0.0722675393404
-0.0722675393404
113
112
208.0
0.199995351925
-0.0190895386937
-0.0259072310843
114
113
210.0
0.199997722439
-0.0102265385859
-0.0149989232593
115
114
212.0
0.1
-0.00545415391248
-0.00545415391248
116
115
213.0
0.1
-0.0068176923906
-0.0068176923906
117
116
214.0
0.1
-0.00409061543436
-0.00409061543436
118
117
215.0
0.1
-0.00545415391248
-0.00545415391248
119
118
216.0
0.199999953519
-0.0034088461953
-0.00409061543436
120
119
218.0
0.1
-0.00545415391248
-0.00545415391248
121
120
219.0
0.199999953519
-0.0034088461953
-0.00409061543436
122
121
221.0
0.1
-0.00409061543436
-0.00409061543436
123
122
222.0
0.1
-0.00409061543436
-0.00409061543436
124
123
223.0
0.1
-0.00272707695624
-0.00272707695624
125
124
224.0
0.1
-0.0068176923906
-0.0068176923906
126
125
225.0
0.1
-0.00545415391248
-0.00545415391248
127
126
226.0
0.1
-0.0068176923906
-0.0068176923906
128
127
227.0
0.1
-0.00545415391248
-0.00545415391248
129
128
228.0
0.199997025228
-0.010908307825
-0.0163624617374
130
129
230.0
0.199996235057
-0.0129536155421
-0.0190895386937
131
130
232.0
0.1
-0.010908307825
-0.010908307825
132
131
233.0
0.1
-0.0149989232593
-0.0149989232593
133
132
234.0
0.19944801417
0.0920388472731
0.166351694331
134
133
236.0
0.1
0.10908307825
0.10908307825
135
134
237.0
0.1
0.0831758471654
0.0831758471654
136
135
238.0
0.1
0.147262155637
0.147262155637
137
136
239.0
0.0979007695032
0.104992462815
0.104992462815
138
137
240.0
0.1
0.118627847596
0.118627847596
139
138
241.0
0.1
0.125445539987
0.125445539987
140
139
242.0
0.1
0.144535078681
0.144535078681
141
140
243.0
0.1
0.100901847381
0.100901847381
142
141
244.0
0.1
-0.295887849752
-0.295887849752
143
142
245.0
0.1
0.119991386075
0.119991386075
144
143
246.0
0.1
0.0940841549903
0.0940841549903
145
144
247.0
0.1
0.1308996939
0.1308996939
146
145
248.0
0.1
0.110446616728
0.110446616728
147
146
249.0
0.1
0.10908307825
0.10908307825
148
147
250.0
0.1
0.0954476934684
0.0954476934684
149
148
251.0
0.1
0.0559050776029
0.0559050776029
150
149
252.0
0.199992144774
0.0388608466264
0.0477238467342
151
150
254.0
0.29657501213
0.0273720335148
0.0422696928217
152
151
257.0
0.26181624777
0.0142179022071
0.0218166156499
153
152
261.0
0.55333327319
0.000147186707469
-0.0327249234749
154
153
268.0
0.271440133431
-0.0275597422009
-0.0381790773874
155
154
271.0
0.397263598654
-0.0167163583565
-0.0245436926062
156
155
275.0
0.296244786585
-0.00860694379988
-0.010908307825
157
156
278.0
0.1
0.125445539987
0.125445539987
158
157
279.0
0.1
0.0777216932529
0.0777216932529
159
158
280.0
0.1
0.110446616728
0.110446616728
160
159
281.0
0.1
0.079085231731
0.079085231731
161
160
282.0
0.1
0.133626770856
0.133626770856
47.0
161
283.0
0.1
-0.0875014371243
-0.0875014371243
162
48.0
285.0
0.298996317702
0.0269318082437
0.065964283744
163
162
288.0
0.199731586211
0.157758497572
0.209572959741
50.0
163
290.0
0.1
0.1575151996
0.1575151996
164
50.0
291.0
0.199981407916
0.0557045770962
0.0693399618774
165
164
293.0
0.428461124851
0.0439907386116
0.0987694363756
166
165
298.0
0.1
0.114456006665
0.114456006665
167
166
299.0
0.199973227582
0.050334300498
0.0666967622354
55.0
167
301.0
0.199999256306
0.00667836380176
0.009405440758
168
58.0
308.0
0.199998326689
0.0081315040914
0.0122221195258
169
168
310.0
0.199999814076
0.00406848442035
0.00543202289847
170
169
312.0
0.199998326689
0.00680613747768
0.010896752912
171
170
314.0
0.199997722439
0.00612933060679
0.0109017152802
172
171
316.0
0.199999953519
0.00749554290562
0.00681377366656
63.0
172
318.0
0.0669586056645
-0.0408557540346
-0.0408557540346
173
64.0
321.0
0.1
-0.062690927592
-0.062690927592
174
173
322.0
0.192328287049
-0.00808940340724
-0.00950733029241
175
174
324.0
0.191352124183
-0.00543462782675
-0.00543462782675
176
175
326.0
0.194931917211
-0.00135260138264
-0.00135260138264
177
176
328.0
0.256772580214
0.00238075346246
0.00546275010859
178
177
331.0
0.266196280417
0.0344881891827
0.0790892290458
179
178
334.0
0.1
0.0859036935728
0.0859036935728
69.0
179
335.0
0.1
0.049135476888
0.049135476888
180
69.0
336.0
0.1
0.188493408344
0.188493408344
181
180
337.0
0.199615214869
0.162941045267
0.224982046021
182
181
339.0
0.1
0.215435356581
0.215435356581
183
182
340.0
0.1
0.0613555160594
0.0613555160594
184
183
341.0
0.1
0.125442220766
0.125442220766
185
184
342.0
0.1
0.126806267885
0.126806267885
186
185
343.0
0.1
0.124079690604
0.124079690604
187
186
344.0
0.1
0.121353056861
0.121353056861
77.0
187
345.0
0.1
0.141399786438
0.141399786438
188
82.0
351.0
0.199992144774
0.0464768519776
0.0553398520854
189
188
353.0
0.425160080332
-0.00380012679586
-0.0279197180883
85.0
189
358.0
0.1
-0.0397232817594
-0.0397232817594
190
85.0
359.0
0.207434008134
-0.0244278094706
-0.02783983535
191
190
362.0
0.46958043604
-0.00941701936046
-0.0162535323664
192
191
368.0
0.454313176661
-0.00370043175938
-0.00678729302277
193
192
373.0
0.399998047804
-0.00476448506666
-0.00953687227523
194
193
377.0
0.39999788512
0.00034377991831
0.00409350966362
195
194
381.0
0.19977228667
0.111810808785
0.159534655519
196
195
383.0
0.1
0.107719757868
0.107719757868
89.0
196
384.0
0.1
0.14057905001
0.14057905001
92.0
90.0
386.0
0.1
0.0896541196569
0.0896541196569
197
93.0
388.0
0.0737317531435
0.140250245841
0.140250245841
198
197
389.0
0.0636699963004
0.0789465285995
0.0789465285995
199
198
390.0
0.0770561002179
0.100795065904
0.100795065904
200
199
391.0
0.1
0.111725992925
0.111725992925
201
200
392.0
0.1
0.151286016423
0.151286016423
202
201
393.0
0.1
0.0981217918875
0.0981217918875
203
202
394.0
0.1
0.13494830804
0.13494830804
101.0
203
395.0
0.0888803502399
0.0699682351472
0.0699682351472
204
101.0
396.0
0.1
0.129501022385
0.129501022385
103.0
204
397.0
0.1
0.0975665305697
0.0975665305697
205
103.0
398.0
0.1
0.075022802605
0.075022802605
104.0
205
399.0
0.199984940368
0.0420895565618
0.0543614028649
206
105.0
402.0
0.1
0.0913195266483
0.0913195266483
207
206
403.0
0.199995351925
0.0231449082523
0.0299626006429
208
207
405.0
0.199997025228
0.023168619855
0.0286227737675
109.0
208
407.0
0.1
-0.0166226015251
-0.0166226015251
209
109.0
408.0
0.1
-0.0345845303333
-0.0345845303333
210
209
409.0
0.199998837978
-0.0129594159938
-0.0163682621891
211
210
411.0
0.1
-0.0259058185381
-0.0259058185381
112.0
211
412.0
0.199631937504
-0.0863680112794
-0.147045473556
212
112.0
414.0
0.1
-0.0311670343561
-0.0311670343561
213
212
415.0
0.199994375834
-0.0224039098694
-0.029903371499
214
213
417.0
0.199999814076
-0.00946817681259
-0.0108317152907
215
214
419.0
0.1
0.0627527593631
0.0627527593631
117.0
215
420.0
0.1
-3.13551765929e-06
-3.13551765929e-06
125.0
123.0
430.0
0.1
-0.00413527905815
-0.00413527905815
216
126.0
433.0
0.1
-0.00270849122172
-0.00270849122172
217
216
434.0
0.1
-0.00269155016564
-0.00269155016564
218
217
435.0
0.1
-0.00405367042891
-0.00405367042891
219
218
436.0
0.1
-0.00405747326416
-0.00405747326416
220
219
437.0
0.1
0.124110030852
0.124110030852
221
220
438.0
0.1
0.0586552184595
0.0586552184595
15.0
221
439.0
0.1
-0.0850033459509
-0.0850033459509
222
22.0
447.0
0.2
0.0214003664748
0.0214003664748
144.0
222
449.0
0.1
0.148603638704
0.148603638704
223
144.0
450.0
0.1
0.120171813642
0.120171813642
224
223
451.0
0.1
0.0761835893516
0.0761835893516
225
224
452.0
0.1
0.115788916399
0.115788916399
226
225
453.0
0.1
0.0885637334003
0.0885637334003
149.0
226
454.0
0.1
0.13182402025
0.13182402025
227
149.0
455.0
0.299966100866
0.0446669408229
0.062847428198
228
227
458.0
0.273839259494
-0.00954044567393
-0.0558926950029
229
228
461.0
0.1
-0.114535726367
-0.114535726367
230
229
462.0
0.1
-0.139080004662
-0.139080004662
231
230
463.0
0.1
-0.0940835950465
-0.0940835950465
232
231
464.0
0.1
-0.0518141222166
-0.0518141222166
233
232
465.0
0.1
-0.0122716400921
-0.0122716400921
234
233
466.0
0.1
-0.00409049031042
-0.00409049031042
235
234
467.0
0.1
-0.00681761637416
-0.00681761637416
236
235
468.0
0.1
-0.00409056916051
-0.00409056916051
237
236
469.0
0.1
0.00409064367575
0.00409064367575
238
237
470.0
0.1
0.0872664798889
0.0872664798889
239
238
471.0
0.1
0.0681769345275
0.0681769345275
240
239
472.0
0.1
0.13089970045
0.13089970045
241
240
473.0
0.1
0.0599956970941
0.0599956970941
242
241
474.0
0.199997025228
0.02045308137
0.0259072352825
243
242
476.0
0.281223204625
0.0342443315486
0.0436332333346
155.0
243
479.0
0.474641033473
0.0187484184056
0.0351646826674
244
155.0
484.0
0.338933440096
0.0116315172488
0.0141936351876
245
244
488.0
0.352672635742
0.0105422939338
0.0150154301035
246
245
492.0
0.292670965799
0.00642207636984
0.00818322131859
247
246
495.0
0.299998264714
0.00863619077696
0.0122722908814
248
247
498.0
0.299998326689
0.00545425393498
0.00954486936934
249
248
501.0
0.199998837978
0.00204532604762
0.00545417224293
250
249
503.0
0.199999814076
0.0040906223005
0.00545416077862
251
250
505.0
0.2
0.00409061802373
0.00409061802373
252
251
507.0
0.1
-0.0640863078752
-0.0640863078752
253
252
508.0
0.1
-0.117264308749
-0.117264308749
254
253
509.0
0.199992144774
-0.0279525384202
-0.036815538528
255
254
511.0
0.199997722439
-0.0184077693063
-0.0231801539797
256
255
513.0
0.199998837978
-0.0170442309186
-0.0204530771139
257
256
515.0
0.199995351925
-0.0149989232365
-0.0218166156271
258
257
517.0
0.199997025228
-0.0136353847722
-0.0190895386847
259
258
519.0
0.199996235057
-0.0170442309729
-0.0231801541244
260
259
521.0
0.199996235057
-0.0170442309751
-0.0231801541266
261
260
523.0
0.299984134719
-0.0309070003719
-0.0381790773866
262
261
526.0
0.199615214869
0.0934023857514
0.155443386506
263
262
528.0
0.1
0.0940841549903
0.0940841549903
264
263
529.0
0.1
0.126809078465
0.126809078465
265
264
530.0
0.1
0.102265385859
0.102265385859
266
265
531.0
0.1
0.102265385859
0.102265385859
267
266
532.0
0.1
0.122718463031
0.122718463031
268
267
533.0
0.1
0.125445539987
0.125445539987
269
268
534.0
0.1
0.0968112319466
0.0968112319466
270
269
535.0
0.1
0.133626770856
0.133626770856
271
270
536.0
0.1
0.177260002156
0.177260002156
272
271
537.0
0.1
0.0872664625997
0.0872664625997
273
272
538.0
0.272328637807
0.0358653223354
0.0695404623841
274
273
541.0
0.1
0.111810155206
0.111810155206
275
274
542.0
0.1
0.0995383089028
0.0995383089028
276
275
543.0
0.157112101228
0.0498290090813
0.0654498469498
277
276
545.0
0.267763636505
0.0679409743953
0.129536155421
278
277
549.0
0.1
0.0859029241216
0.0859029241216
279
278
550.0
0.199990889807
0.0327249234749
0.0422696928217
280
279
552.0
0.199998837978
0.0102265385859
0.0136353847812
281
280
554.0
0.199998326689
0.010908307825
0.0149989232593
282
281
556.0
0.199997722439
0.011590077064
0.0163624617374
283
282
558.0
0.1
0.00409061543436
0.00409061543436
284
283
559.0
0.199999581672
0.00886300010778
0.010908307825
285
284
561.0
0.199999814076
0.00136353847812
0.00272707695624
286
285
563.0
0.199998326689
0.0068176923906
0.010908307825
287
286
565.0
0.1
-0.0
-0.0
288
287
566.0
0.199999953519
-0.00068176923906
-0.0
289
288
568.0
0.34099753578
0.0339147237048
0.110446616728
290
289
573.0
0.1
0.0518144621686
0.0518144621686
291
290
574.0
0.1
0.0204530771718
0.0204530771718
292
291
575.0
0.1
0.0177260002156
0.0177260002156
293
292
576.0
0.1
0.0163624617374
0.0163624617374
294
293
577.0
0.1
0.010908307825
0.010908307825
295
294
578.0
0.1
0.010908307825
0.010908307825
296
295
579.0
0.1
0.0136353847812
0.0136353847812
297
296
580.0
0.199998837978
0.00749946162966
0.010908307825
298
297
582.0
0.1
0.0068176923906
0.0068176923906
299
298
583.0
0.199999953519
0.0034088461953
0.00409061543436
300
299
585.0
0.199999256306
0.00818123086872
0.010908307825
301
300
587.0
0.199869449274
0.0415879235827
0.0777216932529
302
301
589.0
0.1
0.119991386075
0.119991386075
303
302
590.0
0.1
0.0668133854279
0.0668133854279
304
303
591.0
0.1
0.0845393856435
0.0845393856435
305
304
592.0
0.1
0.0940841549903
0.0940841549903
306
305
593.0
0.1
0.124082001509
0.124082001509
307
306
594.0
0.1
0.129536155421
0.129536155421
308
307
595.0
0.1
0.107719539772
0.107719539772
309
308
596.0
0.1
0.154079848028
0.154079848028
310
309
597.0
0.1
0.104992462815
0.104992462815
311
310
598.0
0.1
0.0299978465187
0.0299978465187
312
311
599.0
0.1
0.0204530771718
0.0204530771718
313
312
600.0
0.1
0.0190895386937
0.0190895386937
314
313
601.0
0.1
0.107719539772
0.107719539772
315
314
602.0
0.1
0.113173693684
0.113173693684
316
315
603.0
0.199988101
0.0354520004311
0.0463603082561
317
316
605.0
0.27205841152
0.0373151034825
0.0490873852123
318
317
608.0
0.399974993735
0.0306797222381
0.0436332312999
319
318
612.0
0.299811812746
0.0386284425496
0.0886300010778
320
319
615.0
0.1
0.0586321545592
0.0586321545592
321
320
616.0
0.173880069347
0.0543017003078
0.0613592315154
322
321
618.0
0.1
-0.113173693684
-0.113173693684
320.0
322
619.0
0.1
-0.0726705639801
-0.0726705639801
323
320.0
620.0
0.199999581672
-0.0228465909542
-0.0248918986714
324
323
622.0
0.399999186584
-0.00432384766448
-0.00671003940702
325
324
626.0
0.3
3.85878609181e-05
3.85878609181e-05
326
325
629.0
0.299999938025
0.000481321115817
0.0013903467992
327
326
632.0
0.199943063563
0.0252389354689
0.049100858836
328
327
634.0
0.290819599581
0.0372539533696
0.0531937346366
329
328
637.0
0.399979641648
0.0279675528246
0.0409211395286
330
329
641.0
0.389970106213
0.0151589441829
0.0231924290167
331
330
646.0
0.200632504236
0.00830267508695
0.0122768293656
332
331
649.0
0.311662903291
-0.0108810217196
-0.0504451153305
190.0
332
654.0
0.0241401143791
3.87643511667e-05
3.87643511667e-05
333
192.0
663.0
0.416450015369
-0.00515957378586
-0.00947768798295
334
333
668.0
0.398760707322
-0.00408239319309
-0.00544593167121
335
334
672.0
0.39999897742
-0.00613418522013
-0.00817949198663
336
335
676.0
0.299588072586
0.0417986111109
0.115901110508
337
336
679.0
0.1
0.0954477451575
0.0954477451575
338
337
680.0
0.1
0.0968112681472
0.0968112681472
89.0
338
681.0
0.081045751634
0.100896003813
0.100896003813
339
198.0
687.0
0.0795616434123
0.0777176860207
0.0777176860207
200.0
339
688.0
0.1
0.144073161644
0.144073161644
340
200.0
689.0
0.1
0.135151996809
0.135151996809
341
340
690.0
0.1
0.103611793661
0.103611793661
342
341
691.0
0.1
0.136345780526
0.136345780526
204.0
342
692.0
0.1
0.0875900997509
0.0875900997509
343
204.0
693.0
0.1
0.123215674079
0.123215674079
344
343
694.0
0.1
0.107741408267
0.107741408267
104.0
344
695.0
0.199859411662
0.0756989547544
0.113196262903
345
206.0
700.0
0.1
0.0122806909254
0.0122806909254
346
345
701.0
0.199995351925
0.0245526433852
0.0313703357758
347
346
703.0
0.1
0.00818280881635
0.00818280881635
348
347
704.0
0.1
-0.047723275345
-0.047723275345
210.0
348
705.0
0.1
-0.0230870638501
-0.0230870638501
349
210.0
706.0
0.1
-0.00290427412994
-0.00290427412994
350
349
707.0
0.1
-0.0298777546209
-0.0298777546209
351
350
708.0
0.199960910812
-0.023741708829
-0.0435130167618
352
351
710.0
0.1
-0.111782907582
-0.111782907582
213.0
352
711.0
0.1
-0.0310137963
-0.0310137963
353
213.0
712.0
0.1
-0.0123768209831
-0.0123768209831
354
353
713.0
0.199998837978
-0.0127375282437
-0.016146374439
355
354
715.0
