0
40
40
19.5742761368
1.0
0.000000000000000000e+00 1.170000000000000000e+02 
1
39.9695914189
39.8314259226
19.8742761368
1.0
1.000000000000000000e+00 1.180000000000000000e+02 
2
39.9419665289
39.7491169475
19.892877291
1.0
2.000000000000000000e+00 1.190000000000000000e+02 
3
39.8898860867
39.5903012505
19.9115419888
1.0
3.000000000000000000e+00 1.200000000000000000e+02 
4
39.8624925122
39.5067926252
19.905788171
1.0
4.000000000000000000e+00 1.210000000000000000e+02 
5
39.8069520903
39.3328812343
19.9119357739
1.0
5.000000000000000000e+00 1.220000000000000000e+02 
6
39.7808782894
39.245626695
19.8930808755
1.0
6.000000000000000000e+00 1.230000000000000000e+02 
7
39.7316307062
39.0760594743
19.8758998749
1.0
7.000000000000000000e+00 1.250000000000000000e+02 
8
39.708895306
38.9953663313
19.8760585909
1.0
8.000000000000000000e+00 1.260000000000000000e+02 
9
39.6853401152
38.9147978678
19.8653695857
1.0
9.000000000000000000e+00 2.160000000000000000e+02 
10
39.6599525217
38.8335015033
19.8476587547
1.0
1.000000000000000000e+01 2.170000000000000000e+02 
11
39.6336991504
38.7520964651
19.8303122504
1.0
1.100000000000000000e+01 2.180000000000000000e+02 
12
39.6067513378
38.6701595738
19.8136573173
1.0
1.200000000000000000e+01 2.190000000000000000e+02 
13
39.5796215215
38.5885634946
19.7815140112
1.0
1.300000000000000000e+01 2.200000000000000000e+02 
14
39.5522780754
38.5056568574
19.7602288221
1.0
1.400000000000000000e+01 
15
39.525481116
38.4211893956
20.1430576763
1.0
1.500000000000000000e+01 
16
39.4938765824
38.3395649749
20.7148373359
1.0
1.600000000000000000e+01 
17
39.4579458196
38.2691282636
20.9777685066
1.0
1.700000000000000000e+01 
18
39.4147006727
38.194853286
21.5505772339
1.0
1.800000000000000000e+01 
19
39.364727367
38.1186260642
22.2403393343
1.0
1.900000000000000000e+01 
20
39.3073524435
38.0615917172
23.0341249549
1.0
2.000000000000000000e+01 
21
39.2398174687
38.0122505386
23.7851344113
1.0
2.100000000000000000e+01 
22
39.1649355569
37.9681025174
24.4272781961
1.0
2.200000000000000000e+01 
23
39.0881308923
37.9352383906
24.9309059949
1.0
2.300000000000000000e+01 
24
39.0094999244
37.9074896395
24.4662120914
1.0
2.400000000000000000e+01 2.220000000000000000e+02 
25
38.8593129932
37.8410038836
24.9419341902
1.0
2.500000000000000000e+01 
26
38.7002260884
37.7859985536
25.1625056463
1.0
2.600000000000000000e+01 
27
38.5361206508
37.7276441943
25.2773656707
1.0
2.700000000000000000e+01 
28
38.4526614402
37.6994493424
25.9730857562
1.0
2.800000000000000000e+01 
29
38.3633467834
37.6871161111
26.4489055177
1.0
2.900000000000000000e+01 
30
38.2747797093
37.6795296392
26.8341140178
1.0
3.000000000000000000e+01 
31
38.1036184811
37.6793483681
27.4060844407
1.0
3.100000000000000000e+01 
32
37.9340148258
37.6890664241
27.6071457257
1.0
3.200000000000000000e+01 
33
37.8514490719
37.6963698878
27.773185308
1.0
3.300000000000000000e+01 
34
37.7673414376
37.7077678644
28.3100078585
1.0
3.400000000000000000e+01 2.300000000000000000e+02 
35
37.6825461675
37.7227169614
28.5494253698
1.0
3.500000000000000000e+01 
36
37.517325652
37.7636516362
28.9697781969
1.0
3.600000000000000000e+01 1.530000000000000000e+02 
37
37.3686120119
37.8066207424
28.7813165025
1.0
3.700000000000000000e+01 
38
37.1129818163
37.8731435881
28.550669846
1.0
3.800000000000000000e+01 2.430000000000000000e+02 
39
36.8694833952
37.9343910446
28.4727357588
1.0
3.900000000000000000e+01 
40
36.6167961106
37.9943767595
28.4445889962
1.0
4.000000000000000000e+01 
41
36.3607837411
38.0538932579
28.3826039728
1.0
4.100000000000000000e+01 
42
36.1897156315
38.0922514319
28.3859052092
1.0
4.200000000000000000e+01 
43
36.0194342468
38.1335908635
28.4009636368
1.0
4.300000000000000000e+01 1.570000000000000000e+02 
44
35.934723682
38.1549708953
28.7568774095
1.0
4.400000000000000000e+01 1.580000000000000000e+02 
45
35.7978408164
38.2092023376
29.7689828124
1.0
4.500000000000000000e+01 1.600000000000000000e+02 
46
35.7217127305
38.2481735512
30.4222308588
1.0
4.600000000000000000e+01 1.610000000000000000e+02 
47
35.6536758174
38.2980254592
31.0847108273
1.0
4.700000000000000000e+01 
48
35.525432315
38.423079084
32.2533848327
1.0
4.800000000000000000e+01 1.620000000000000000e+02 1.800000000000000000e+02 
49
35.2835937352
38.7653391882
32.9324125177
1.0
4.900000000000000000e+01 1.630000000000000000e+02 
50
35.2417369306
38.8368916081
33.3189368468
1.0
5.000000000000000000e+01 
51
35.2040892971
38.915453262
33.9875335166
1.0
5.100000000000000000e+01 1.640000000000000000e+02 
52
35.1629916245
39.0658404356
35.0289093256
1.0
5.200000000000000000e+01 
53
35.1518285632
39.232103925
0.018788452185
1.0
5.300000000000000000e+01 
54
35.1618588232
39.400582215
0.249114687994
1.0
5.400000000000000000e+01 
55
35.1843976635
39.6588088109
0.429086330019
1.0
5.500000000000000000e+01 
56
35.1997825353
39.8355543365
0.522005793705
1.0
5.600000000000000000e+01 
57
35.2173413176
40.0067571678
0.582578946133
1.0
5.700000000000000000e+01 
58
35.2367987113
40.1766583884
0.649773542624
1.0
5.800000000000000000e+01 
59
35.2672510401
40.4270083913
0.738628041369
1.0
5.900000000000000000e+01 
60
35.2905291519
40.6024230871
0.809874157996
1.0
6.000000000000000000e+01 
61
35.3159511063
40.7804940459
0.877148555452
1.0
6.100000000000000000e+01 
62
35.3363901965
40.9533685172
0.952956295908
1.0
6.200000000000000000e+01 
63
35.3586470452
41.1247665192
1.01219140773
1.0
6.300000000000000000e+01 
64
35.3895737005
41.2952571167
1.08351694244
1.0
6.400000000000000000e+01 
65
35.4249316421
41.4680980216
1.1584684561
1.0
6.500000000000000000e+01 
66
35.4612767414
41.6398624967
1.22423261383
1.0
6.600000000000000000e+01 
67
35.4994155443
41.8127572199
1.31151263997
1.0
6.700000000000000000e+01 
68
35.5186978298
41.8975980819
1.34281370262
1.0
6.800000000000000000e+01 
69
35.6337758938
42.3789562522
1.3978311039
1.0
6.900000000000000000e+01 
70
35.6708021747
42.5512619529
1.7064799261
1.0
7.000000000000000000e+01 1.810000000000000000e+02 
71
35.7278222933
42.7187398987
2.78869777041
1.0
7.100000000000000000e+01 1.820000000000000000e+02 
72
35.7664182874
42.7959549717
3.31581758772
1.0
7.200000000000000000e+01 1.830000000000000000e+02 
73
35.8129338876
42.8686418955
4.52203304261
1.0
7.300000000000000000e+01 
74
35.8724671998
42.9276259669
5.06285909531
1.0
7.400000000000000000e+01 1.850000000000000000e+02 
75
35.9404777378
42.9776807685
5.68109695419
1.0
7.500000000000000000e+01 1.860000000000000000e+02 
76
36.0090549753
43.0222332208
6.37976762015
1.0
7.600000000000000000e+01 
77
36.0859097274
43.053987904
7.27440663117
1.0
7.700000000000000000e+01 
78
36.1665415429
43.0739029603
7.70703046279
1.0
7.800000000000000000e+01 
79
36.2457993188
43.0947938627
8.54423922516
1.0
7.900000000000000000e+01 
80
36.3316879353
43.0999741136
9.13201152797
1.0
8.000000000000000000e+01 
81
36.4172450426
43.0985996489
9.73575329774
1.0
8.100000000000000000e+01 
82
36.5918624081
43.0681506809
10.6363624031
1.0
8.200000000000000000e+01 
83
36.7645423893
43.0224971307
10.8323191926
1.0
8.300000000000000000e+01 
84
36.9278643811
42.9621935945
11.4266055349
1.0
8.400000000000000000e+01 
85
37.2594215594
42.8034047459
11.7970859907
1.0
8.500000000000000000e+01 1.900000000000000000e+02 
86
37.6517077284
42.5913476215
11.9745901126
1.0
8.600000000000000000e+01 
87
37.9328511472
42.4255241349
12.0874597666
1.0
8.700000000000000000e+01 
88
38.0899521465
42.3170305199
12.277158927
1.0
8.800000000000000000e+01 
89
38.1948033762
42.2487619934
12.3841684799
1.0
8.900000000000000000e+01 
90
38.3205111589
42.166236854
12.5573004191
1.0
9.000000000000000000e+01 
91
38.3926504157
42.1168157134
13.2992234544
1.0
9.100000000000000000e+01 
92
38.4549298407
42.0595163121
13.7059163274
1.0
9.200000000000000000e+01 
93
38.5119297951
41.9993746258
14.0116212672
1.0
9.300000000000000000e+01 
94
38.5695718337
41.9351489975
14.6196901333
1.0
9.400000000000000000e+01 1.970000000000000000e+02 
95
38.5811923634
41.9200541498
15.2395998574
1.0
9.500000000000000000e+01 1.980000000000000000e+02 
96
38.6146476966
41.8534470557
16.0133143856
1.0
9.600000000000000000e+01 3.390000000000000000e+02 
97
38.634263521
41.7857761105
16.6187431959
1.0
9.700000000000000000e+01 
98
38.6496342972
41.707673651
17.2737731962
1.0
9.800000000000000000e+01 3.400000000000000000e+02 
99
38.6566025523
41.6221586013
18.098296972
1.0
9.900000000000000000e+01 3.410000000000000000e+02 
100
38.6489505328
41.5332037944
18.7224076204
1.0
1.000000000000000000e+02 3.420000000000000000e+02 
101
38.6330695807
41.44695838
19.3250281288
1.0
1.010000000000000000e+02 
102
38.6117993602
41.3629893396
19.9481583726
1.0
1.020000000000000000e+02 3.430000000000000000e+02 
103
38.5814974564
41.2810852622
20.5311749286
1.0
1.030000000000000000e+02 
104
38.5454219895
41.2016183939
21.1125380832
1.0
1.040000000000000000e+02 
105
38.4448788936
41.0731597199
22.1506034154
1.0
1.050000000000000000e+02 
106
38.3341473132
40.9491028278
22.3981181575
1.0
1.060000000000000000e+02 
107
38.2757494279
40.8898286026
22.8141553537
1.0
1.070000000000000000e+02 
108
38.1441054202
40.7860245456
23.514194716
1.0
1.080000000000000000e+02 
109
38.0071246674
40.6941630624
23.7804198757
1.0
1.090000000000000000e+02 3.480000000000000000e+02 
110
37.8684097006
40.598718643
23.3784818464
1.0
1.100000000000000000e+02 
111
37.8013270552
40.5471287672
23.3542419543
1.0
1.110000000000000000e+02 
112
37.6687493358
40.4475628053
23.1605736931
1.05
1.120000000000000000e+02 3.510000000000000000e+02 
113
37.6009616569
40.3932066477
22.7678728734
1.0
1.130000000000000000e+02 
114
37.4777504237
40.2768815971
22.2982660256
1.0
1.140000000000000000e+02 
115
37.3620597569
40.1538172975
22.2059092139
1.0
1.150000000000000000e+02 
116
37.3008809478
40.0910821062
22.1555226039
1.0
1.160000000000000000e+02 
117
38.9693787395
38.8107264956
18.9609360833
1.0
1.240000000000000000e+02 
118
38.963855577
38.3232434815
18.9368384197
1.0
1.270000000000000000e+02 
119
38.9508010414
38.2028075517
18.9094591521
1.0
1.280000000000000000e+02 
120
38.9395268056
38.102717398
18.8774947894
1.0
1.290000000000000000e+02 
121
38.9171615585
37.9325639644
18.8300159485
1.0
1.300000000000000000e+02 
122
38.8954782429
37.769694388
18.742341299
1.0
1.310000000000000000e+02 
123
38.8838618664
37.6860778109
18.6756345181
1.0
1.320000000000000000e+02 
124
38.8722439899
37.5989184776
18.6193771703
1.0
1.330000000000000000e+02 
125
38.8553465857
37.4219764743
18.6460960094
1.0
1.340000000000000000e+02 
126
38.8450255255
37.332981629
19.4897186673
1.0
1.350000000000000000e+02 
127
38.8191039852
37.2458442237
20.1216869759
1.0
1.360000000000000000e+02 
128
38.7878178282
37.1609700221
20.6051419928
1.0
1.370000000000000000e+02 
129
38.7498336191
37.0839718475
21.4442343466
1.0
1.380000000000000000e+02 
130
38.7000506094
37.0174497817
22.0548208392
1.0
1.390000000000000000e+02 
131
38.6473275776
36.9574923582
22.7444518019
1.0
1.400000000000000000e+02 
132
38.5820131519
36.902161933
23.4662298623
1.0
1.410000000000000000e+02 
133
38.5099380285
36.8574782302
24.310658826
1.0
1.420000000000000000e+02 
134
38.4315940428
36.8206575908
24.9068109107
1.0
1.430000000000000000e+02 
135
38.3474572961
36.7858152332
23.2151167222
1.0
1.440000000000000000e+02 
136
38.280608562
36.7315851818
23.8989915696
1.0
1.450000000000000000e+02 
137
38.209933408
36.6878591325
24.4463605791
1.0
1.460000000000000000e+02 
138
38.1318732903
36.6551122285
25.203828116
1.0
1.470000000000000000e+02 
139
38.0539959036
36.6298575456
25.8521956777
1.0
1.480000000000000000e+02 
140
37.9712009044
36.6151762962
26.4825826414
1.0
1.490000000000000000e+02 
141
37.886425992
36.6068281935
27.046554642
1.0
1.500000000000000000e+02 
142
37.7154016722
36.6108883775
27.5348649544
1.0
1.510000000000000000e+02 
143
37.4578160178
36.6339576973
27.7501626226
1.0
1.520000000000000000e+02 2.290000000000000000e+02 
144
36.6454565601
36.9910555066
27.9312382794
1.0
1.540000000000000000e+02 
145
36.405247828
37.0217220753
27.6629294607
1.0
1.550000000000000000e+02 
146
36.0625714963
37.0554555426
27.5076733897
1.0
1.560000000000000000e+02 
147
35.3454674024
37.8216140412
28.5950591382
1.0
1.590000000000000000e+02 
148
34.8964861332
38.1897929288
33.9197679345
1.0
1.650000000000000000e+02 
149
34.780639585
38.5160258557
34.1089420724
1.0
1.660000000000000000e+02 
150
34.7513085657
38.6023675671
34.5550623577
1.0
1.670000000000000000e+02 
151
35.0000588786
40.0578589203
0.0945544954924
1.0
1.680000000000000000e+02 
152
35.0012650131
40.2297424322
0.127749768534
1.0
1.690000000000000000e+02 
153
35.0065897638
40.396934306
0.176115412619
1.0
1.700000000000000000e+02 
154
35.0125581331
40.5763566501
0.206207875643
1.0
1.710000000000000000e+02 
155
35.0201627924
40.7590502846
0.250549972785
1.0
1.720000000000000000e+02 
156
35.0299444959
41.161828615
0.730145829776
1.0
1.730000000000000000e+02 
157
35.036655357
41.2090794392
0.521566976066
1.0
1.740000000000000000e+02 
158
35.0466814377
41.3755080498
0.143682869334
1.0
1.750000000000000000e+02 
159
35.0529654658
41.5432925621
0.104953081728
1.0
1.760000000000000000e+02 
160
35.0567657358
41.7226956622
0.101470922923
1.0
1.770000000000000000e+02 
161
35.0576896296
41.979340115
0.11321214113
1.0
1.780000000000000000e+02 
162
35.0593267018
42.1671137417
0.173016702109
1.0
1.790000000000000000e+02 
163
35.0637402656
42.0476346697
4.02279486263
1.0
1.840000000000000000e+02 
164
35.1404324287
42.1350794459
5.98237940689
1.0
1.870000000000000000e+02 
165
36.1764458259
42.9764673345
10.4047639157
1.0
1.880000000000000000e+02 
166
36.3268901249
42.9217531476
11.4323524044
1.0
1.890000000000000000e+02 3.310000000000000000e+02 
167
37.1685866023
42.0905062203
10.6820880789
2.45
1.910000000000000000e+02 
168
37.5381808598
41.9887325888
10.6022467885
2.75
1.920000000000000000e+02 3.330000000000000000e+02 
169
37.9045960635
41.8896419026
10.5555533455
1.05
1.930000000000000000e+02 3.340000000000000000e+02 
170
38.2406375538
41.7950818997
10.5120968159
1.25
1.940000000000000000e+02 3.350000000000000000e+02 
171
38.5793724029
41.7102112809
10.5070930768
1.0
1.950000000000000000e+02 3.360000000000000000e+02 
172
38.7520417318
41.6621225028
10.8721101096
1.0
1.960000000000000000e+02 3.380000000000000000e+02 
173
38.1025917781
40.9919101852
15.6684761107
1.0
1.990000000000000000e+02 
174
38.1179535319
40.9354288169
16.1513601858
1.0
2.000000000000000000e+02 
175
38.1330176837
40.8737639122
16.7215156024
1.0
2.010000000000000000e+02 
176
38.1513735587
40.7895334194
17.3741562199
1.0
2.020000000000000000e+02 
177
38.1603861218
40.7040299751
18.2563141248
1.0
2.030000000000000000e+02 
178
38.0578933986
40.7304984249
19.7054938669
1.0
2.040000000000000000e+02 
179
37.9798588512
40.7551052116
20.8141692766
1.0
2.050000000000000000e+02 
180
37.8865832577
40.8238932473
22.1084632902
1.0
2.060000000000000000e+02 
181
37.8350287336
40.7701321186
22.2378236901
1.0
2.070000000000000000e+02 3.450000000000000000e+02 
182
37.7160916917
40.655010045
22.8430867626
1.0
2.080000000000000000e+02 3.460000000000000000e+02 
183
37.7378679167
40.1908376932
23.0564082487
1.0
2.090000000000000000e+02 
184
37.6927877217
40.1050406147
22.969482109
1.0
2.100000000000000000e+02 3.490000000000000000e+02 
185
37.5759881961
39.9872045185
22.7395071683
1.0
2.110000000000000000e+02 3.500000000000000000e+02 
186
37.0183180582
39.8848703418
22.791719296
1.0
2.120000000000000000e+02 
187
36.9426518805
39.8332957917
22.1195052861
1.2
2.130000000000000000e+02 3.530000000000000000e+02 
188
36.8388466472
39.7131829446
21.8241767585
1.3
2.140000000000000000e+02 3.540000000000000000e+02 
189
36.7330085689
39.5774200554
21.7153640777
12.4
2.150000000000000000e+02 3.550000000000000000e+02 
190
38.967858099
37.8256009532
18.9571220862
1.0
2.210000000000000000e+02 
191
38.3881542451
36.5265974218
23.5541073741
1.0
2.230000000000000000e+02 
192
38.2792971919
36.4287322527
24.2178590678
1.0
2.240000000000000000e+02 
193
38.1900711844
36.3704588536
24.9118754403
1.0
2.250000000000000000e+02 
194
38.1091001559
36.3375875867
25.3620252792
1.0
2.260000000000000000e+02 
195
37.3890489764
36.1393038961
26.520510896
1.0
2.270000000000000000e+02 
196
37.0396114951
36.125186731
27.5562010126
1.0
2.280000000000000000e+02 
197
36.8143424046
36.5065352715
26.7494654481
1.0
2.310000000000000000e+02 
198
36.7344785912
36.5398777946
26.0018318794
1.0
2.320000000000000000e+02 
199
36.6539502246
36.5346494989
25.4673284296
1.0
2.330000000000000000e+02 
200
36.5728118699
36.5155074555
25.1742819605
1.0
2.340000000000000000e+02 
201
36.4915227734
36.4911479821
25.1178678228
1.0
2.350000000000000000e+02 
202
36.4090818253
36.4659661501
25.1067197764
1.0
2.360000000000000000e+02 
203
36.3263171212
36.4401752997
25.0757310748
1.0
2.370000000000000000e+02 
204
36.2431387754
36.4125125982
25.0578892516
1.0
2.380000000000000000e+02 
205
36.1614049155
36.3831166091
25.0845566526
1.0
2.390000000000000000e+02 
206
36.0798200521
36.3537210095
25.5835574582
1.0
2.400000000000000000e+02 
207
35.9948562162
36.3379251152
25.974888567
1.0
2.410000000000000000e+02 
208
35.913266953
36.3241971983
26.7248195507
1.0
2.420000000000000000e+02 
209
35.7404304967
36.9888929815
27.4407240969
1.0
2.440000000000000000e+02 
210
35.4183310051
37.0138833486
27.5269364979
1.0
2.450000000000000000e+02 
211
35.125646094
37.0413912508
27.5965501219
1.0
2.460000000000000000e+02 
212
34.8893892146
37.0672902172
27.6362809385
1.0
2.470000000000000000e+02 
213
34.6308283692
37.0947600244
27.6858119713
1.0
2.480000000000000000e+02 
214
34.3685616117
37.1235194031
27.7127260218
1.0
2.490000000000000000e+02 
215
34.1897378422
37.1456324584
27.717930951
1.0
2.500000000000000000e+02 
216
34.014209843
37.1664417087
27.7677123459
1.0
2.510000000000000000e+02 
217
33.8441530748
37.1867448683
27.7997460339
1.0
2.520000000000000000e+02 
218
33.7610568478
37.1977654075
27.7934621205
1.0
2.530000000000000000e+02 
219
33.6767491104
37.2106822645
27.422013475
1.0
2.540000000000000000e+02 
220
33.5032537495
37.2188998446
26.6382967336
1.0
2.550000000000000000e+02 
221
33.3223983162
37.2109080732
26.4783716107
1.0
2.560000000000000000e+02 
222
33.1470582608
37.1996504635
26.3607441007
1.0
2.570000000000000000e+02 
223
32.9755225745
37.1816583225
26.2867878751
1.0
2.580000000000000000e+02 
224
32.8086930256
37.1586288182
26.1763023787
1.0
2.590000000000000000e+02 
225
32.6421263503
37.1340000736
26.071243541
1.0
2.600000000000000000e+02 
226
32.4716830915
37.1127620143
25.9668074262
1.0
2.610000000000000000e+02 
227
32.1979630315
37.0677488636
25.7196249451
1.0
2.620000000000000000e+02 
228
32.0280284845
37.032676943
25.9273377554
1.0
2.630000000000000000e+02 
229
31.9430974061
37.0170876544
26.6257193248
1.0
2.640000000000000000e+02 
230
31.861757651
37.0141306378
27.179824074
1.0
2.650000000000000000e+02 
231
31.7801645183
37.0207760321
27.9076072967
1.0
2.660000000000000000e+02 
232
31.7003574573
37.0343791353
28.504380801
1.0
2.670000000000000000e+02 
233
31.6176986841
37.0590682768
29.0960557356
1.0
2.680000000000000000e+02 
234
31.5368987873
37.0933861186
29.8057929318
1.0
2.690000000000000000e+02 
235
31.4584489939
37.1354429744
30.5284943054
1.0
2.700000000000000000e+02 
236
31.3837863913
37.1849333091
31.0948289299
1.0
2.710000000000000000e+02 
237
31.3198502944
37.2470898789
31.8644762908
1.0
2.720000000000000000e+02 
238
31.2646314395
37.3106466552
32.8920495793
1.0
2.730000000000000000e+02 
239
31.1670469322
37.5143565581
33.5711755642
1.0
2.740000000000000000e+02 
240
31.132132023
37.5976831606
33.7797215587
1.0
2.750000000000000000e+02 
241
31.103790824
37.6816025155
34.4078937921
1.0
2.760000000000000000e+02 
242
31.0734306125
37.852477986
35.2308926667
1.0
2.770000000000000000e+02 
243
31.058912066
38.0332792416
35.5739592897
1.0
2.780000000000000000e+02 
244
31.0523169495
38.1205225033
0.0702083372021
1.0
2.790000000000000000e+02 
245
31.0658861507
38.2854076658
0.692369111528
1.0
2.800000000000000000e+02 
246
31.0896883496
38.4559568424
0.817203077959
1.0
2.810000000000000000e+02 
247
31.115817224
38.635299472
0.884090484558
1.0
2.820000000000000000e+02 
248
31.1417384607
38.8187315522
0.956141921259
1.0
2.830000000000000000e+02 
249
31.1522359627
38.9072796523
1.00289661422
1.0
2.840000000000000000e+02 
250
31.1727359805
39.0750041658
1.04511004375
1.0
2.850000000000000000e+02 
251
31.1995649936
39.2373355338
1.05201331222
1.0
2.860000000000000000e+02 
252
31.2308662266
39.4048629194
1.07726775949
1.0
2.870000000000000000e+02 
253
31.2490606784
39.4921006084
1.12019899638
1.0
2.880000000000000000e+02 
254
31.2841039924
39.6675437892
1.10159002455
1.0
2.890000000000000000e+02 
255
31.3290147515
39.9591849821
1.13184374209
1.0
2.900000000000000000e+02 
256
31.3444621702
40.0459707976
1.72922592214
1.0
2.910000000000000000e+02 
257
31.3737879203
40.1261091889
2.03148825563
1.0
2.920000000000000000e+02 
258
31.4027180495
40.2085060682
2.13643820896
1.0
2.930000000000000000e+02 
259
31.4345040002
40.2886842707
2.22123710854
1.0
2.940000000000000000e+02 
260
31.4683755316
40.3701602388
2.29850620918
1.0
2.950000000000000000e+02 
261
31.5026372653
40.4528044981
2.34694949285
1.0
2.960000000000000000e+02 
262
31.5355988998
40.5338664097
2.39995106714
1.0
2.970000000000000000e+02 
263
31.6018692275
40.6904071797
2.48139226531
1.0
2.980000000000000000e+02 
264
31.6365187816
40.7688838235
2.51296589796
1.0
2.990000000000000000e+02 
265
31.7105230407
40.9298913054
2.55331507738
1.0
3.000000000000000000e+02 
266
31.7798031482
41.083010932
2.58681090737
1.0
3.010000000000000000e+02 
267
31.8534478002
41.2359036601
2.64071947315
1.0
3.020000000000000000e+02 
268
31.8908028464
41.3137285019
3.04973578322
1.0
3.030000000000000000e+02 
269
31.9317920216
41.3821046466
3.72143839798
1.0
3.040000000000000000e+02 
270
31.981874901
41.4484636004
4.11720468221
1.0
3.050000000000000000e+02 
271
32.0368480924
41.5147270365
4.59432795036
1.0
3.060000000000000000e+02 
272
32.0983273217
41.5761750886
5.12769635904
1.0
3.070000000000000000e+02 
273
32.1684646568
41.6331615734
5.84703529489
1.0
3.080000000000000000e+02 
274
32.2424548562
41.6757920977
6.59684573044
1.0
3.090000000000000000e+02 
275
32.3185115308
41.7066881306
7.22850850601
1.0
3.100000000000000000e+02 
276
32.402269043
41.7270074971
8.12081111082
1.0
3.110000000000000000e+02 
277
32.4884518915
41.7329664717
8.73816671563
1.0
3.120000000000000000e+02 
278
32.577732003
41.7290560785
8.91793946526
1.0
3.130000000000000000e+02 
279
32.6656787326
41.725578581
9.02896162592
1.0
3.140000000000000000e+02 
280
32.7530824663
41.7246996148
9.12887423581
1.0
3.150000000000000000e+02 
281
32.8412606347
41.723329486
9.73564009408
1.0
3.160000000000000000e+02 
282
33.0085979024
41.6865843213
10.536486833
1.0
3.170000000000000000e+02 
283
33.2324374093
41.617726966
10.8403964605
1.0
3.180000000000000000e+02 
284
33.5609158201
41.506024142
11.0595681512
1.0
3.190000000000000000e+02 
285
33.805100497
41.4142622851
11.1610297047
1.0
3.200000000000000000e+02 
286
33.8863670282
41.3823181112
11.5677183451
1.0
3.210000000000000000e+02 
287
34.0390860106
41.3029733485
12.1605255532
1.0
3.220000000000000000e+02 
288
34.1621174666
41.2277017023
11.5597906523
1.0
3.230000000000000000e+02 
289
34.3177205497
41.1698045962
11.0043055044
1.0
3.240000000000000000e+02 
290
34.6499360177
41.0668863875
10.9551260232
1.0
3.250000000000000000e+02 
291
34.9143612505
40.983831473
10.9459692599
1.0
3.260000000000000000e+02 
292
35.1486617984
40.9063446
10.9423492286
1.0
3.270000000000000000e+02 
293
35.302207177
40.8544593839
10.9524758292
1.0
3.280000000000000000e+02 
294
35.5470668229
40.7585360703
11.4094440231
1.0
3.290000000000000000e+02 
295
35.8600188167
40.6145143906
11.6281384947
1.0
3.300000000000000000e+02 
296
36.1853938629
41.6043831248
11.2125533498
1.0
3.320000000000000000e+02 
297
38.2714983917
40.9456853235
10.017596733
1.0
3.370000000000000000e+02 
298
37.9717694066
40.5334440724
19.8359762448
1.0
3.440000000000000000e+02 
299
36.9027728196
39.8818761557
22.2922265328
1.0
3.470000000000000000e+02 
300
36.8783151768
39.6998635797
22.567568424
1.0
3.520000000000000000e+02 
-
189
189
