40.0
39.900865789
19.8676171605
0
39.9419665289
39.7491169475
19.892877291
1
39.9163117607
39.6707889359
19.9108902028
2
39.8624925122
39.5067926252
19.905788171
3
39.8347243204
39.4200271779
19.9086408578
4
39.7808782894
39.245626695
19.8930808755
5
39.7555397328
39.1596064032
19.8939289793
6
39.708895306
38.9953663313
19.8760585909
7
39.6853401152
38.9147978678
19.8653695857
8
39.6599525217
38.8335015033
19.8476587547
9
39.6336991504
38.7520964651
19.8303122504
10
39.6067513378
38.6701595738
19.8136573173
11
39.5796215215
38.5885634946
19.7815140112
12
39.5522780754
38.5056568574
19.7602288221
13
39.525481116
38.4211893956
20.1430576763
14
39.4938765824
38.3395649749
20.7148373359
15
39.4579458196
38.2691282636
20.9777685066
16
39.4147006727
38.194853286
21.5505772339
17
39.364727367
38.1186260642
22.2403393343
18
39.3073524435
38.0615917172
23.0341249549
19
39.2398174687
38.0122505386
23.7851344113
20
39.1649355569
37.9681025174
24.4272781961
21
39.0881308923
37.9352383906
24.9309059949
22
39.0094999244
37.9074896395
24.4662120914
23
38.9344876512
37.8731398533
24.8275205111
24
38.7809965589
37.8127396153
25.0993564117
25
38.6183354092
37.7567645385
25.224337141
26
38.4526614402
37.6994493424
25.9730857562
27
38.3633467834
37.6871161111
26.4489055177
28
38.2747797093
37.6795296392
26.8341140178
29
38.1890533633
37.6779886206
27.2439201834
30
38.0179520315
37.6837693726
27.527496902
31
37.8514490719
37.6963698878
27.773185308
32
37.7673414376
37.7077678644
28.3100078585
33
37.6825461675
37.7227169614
28.5494253698
34
37.6021496974
37.742511204
28.7897333073
35
37.453555278
37.779902671
29.0281426163
36
37.2835752632
37.8302240618
28.6342168321
37
37.0313823642
37.8937745152
28.5317822067
38
36.7869476828
37.9536663301
28.4549390975
39
36.5309186369
38.0149594749
28.4188309812
40
36.275487297
38.0724992855
28.3901933866
41
36.1042175231
38.1120439697
28.3982757192
42
35.934723682
38.1549708953
28.7568774095
43
35.8544822413
38.1773906493
29.506422157
44
35.7217127305
38.2481735512
30.4222308588
45
35.6536758174
38.2980254592
31.0847108273
46
35.5850391287
38.3576902729
31.6389274846
47
35.4736376609
38.4919602679
32.4763051021
48
35.2417369306
38.8368916081
33.3189368468
49
35.2040892971
38.915453262
33.9875335166
50
35.1769109419
38.993506948
34.7093091321
51
35.1505698757
39.1499371737
35.8510659056
52
35.1556166501
39.3157630229
0.168974907042
53
35.1698091655
39.4892605148
0.351729353335
54
35.1917856811
39.7480749494
0.475000777599
55
35.2079235813
39.9214635906
0.538326425289
56
35.2270486296
40.0923061902
0.624565012863
57
35.2468197878
40.2622360375
0.691087569937
58
35.2787140421
40.5139518871
0.762585706833
59
35.3034317071
40.6915987368
0.847906973469
60
35.3266503249
40.867968113
0.907401758058
61
35.3469105609
41.0380693906
0.964923553468
62
35.3731376652
41.2104252762
1.06450434823
63
35.4064196888
41.3813891363
1.1221900711
64
35.4428282333
41.5540296662
1.19428563078
65
35.4801001339
41.7260605114
1.27192768716
66
35.5186978298
41.8975980819
1.34281370262
67
35.5381780979
41.982358769
1.39665327481
68
35.6529989447
42.4648286024
1.38477699053
69
35.696906498
42.6362775329
2.34394034985
70
35.7664182874
42.7959549717
3.31581758772
71
35.8129338876
42.8686418955
4.52203304261
72
35.8724671998
42.9276259669
5.06285909531
73
35.9404777378
42.9776807685
5.68109695419
74
36.0090549753
43.0222332208
6.37976762015
75
36.0859097274
43.053987904
7.27440663117
76
36.1665415429
43.0739029603
7.70703046279
77
36.2457993188
43.0947938627
8.54423922516
78
36.3316879353
43.0999741136
9.13201152797
79
36.4172450426
43.0985996489
9.73575329774
80
36.5045477919
43.0887255864
10.3463991502
81
36.6794723993
43.045320134
10.7455824886
82
36.8495313927
42.9978070363
11.2744077128
83
37.0038538177
42.9284040915
11.5486762537
84
37.2838177158
42.7892090455
11.7988944977
85
37.6859808541
42.5734918703
12.0004064865
86
37.9611150049
42.4061767223
12.1185625668
87
38.1085882108
42.3052965448
12.2933977834
88
38.235166908
42.2224079001
12.4176473379
89
38.3926504157
42.1168157134
13.2992234544
90
38.4549298407
42.0595163121
13.7059163274
91
38.5119297951
41.9993746258
14.0116212672
92
38.5695718337
41.9351489975
14.6196901333
93
38.5811923634
41.9200541498
15.2395998574
94
38.6146476966
41.8534470557
16.0133143856
95
38.634263521
41.7857761105
16.6187431959
96
38.6496342972
41.707673651
17.2737731962
97
38.6566025523
41.6221586013
18.098296972
98
38.6489505328
41.5332037944
18.7224076204
99
38.6330695807
41.44695838
19.3250281288
100
38.6117993602
41.3629893396
19.9481583726
101
38.5814974564
41.2810852622
20.5311749286
102
38.5454219895
41.2016183939
21.1125380832
103
38.4995911873
41.1325645886
21.9418779224
104
38.3917879773
41.0131602538
22.2396581256
105
38.2757494279
40.8898286026
22.8141553537
106
38.2105811178
40.8338731521
23.3780851496
107
38.0761794566
40.7396872079
23.6849415818
108
37.9370229638
40.650037698
23.4114679962
109
37.8013270552
40.5471287672
23.3542419543
110
37.731368181
40.4945989755
23.1853627726
111
37.6009616569
40.3932066477
22.7678728734
112
37.5352076625
40.3376385607
22.3658047469
113
37.420865872
40.2158710406
22.2266486756
114
37.3008809478
40.0910821062
22.1555226039
115
37.2399012727
40.027773971
22.1295352874
116
38.3429868322
39.9401382661
20.8028744702
0
38.6416048228
39.4172765905
19.9124027455
1
38.8534135285
39.0903170748
19.3340501983
2
38.9793823167
38.8626728286
19.0052935036
3
38.982418232
38.8336067745
18.958573332
4
38.9715301858
38.8087206446
18.9698802678
5
38.9693787395
38.8107264956
18.9609360833
6
38.956101024
38.7353227971
18.9405376561
117
38.9620068258
38.7726139432
18.954548843
7
38.963855577
38.3232434815
18.9368384197
8
38.9508010414
38.2028075517
18.9094591521
118
38.9395268056
38.102717398
18.8774947894
119
38.928729564
38.0158930344
18.8552168147
120
38.9065384767
37.8518962772
18.7729192806
121
38.8838618664
37.6860778109
18.6756345181
122
38.8722439899
37.5989184776
18.6193771703
123
38.8630434301
37.5109100712
18.5392325056
124
38.8450255255
37.332981629
19.4897186673
125
38.8191039852
37.2458442237
20.1216869759
126
38.7878178282
37.1609700221
20.6051419928
127
38.7498336191
37.0839718475
21.4442343466
128
38.7000506094
37.0174497817
22.0548208392
129
38.6473275776
36.9574923582
22.7444518019
130
38.5820131519
36.902161933
23.4662298623
131
38.5099380285
36.8574782302
24.310658826
132
38.4315940428
36.8206575908
24.9068109107
133
38.3474572961
36.7858152332
23.2151167222
134
38.280608562
36.7315851818
23.8989915696
135
38.209933408
36.6878591325
24.4463605791
136
38.1318732903
36.6551122285
25.203828116
137
38.0539959036
36.6298575456
25.8521956777
138
37.9712009044
36.6151762962
26.4825826414
139
37.886425992
36.6068281935
27.046554642
140
37.7993069955
36.6064740668
27.3699221642
141
37.6309202878
36.6181649991
27.621491508
142
37.3710378316
36.6441026064
27.8324262341
143
37.0410813322
36.8450776046
27.9787126303
36
36.5657243479
37.0032446271
27.7979183918
144
36.3215176368
37.0297599884
27.6079182716
145
35.9767967759
37.0639671074
27.4863560775
146
35.8172200331
37.5624329335
27.7232724548
43
35.3454674024
37.8216140412
28.5950591382
44
35.226075016
37.8641178929
29.0637152106
147
35.0224673299
37.9673256305
29.6639676099
45
34.9228407929
38.0305650659
30.2846178076
46
34.87173797
38.1391808
31.7528343546
48
34.8234374374
38.1971411562
32.24239781
49
34.8943155938
38.1699586212
33.962837879
51
34.871741809
38.2609089114
34.0287566645
148
34.7513085657
38.6023675671
34.5550623577
149
34.7321473078
38.6903743412
35.2144964769
150
35.0004456626
40.1489788776
0.114778152758
151
35.0035910515
40.3113159926
0.167815818465
152
35.0095065601
40.485368046
0.190666288112
153
35.0160633124
40.6680500365
0.250818165879
154
35.0234954969
40.8499829376
0.300480621303
155
35.036655357
41.2090794392
0.521566976066
156
35.0436819747
41.296202528
0.175907899153
157
35.0495771729
41.4532740588
0.1328946576
158
35.0549852134
41.6278323559
0.109539037591
159
35.0577447939
41.8117641477
0.102423995184
160
35.0571673518
42.0315883953
0.123335059249
161
35.0621590724
42.252618697
0.556918450648
162
34.9783912377
39.7076705965
34.034038748
48
35.0085528941
41.3535439863
1.35254939933
70
35.0385463285
41.918357548
2.57086516612
71
35.0637402656
42.0476346697
4.02279486263
72
35.1221031578
42.1435342079
4.39887078723
163
35.1309154899
42.1599003726
5.46156328625
74
35.1404324287
42.1350794459
5.98237940689
75
35.2103909627
42.1754253865
6.69502967382
164
36.2543624502
42.9557536717
11.2089880862
165
36.404905673
42.8858341273
11.5230174691
166
37.0463596081
42.1470113085
10.7874805942
85
37.2131122699
42.0774485124
10.6809314175
167
37.6070772585
41.9701628676
10.5863136972
168
37.9890116107
41.8651541939
10.5470552502
169
38.3249182636
41.7739001082
10.4890253523
170
38.6651598634
41.6865765693
10.5079538915
171
38.8339532257
41.6386990882
11.4106714353
172
38.1363700657
41.1114441656
14.7551657776
94
38.1025917781
40.9919101852
15.6684761107
95
38.1179535319
40.9354288169
16.1513601858
173
38.1330176837
40.8737639122
16.7215156024
174
38.1513735587
40.7895334194
17.3741562199
175
38.1603861218
40.7040299751
18.2563141248
176
38.155439124
40.6192301567
18.8316911043
177
38.0254452892
40.6776523805
20.1755277465
178
37.9355768063
40.6966157911
21.4028928502
179
37.8350287336
40.7701321186
22.2378236901
180
37.7792159654
40.7103627109
22.7433474896
181
37.6517619205
40.5979951282
22.914001824
182
37.6927877217
40.1050406147
22.969482109
183
37.6384359922
40.0432375731
22.7771367567
184
37.512047071
39.9307607569
22.7088549492
185
36.9426518805
39.8332957917
22.1195052861
186
36.8895920611
39.7755118498
21.8895802557
187
36.7862720501
39.646718444
21.7515667888
188
36.6805921749
39.5082668415
21.7060573271
189
38.9654149736
38.0641571297
18.9697653742
9
38.9677255663
37.9352433397
18.9703011186
10
38.9686526299
37.8708329367
18.9700662257
11
38.9681612399
37.840405618
18.961420917
12
38.967858099
37.8256009532
18.9571220862
13
38.9546250444
37.7486376444
19.6715578653
190
38.8453745957
37.1546809646
23.8149151723
24
38.2792971919
36.4287322527
24.2178590678
191
38.1900711844
36.3704588536
24.9118754403
192
38.1091001559
36.3375875867
25.3620252792
193
38.024247481
36.3110725091
26.0225099118
194
37.2335673532
36.1166159121
27.3082401868
195
36.9549588514
36.1343182226
27.6490495003
196
36.817405884
36.0793456045
26.929626417
143
36.8143424046
36.5065352715
26.7494654481
34
36.7344785912
36.5398777946
26.0018318794
197
36.6539502246
36.5346494989
25.4673284296
198
36.5728118699
36.5155074555
25.1742819605
199
36.4915227734
36.4911479821
25.1178678228
200
36.4090818253
36.4659661501
25.1067197764
201
36.3263171212
36.4401752997
25.0757310748
202
36.2431387754
36.4125125982
25.0578892516
203
36.1614049155
36.3831166091
25.0845566526
204
36.0798200521
36.3537210095
25.5835574582
205
35.9948562162
36.3379251152
25.974888567
206
35.913266953
36.3241971983
26.7248195507
207
35.8283308551
36.3253887683
27.0774550498
208
36.2684005142
36.6736711936
27.6308577851
38
35.6582049276
36.9946350584
27.4722553231
209
35.3645379253
37.0181228059
27.5241713466
210
35.0585356854
37.0476748881
27.6009460007
211
34.8033338873
37.0763974718
27.641685059
212
34.543862369
37.1045725638
27.692839301
213
34.280125137
37.1343256908
27.730236486
214
34.1014268658
37.1566518518
27.7576824538
215
33.9287808008
37.1766801327
27.7805374933
216
33.7610568478
37.1977654075
27.7934621205
217
33.6767491104
37.2106822645
27.422013475
218
33.5915226533
37.219612631
26.7519007079
219
33.4143673152
37.214959495
26.5478053229
220
33.2328967882
37.2064274792
26.4315354396
221
33.060688347
37.1908128144
26.3298254673
222
32.8909900683
37.1714077256
26.2132185231
223
32.7256175593
37.1457640682
26.1215940951
224
32.5581600688
37.1235261118
26.0146586886
225
32.3806122956
37.1002567872
25.9095023872
226
32.1117913692
37.0498078727
25.7389640056
227
31.9430974061
37.0170876544
26.6257193248
228
31.861757651
37.0141306378
27.179824074
229
31.7801645183
37.0207760321
27.9076072967
230
31.7003574573
37.0343791353
28.504380801
231
31.6176986841
37.0590682768
29.0960557356
232
31.5368987873
37.0933861186
29.8057929318
233
31.4584489939
37.1354429744
30.5284943054
234
31.3837863913
37.1849333091
31.0948289299
235
31.3198502944
37.2470898789
31.8644762908
236
31.2646314395
37.3106466552
32.8920495793
237
31.2244944076
37.3829625843
33.3939204191
238
31.132132023
37.5976831606
33.7797215587
239
31.103790824
37.6816025155
34.4078937921
240
31.0841139057
37.7671547966
34.9923815937
241
31.0700164147
37.8982398122
35.3674368222
242
31.0523169495
38.1205225033
0.0702083372021
243
31.0552371315
38.20233828
0.563996422589
244
31.0768217932
38.3703934088
0.789861775394
245
31.1022050871
38.5440873628
0.851623355945
246
31.1296790454
38.7274925509
0.924218918772
247
31.1522359627
38.9072796523
1.00289661422
248
31.1627011213
38.9925182883
1.01463344014
249
31.1850025564
39.1561094696
1.05868971619
250
31.214762475
39.3198126403
1.06558746304
251
31.2490606784
39.4921006084
1.12019899638
252
31.267844755
39.5801801605
1.11083290791
253
31.2993123676
39.7563790433
1.10879247119
254
31.3444621702
40.0459707976
1.72922592214
255
31.3737879203
40.1261091889
2.03148825563
256
31.4027180495
40.2085060682
2.13643820896
257
31.4345040002
40.2886842707
2.22123710854
258
31.4683755316
40.3701602388
2.29850620918
259
31.5026372653
40.4528044981
2.34694949285
260
31.5355988998
40.5338664097
2.39995106714
261
31.5678457697
40.6125053401
2.46939846845
262
31.6365187816
40.7688838235
2.51296589796
263
31.6730914838
40.8493137438
2.54408541748
264
31.7450150622
41.0071076411
2.55782611363
265
31.8163039544
41.1589298072
2.61402368338
266
31.8908028464
41.3137285019
3.04973578322
267
31.9317920216
41.3821046466
3.72143839798
268
31.981874901
41.4484636004
4.11720468221
269
32.0368480924
41.5147270365
4.59432795036
270
32.0983273217
41.5761750886
5.12769635904
271
32.1684646568
41.6331615734
5.84703529489
272
32.2424548562
41.6757920977
6.59684573044
273
32.3185115308
41.7066881306
7.22850850601
274
32.402269043
41.7270074971
8.12081111082
275
32.4884518915
41.7329664717
8.73816671563
276
32.577732003
41.7290560785
8.91793946526
277
32.6656787326
41.725578581
9.02896162592
278
32.7530824663
41.7246996148
9.12887423581
279
32.8412606347
41.723329486
9.73564009408
280
32.926087785
41.7100162746
10.385947209
281
33.0886595603
41.6620283174
10.644412455
282
33.3127210012
41.5920016851
10.8854312907
283
33.6422199397
41.4760782184
11.0869703875
284
33.8863670282
41.3823181112
11.5677183451
285
33.9693396978
41.3458382884
11.8960570323
286
34.0894422721
41.2739955571
12.2212194162
287
34.2375814017
41.1948506648
11.1356754709
288
34.3979585322
41.1456974701
10.9845229763
289
34.7389672314
41.0389916924
10.9474486003
290
34.9943149473
40.9571141335
10.9452813401
291
35.2246292967
40.8805200072
10.9489830108
292
35.3818992392
40.8279166367
11.2210644995
293
35.6207490651
40.7265153082
11.4713457452
294
35.938709318
40.5772975386
11.6675841794
295
36.1678485372
41.1645396028
11.4062781445
166
36.2465528299
41.6007518471
11.2235762872
296
37.1735497271
41.2145404762
9.97646498282
168
37.2861438408
41.0524920853
9.95664262293
169
37.8077931314
40.9750020094
9.96719765482
170
38.1793142711
40.9551157713
9.96738275557
171
38.3464198498
40.9335360307
10.636826036
297
38.2604596961
40.946264434
10.8497420367
172
38.0803624084
40.9130619414
16.3798109719
96
38.0477058944
40.584852728
17.6608180748
98
38.0252859264
40.7046455182
18.6080569423
99
38.0062215426
40.7574793761
18.9282743494
100
37.9717694066
40.5334440724
19.8359762448
102
37.9450360349
40.4766565715
20.5317161946
298
37.0192719859
39.9874814711
22.5456034401
181
36.943084839
39.9202171249
22.3395210514
182
36.8474578441
39.8207588945
22.339224433
299
37.3353075894
39.8449539347
22.7002116218
109
37.0200441963
39.8434907728
22.0044809472
184
36.9466927199
39.3735811217
21.9547613925
185
36.905761148
39.5814422494
22.267032061
112
36.8157049877
39.6675178054
22.3886788382
300
36.129134693
39.0643145151
21.60242677
187
36.0092214625
38.9470976011
21.2297068684
188
35.928672074
38.8601706836
21.0013536538
189
-
355
0
