0.0
-17.548149006436205
6.181005688490874
-0.3937415597849385
0.0
0.000000000000000000e+00 

0.0
-1.0
-1.0
1.0
-18.33153137658914
7.536482792617672
2.1457416325228746
1.0
1.000000000000000000e+00 
0.000000000000000000e+00 
0.0
-1.0
-1.0
2.0
-19.252975382114798
9.022149279080665
2.1209541346346477
2.0
2.000000000000000000e+00 
1.000000000000000000e+00 
0.0
-1.0
-1.0
3.0
-20.20659179749445
10.554192884360738
2.125073676876798
3.0
3.000000000000000000e+00 
2.000000000000000000e+00 
0.0
-1.0
-1.0
4.0
-21.342570188088615
12.372049984844502
2.119490014060262
4.0
4.000000000000000000e+00 
3.000000000000000000e+00 
0.0
-1.0
-1.0
5.0
-21.786403404696618
13.45526956547716
1.956536015686627
5.0
5.000000000000000000e+00 
4.000000000000000000e+00 
0.0
-1.0
-1.0
6.0
-21.981272390692958
14.52449235325684
1.7458649551256218
6.0
6.000000000000000000e+00 2.690000000000000000e+02 
5.000000000000000000e+00 
0.0
-1.0
-1.0
7.0
-21.7748517758817
15.635572984187693
1.5709772417472587
7.0
7.000000000000000000e+00 
6.000000000000000000e+00 
0.0
-1.0
-1.0
8.0
-21.699695277010964
17.742854245557123
1.5780542114314353
8.0
8.000000000000000000e+00 
7.000000000000000000e+00 2.680000000000000000e+02 
0.0
-1.0
-1.0
9.0
-21.686419158439517
19.861705129895707
1.5776970710294296
9.0
9.000000000000000000e+00 1.050000000000000000e+02 
8.000000000000000000e+00 1.040000000000000000e+02 
0.0
-1.0
-1.0
10.0
-21.20806417591493
21.434263325468894
1.363160063999635
10.0
1.000000000000000000e+01 1.060000000000000000e+02 
9.000000000000000000e+00 6.700000000000000000e+01 
0.0
-1.0
-1.0
11.0
-20.53834491818925
23.003841379824557
1.2443052734604645
11.0
1.100000000000000000e+01 
1.000000000000000000e+01 4.860000000000000000e+02 
0.0
-1.0
-1.0
12.0
-20.096159920458753
23.966758963658258
1.1987225555394256
12.0
1.200000000000000000e+01 6.800000000000000000e+01 1.380000000000000000e+02 
1.100000000000000000e+01 1.370000000000000000e+02 
0.0
-1.0
-1.0
13.0
-19.832672578294705
24.479965337279896
1.1751399007178662
13.0
1.300000000000000000e+01 4.870000000000000000e+02 
1.200000000000000000e+01 
0.0
-1.0
-1.0
14.0
-19.476353069757508
25.25910949895074
1.1245165727385698
14.0
1.400000000000000000e+01 
1.300000000000000000e+01 
0.0
-1.0
-1.0
15.0
-18.36601797411688
26.915669203060787
1.0108821636957415
15.0
1.500000000000000000e+01 
1.400000000000000000e+01 
0.0
-1.0
-1.0
16.0
-17.935207200495217
27.544130213853737
1.0282873382521203
16.0
1.600000000000000000e+01 
1.500000000000000000e+01 
0.0
-1.0
-1.0
17.0
-17.483888836346193
28.227899421664524
1.0386037289220809
17.0
1.700000000000000000e+01 
1.600000000000000000e+01 
0.0
-1.0
-1.0
18.0
-16.935601296245345
29.01833396800069
1.0132216331048085
18.0
1.800000000000000000e+01 2.570000000000000000e+02 
1.700000000000000000e+01 7.200000000000000000e+01 2.560000000000000000e+02 
0.0
-1.0
-1.0
19.0
-16.17181181196139
30.427962408141045
0.9687658185450497
19.0
1.900000000000000000e+01 1.140000000000000000e+02 4.930000000000000000e+02 
1.800000000000000000e+01 1.130000000000000000e+02 4.920000000000000000e+02 
0.0
-1.0
-1.0
20.0
-14.784300611472283
32.070985395749474
0.9643028863584182
20.0
2.000000000000000000e+01 
1.900000000000000000e+01 1.150000000000000000e+02 4.940000000000000000e+02 
0.0
-1.0
-1.0
21.0
-13.835923439093943
32.865477731122496
0.8952160772555452
21.0
2.100000000000000000e+01 1.160000000000000000e+02 2.530000000000000000e+02 4.950000000000000000e+02 
2.000000000000000000e+01 2.520000000000000000e+02 
0.0
-1.0
-1.0
22.0
-12.310859743543169
34.58135428659182
0.9264254150409963
22.0
2.200000000000000000e+01 7.300000000000000000e+01 2.510000000000000000e+02 
2.100000000000000000e+01 1.170000000000000000e+02 2.500000000000000000e+02 
0.0
-1.0
-1.0
23.0
-10.311603846758636
36.73758421126975
0.7380316303829153
23.0
2.300000000000000000e+01 1.180000000000000000e+02 
2.200000000000000000e+01 7.400000000000000000e+01 
0.0
-1.0
-1.0
24.0
-8.840511047368576
37.91490168169274
0.677214295092394
24.0
2.400000000000000000e+01 7.500000000000000000e+01 2.480000000000000000e+02 
2.300000000000000000e+01 1.450000000000000000e+02 
0.0
-1.0
-1.0
25.0
-6.916521875191792
38.813691526243645
0.6681699157467826
25.0
2.500000000000000000e+01 
2.400000000000000000e+01 
0.0
-1.0
-1.0
26.0
-4.9417697710745445
39.86556028259823
0.5447704670647298
26.0
2.600000000000000000e+01 1.200000000000000000e+02 2.450000000000000000e+02 
2.500000000000000000e+01 7.700000000000000000e+01 2.440000000000000000e+02 
0.0
-1.0
-1.0
27.0
-4.3609977998350695
40.596928374761546
0.40146737014189815
27.0
2.700000000000000000e+01 7.800000000000000000e+01 
2.600000000000000000e+01 
0.0
-1.0
-1.0
28.0
-1.6705445086081716
41.199630525969944
0.15222657478547919
28.0
2.800000000000000000e+01 2.420000000000000000e+02 
2.700000000000000000e+01 2.410000000000000000e+02 
0.0
-1.0
-1.0
29.0
-0.5385166980419496
41.14252987147618
0.0581414789016646
29.0
2.900000000000000000e+01 5.020000000000000000e+02 
2.800000000000000000e+01 7.900000000000000000e+01 1.230000000000000000e+02 
0.0
-1.0
-1.0
30.0
1.0948218186667986
41.1297892478467
0.035635919137772254
30.0
3.000000000000000000e+01 1.460000000000000000e+02 
2.900000000000000000e+01 
0.0
-1.0
-1.0
31.0
2.318125029928989
40.714268692079656
-0.0988205807560725
31.0
3.100000000000000000e+01 
3.000000000000000000e+01 
0.0
-1.0
-1.0
32.0
4.4569882033564285
40.07233473399892
-0.22593617113988063
32.0
3.200000000000000000e+01 8.000000000000000000e+01 
3.100000000000000000e+01 
0.0
-1.0
-1.0
33.0
7.185065585592833
38.77855093461567
-0.4683904856088785
33.0
3.300000000000000000e+01 8.200000000000000000e+01 
3.200000000000000000e+01 8.100000000000000000e+01 
0.0
-1.0
-1.0
34.0
9.530817386685179
37.14045484993434
-0.685950023320472
34.0
3.400000000000000000e+01 
3.300000000000000000e+01 8.300000000000000000e+01 
0.0
-1.0
-1.0
35.0
9.724127220778493
37.10506265185853
-0.7006464605991097
35.0
3.500000000000000000e+01 
3.400000000000000000e+01 
0.0
-1.0
-1.0
36.0
10.407968906794867
36.3429096595365
-0.8258270364326634
36.0
3.600000000000000000e+01 
3.500000000000000000e+01 1.250000000000000000e+02 
0.0
-1.0
-1.0
37.0
12.801869546009137
32.16171297803221
-1.0134379026911045
37.0
3.700000000000000000e+01 
3.600000000000000000e+01 
0.0
-1.0
-1.0
38.0
14.305261785335148
29.108305476440897
-1.1099776088455635
38.0
3.800000000000000000e+01 
3.700000000000000000e+01 
0.0
-1.0
-1.0
39.0
14.667794064244884
26.73555645298179
-1.4985934763655364
39.0
3.900000000000000000e+01 
3.800000000000000000e+01 
0.0
-1.0
-1.0
40.0
14.452940575335298
22.197693073593385
-1.744459050387099
40.0
4.000000000000000000e+01 8.400000000000000000e+01 
3.900000000000000000e+01 
0.0
-1.0
-1.0
41.0
13.485956869147362
19.514874113049952
-1.931506531819571
40.0
4.100000000000000000e+01 
4.000000000000000000e+01 
0.0
-1.0
-1.0
42.0
13.191995466101769
18.344824050805574
-1.918042531751763
41.0
4.200000000000000000e+01 
4.100000000000000000e+01 8.400000000000000000e+01 
0.0
-1.0
-1.0
43.0
11.509233172002432
15.198281100057516
-2.183097938104706
42.0
4.300000000000000000e+01 8.500000000000000000e+01 
4.200000000000000000e+01 
0.0
-1.0
-1.0
44.0
9.65784845293438
12.885315171099563
-2.2688921788030663
42.0
4.400000000000000000e+01 
4.300000000000000000e+01 
0.0
-1.0
-1.0
45.0
7.3701605827667755
10.507348401046222
-2.4473830847975817
43.0
4.500000000000000000e+01 
4.400000000000000000e+01 8.500000000000000000e+01 
0.0
-1.0
-1.0
46.0
3.826338864269143
7.643075501366713
-2.507570163365741
43.0
4.600000000000000000e+01 8.600000000000000000e+01 
4.500000000000000000e+01 
0.0
-1.0
-1.0
47.0
2.037597285310787
6.863244550406194
-2.6088271407895918
44.0
4.700000000000000000e+01 
4.600000000000000000e+01 
0.0
-1.0
-1.0
48.0
0.3130213701187731
5.583148089684149
-2.6124970739237128
45.0
4.800000000000000000e+01 8.700000000000000000e+01 1.260000000000000000e+02 
4.700000000000000000e+01 8.600000000000000000e+01 
0.0
-1.0
-1.0
49.0
0.056984179338772534
5.50295203380384
-2.698006943260043
46.0
4.900000000000000000e+01 8.800000000000000000e+01 
4.800000000000000000e+01 
0.0
-1.0
-1.0
50.0
-1.4846436788510873
4.784534398533655
-2.8134878325298187
47.0
5.000000000000000000e+01 1.270000000000000000e+02 2.940000000000000000e+02 
4.900000000000000000e+01 8.700000000000000000e+01 8.900000000000000000e+01 2.930000000000000000e+02 
0.0
-1.0
-1.0
51.0
-3.7235236645439875
4.474178577089843
-2.9188623052886844
48.0
5.100000000000000000e+01 9.000000000000000000e+01 
5.000000000000000000e+01 1.280000000000000000e+02 
0.0
-1.0
-1.0
52.0
-8.287064968498761
4.318203141271026
-3.139976651412457
49.0
5.200000000000000000e+01 9.200000000000000000e+01 4.680000000000000000e+02 
5.100000000000000000e+01 9.100000000000000000e+01 4.670000000000000000e+02 
0.0
-1.0
-1.0
53.0
-12.486884716077967
3.496402501871143
3.140383791661428
50.0
5.300000000000000000e+01 4.700000000000000000e+02 
5.200000000000000000e+01 9.300000000000000000e+01 4.690000000000000000e+02 
0.0
-1.0
-1.0
54.0
-13.54701395208751
3.8988594018189326
2.90305287246182
51.0
5.400000000000000000e+01 
5.300000000000000000e+01 
0.0
-1.0
-1.0
55.0
-15.333620162978757
4.544682112549205
2.640296472320153
52.0
5.500000000000000000e+01 
5.400000000000000000e+01 
0.0
-1.0
-1.0
56.0
-17.986107830947866
6.149941740109119
2.53591907776603
53.0
5.600000000000000000e+01 9.400000000000000000e+01 1.290000000000000000e+02 
5.500000000000000000e+01 
0.0
-1.0
-1.0
57.0
-18.989305070478615
7.038135548193979
2.3709360605916547
54.0
5.700000000000000000e+01 1.310000000000000000e+02 
5.600000000000000000e+01 1.300000000000000000e+02 
0.0
-1.0
-1.0
58.0
-19.73824190645363
8.044321361209127
2.1931136704623064
55.0
5.800000000000000000e+01 9.600000000000000000e+01 
5.700000000000000000e+01 9.500000000000000000e+01 
0.0
-1.0
-1.0
59.0
-20.264052011932712
8.812240278632183
2.092068616030673
1.0
5.900000000000000000e+01 
5.800000000000000000e+01 
0.0
-1.0
-1.0
60.0
-20.74874851733611
9.794198470022334
1.991483036139558
2.0
6.000000000000000000e+01 
5.900000000000000000e+01 
0.0
-1.0
-1.0
61.0
-21.0996096852325
10.753708153353271
1.8799713732194352
3.0
6.100000000000000000e+01 9.900000000000000000e+01 1.320000000000000000e+02 
6.000000000000000000e+01 9.800000000000000000e+01 
0.0
-1.0
-1.0
62.0
-21.218836244922734
11.89699424794193
1.6936970542823495
56.0
6.200000000000000000e+01 
6.100000000000000000e+01 
0.0
-1.0
-1.0
63.0
-21.42864087426198
14.169672192466212
1.6333190447960662
57.0
6.300000000000000000e+01 1.340000000000000000e+02 4.800000000000000000e+02 
6.200000000000000000e+01 1.010000000000000000e+02 4.790000000000000000e+02 
0.0
-1.0
-1.0
64.0
-21.504565123207534
15.53771804032076
1.6487522266540253
6.0
6.400000000000000000e+01 
6.300000000000000000e+01 
0.0
-1.0
-1.0
65.0
-21.607276528378875
16.627421770828576
1.6885941182682787
58.0
6.500000000000000000e+01 1.020000000000000000e+02 4.820000000000000000e+02 
6.400000000000000000e+01 1.340000000000000000e+02 4.810000000000000000e+02 
0.0
-1.0
-1.0
66.0
-21.71717497099482
18.775955238361195
1.6280603041382096
8.0
6.600000000000000000e+01 1.040000000000000000e+02 
6.500000000000000000e+01 1.030000000000000000e+02 
0.0
-1.0
-1.0
67.0
-21.68532835049298
20.42479045765267
1.5764382320543544
9.0
6.700000000000000000e+01 1.350000000000000000e+02 4.840000000000000000e+02 
6.600000000000000000e+01 1.050000000000000000e+02 4.830000000000000000e+02 
0.0
-1.0
-1.0
68.0
-19.550516325100148
24.987120973621472
1.0797724162300761
59.0
6.900000000000000000e+01 
6.800000000000000000e+01 
0.0
-1.0
-1.0
69.0
-18.873926045874597
26.097116163253844
1.0163354241920903
60.0
7.000000000000000000e+01 
6.900000000000000000e+01 
0.0
-1.0
-1.0
70.0
-18.21184740950094
27.174355747060574
1.0107505969976645
61.0
7.100000000000000000e+01 
7.000000000000000000e+01 
0.0
-1.0
-1.0
71.0
-17.563743337229713
28.2259918853862
1.0079881324316438
62.0
7.200000000000000000e+01 
7.100000000000000000e+01 
0.0
-1.0
-1.0
72.0
-11.173848787022166
36.08705239209546
0.8835729441934663
63.0
7.400000000000000000e+01 1.440000000000000000e+02 4.970000000000000000e+02 
7.300000000000000000e+01 4.960000000000000000e+02 
0.0
-1.0
-1.0
73.0
-8.430925161134594
38.10722615938416
0.5370836308652427
64.0
7.600000000000000000e+01 
7.500000000000000000e+01 1.190000000000000000e+02 2.470000000000000000e+02 
0.0
-1.0
-1.0
74.0
-7.329942079393699
38.76417601316267
0.4962720158856696
65.0
7.700000000000000000e+01 
7.600000000000000000e+01 
0.0
-1.0
-1.0
75.0
-2.630453035781547
41.298984971179436
0.3258673165241443
66.0
7.900000000000000000e+01 1.220000000000000000e+02 2.430000000000000000e+02 
7.800000000000000000e+01 1.210000000000000000e+02 2.420000000000000000e+02 
0.0
-1.0
-1.0
76.0
5.6564669294950205
39.69701653703526
-0.3110454080741792
67.0
8.100000000000000000e+01 1.240000000000000000e+02 
8.000000000000000000e+01 
0.0
-1.0
-1.0
77.0
8.774538205752656
37.69628250246414
-0.6223288847370254
68.0
8.300000000000000000e+01 1.250000000000000000e+02 
8.200000000000000000e+01 1.240000000000000000e+02 
0.0
-1.0
-1.0
78.0
-0.5621323281481586
5.15296772894506
-2.7150586465679183
46.0
8.900000000000000000e+01 
8.800000000000000000e+01 1.260000000000000000e+02 
0.0
-1.0
-1.0
79.0
-6.888671465649839
4.1273275297877685
-3.0927939670898583
48.0
9.100000000000000000e+01 
9.000000000000000000e+01 
0.0
-1.0
-1.0
80.0
-10.081477435483158
3.6925967400743667
-3.1194549200531245
49.0
9.300000000000000000e+01 
9.200000000000000000e+01 
0.0
-1.0
-1.0
81.0
-19.087026661552258
7.138009153640088
2.3536848559737478
69.0
9.500000000000000000e+01 
9.400000000000000000e+01 1.310000000000000000e+02 
0.0
-1.0
-1.0
82.0
-19.93118828958476
8.461469664337253
2.1432171359972783
70.0
9.700000000000000000e+01 
9.600000000000000000e+01 
0.0
-1.0
-1.0
83.0
-20.82654810981903
9.967242489476899
2.0695197370595575
71.0
9.800000000000000000e+01 
9.700000000000000000e+01 
0.0
-1.0
-1.0
84.0
-21.303588947255072
12.19532691180309
1.757970617594673
4.0
1.000000000000000000e+02 
9.900000000000000000e+01 
0.0
-1.0
-1.0
85.0
-21.495080659498313
13.514337478900476
1.7253279609090266
72.0
1.010000000000000000e+02 
1.000000000000000000e+02 1.330000000000000000e+02 
0.0
-1.0
-1.0
86.0
-21.661777321399878
17.605903609965974
1.7165129557682144
7.0
1.030000000000000000e+02 
1.020000000000000000e+02 
0.0
-1.0
-1.0
87.0
-20.48469703072007
22.480867956490385
1.0957538177682578
73.0
1.070000000000000000e+02 
1.060000000000000000e+02 
0.0
-1.0
-1.0
88.0
-19.62589064212618
24.24381128171045
1.211241818969958
74.0
1.080000000000000000e+02 
1.070000000000000000e+02 
0.0
-1.0
-1.0
89.0
-19.19378959077168
25.071549212523717
1.2077429389616705
75.0
1.090000000000000000e+02 
1.080000000000000000e+02 
0.0
-1.0
-1.0
90.0
-18.280796348978047
27.072415497022206
1.200224996468863
76.0
1.100000000000000000e+02 
1.090000000000000000e+02 
0.0
-1.0
-1.0
91.0
-17.855619296926655
27.928413509389735
1.2209559733346038
77.0
1.110000000000000000e+02 
1.100000000000000000e+02 
0.0
-1.0
-1.0
92.0
-17.418654234653182
28.745090482323874
1.196773370598626
78.0
1.120000000000000000e+02 
1.110000000000000000e+02 
0.0
-1.0
-1.0
93.0
-16.833485716187766
29.537274846878205
1.0645730459720726
79.0
1.130000000000000000e+02 
1.120000000000000000e+02 1.430000000000000000e+02 
0.0
-1.0
-1.0
94.0
-15.388613661276157
31.164514260302465
0.998092098752219
80.0
1.150000000000000000e+02 
1.140000000000000000e+02 
0.0
-1.0
-1.0
95.0
-13.118757836536915
33.75249895313422
1.0085043061205852
81.0
1.170000000000000000e+02 
1.160000000000000000e+02 
0.0
-1.0
-1.0
96.0
-9.72359767913732
37.174874124171154
0.687336570588922
82.0
1.190000000000000000e+02 1.450000000000000000e+02 
1.180000000000000000e+02 1.440000000000000000e+02 
0.0
-1.0
-1.0
97.0
-3.697321087963931
40.88333348123771
0.4430388219581239
83.0
1.210000000000000000e+02 
1.200000000000000000e+02 
0.0
-1.0
-1.0
98.0
-1.7050202795433855
41.23824817754584
0.11728924169226196
84.0
1.230000000000000000e+02 
1.220000000000000000e+02 5.010000000000000000e+02 
0.0
-1.0
-1.0
99.0
-2.694271418573427
4.722443107047578
-2.9422694654603787
47.0
1.280000000000000000e+02 
1.270000000000000000e+02 
0.0
-1.0
-1.0
100.0
-18.374230415761957
6.4340738878129065
2.4930720630659584
85.0
1.300000000000000000e+02 
1.290000000000000000e+02 
0.0
-1.0
-1.0
101.0
-21.335006993104017
12.554101585635426
1.7944747192101675
86.0
1.330000000000000000e+02 
1.320000000000000000e+02 
0.0
-1.0
-1.0
102.0
-21.19184175609847
21.158817121378284
1.3464447355920142
10.0
1.360000000000000000e+02 
1.350000000000000000e+02 
0.0
-1.0
-1.0
103.0
-20.458126292004174
23.032777275798566
1.2079641892710766
11.0
1.370000000000000000e+02 
1.360000000000000000e+02 
0.0
-1.0
-1.0
104.0
-19.647691612282298
24.802489612846433
1.2174637321652453
87.0
1.390000000000000000e+02 
1.380000000000000000e+02 
0.0
-1.0
-1.0
105.0
-19.16537872558782
25.828840827805156
1.2107661320201066
88.0
1.400000000000000000e+02 
1.390000000000000000e+02 
0.0
-1.0
-1.0
106.0
-18.528815285260954
26.817583272543455
1.0728602438617223
89.0
1.410000000000000000e+02 
1.400000000000000000e+02 
0.0
-1.0
-1.0
107.0
-17.94264497050974
27.698450360711288
1.061765593893444
90.0
1.420000000000000000e+02 
1.410000000000000000e+02 
0.0
-1.0
-1.0
108.0
-17.37831831177118
28.583623558544616
1.081146152858984
91.0
1.430000000000000000e+02 
1.420000000000000000e+02 
0.0
-1.0
-1.0
109.0
4.247440061701578
41.279415607638384
0.04669146014742925
92.0
1.470000000000000000e+02 2.380000000000000000e+02 
1.460000000000000000e+02 
0.0
-1.0
-1.0
110.0
6.374784048510493
41.229988236553034
-0.007955891616569667
93.0
1.480000000000000000e+02 
1.470000000000000000e+02 
0.0
-1.0
-1.0
111.0
8.2955240555252
41.22309073530069
-0.023648180729041096
94.0
1.490000000000000000e+02 
1.480000000000000000e+02 2.370000000000000000e+02 
0.0
-1.0
-1.0
112.0
9.808963497966534
41.57019953283553
-0.04175815009625336
95.0
1.500000000000000000e+02 
1.490000000000000000e+02 
0.0
-1.0
-1.0
113.0
10.630753927940294
41.739790238032455
-0.05816079194529013
96.0
1.510000000000000000e+02 
1.500000000000000000e+02 
0.0
-1.0
-1.0
114.0
11.575750738886454
42.00273907446555
0.16648645890101932
97.0
1.520000000000000000e+02 
1.510000000000000000e+02 
0.0
-1.0
-1.0
115.0
12.196809787702424
42.35345587119935
0.24561821423940994
98.0
1.530000000000000000e+02 
1.520000000000000000e+02 
0.0
-1.0
-1.0
116.0
12.819697597766309
42.900318761835564
0.5422980011928096
99.0
1.540000000000000000e+02 
1.530000000000000000e+02 
0.0
-1.0
-1.0
117.0
13.772202522168262
43.82473450292213
0.6744902176230375
100.0
1.550000000000000000e+02 
1.540000000000000000e+02 
0.0
-1.0
-1.0
118.0
14.443076369863535
44.567152919034115
0.7181587250330768
101.0
1.560000000000000000e+02 
1.550000000000000000e+02 
0.0
-1.0
-1.0
119.0
15.132659403088468
45.53547657110065
0.8782721865816706
102.0
1.570000000000000000e+02 
1.560000000000000000e+02 
0.0
-1.0
-1.0
120.0
15.201761586108525
45.747364757294946
0.8750694758875921
103.0
1.580000000000000000e+02 1.590000000000000000e+02 
1.570000000000000000e+02 
0.0
-1.0
-1.0
121.0
16.305156275551862
46.948267684816315
0.8803289248378258
104.0

1.580000000000000000e+02 
0.0
-1.0
-1.0
122.0
15.9994346450882
46.86058834273777
0.8832474571735871
105.0
1.600000000000000000e+02 3.410000000000000000e+02 
1.590000000000000000e+02 3.400000000000000000e+02 
0.0
-1.0
-1.0
123.0
16.504443950611098
47.597370942006954
0.840822755059619
106.0
1.610000000000000000e+02 
1.600000000000000000e+02 
0.0
-1.0
-1.0
124.0
17.149187921302655
48.31609433268741
0.7506370241913373
107.0
1.620000000000000000e+02 
1.610000000000000000e+02 
0.0
-1.0
-1.0
125.0
17.840690521721946
49.012702000424234
0.7020014222997382
108.0
1.630000000000000000e+02 
1.620000000000000000e+02 
0.0
-1.0
-1.0
126.0
18.64186197313634
49.79278746714108
0.700545710320555
109.0
1.640000000000000000e+02 
1.630000000000000000e+02 
0.0
-1.0
-1.0
127.0
19.46742172534777
50.61707961700169
0.7172475881506093
110.0
1.650000000000000000e+02 
1.640000000000000000e+02 
0.0
-1.0
-1.0
128.0
21.03846005697832
52.05235821179453
0.7230482995093344
111.0
1.660000000000000000e+02 
1.650000000000000000e+02 
0.0
-1.0
-1.0
129.0
21.68690094269132
52.78481563647598
0.755803681001461
112.0
1.670000000000000000e+02 
1.660000000000000000e+02 
0.0
-1.0
-1.0
130.0
22.356960763748194
53.56742662847031
0.7786340466992439
113.0
1.680000000000000000e+02 
1.670000000000000000e+02 
0.0
-1.0
-1.0
131.0
23.114698405903326
54.45274204453624
0.7933053662753848
114.0
1.690000000000000000e+02 
1.680000000000000000e+02 3.490000000000000000e+02 
0.0
-1.0
-1.0
132.0
24.11952109706756
55.3757715951799
0.7554781202259722
115.0
1.700000000000000000e+02 
1.690000000000000000e+02 
0.0
-1.0
-1.0
133.0
24.93207922927958
56.197372225595004
0.7476776949076289
116.0
1.710000000000000000e+02 3.500000000000000000e+02 
1.700000000000000000e+02 
0.0
-1.0
-1.0
134.0
26.20662635683793
57.19236238347369
0.6348738802457057
117.0
1.720000000000000000e+02 
1.710000000000000000e+02 
0.0
-1.0
-1.0
135.0
27.372561758410576
58.02265761747218
0.5562198576200927
118.0
1.730000000000000000e+02 
1.720000000000000000e+02 
0.0
-1.0
-1.0
136.0
28.467916105823782
58.8066800854863
0.5537810063735356
119.0
1.740000000000000000e+02 
1.730000000000000000e+02 
0.0
-1.0
-1.0
137.0
29.52606444232528
59.54841470684673
0.5364240245905434
120.0
1.750000000000000000e+02 
1.740000000000000000e+02 
0.0
-1.0
-1.0
138.0
30.670456019412462
60.342782950338496
0.5376405868082909
121.0
1.760000000000000000e+02 
1.750000000000000000e+02 
0.0
-1.0
-1.0
139.0
31.969481301238783
61.2274143236847
0.5366014059320131
122.0
1.770000000000000000e+02 
1.760000000000000000e+02 
0.0
-1.0
-1.0
140.0
33.236694947977824
62.10481327497311
0.5447690844170752
123.0
1.780000000000000000e+02 
1.770000000000000000e+02 
0.0
-1.0
-1.0
141.0
34.37363677738456
62.905189043181394
0.5459278111523804
124.0
1.790000000000000000e+02 
1.780000000000000000e+02 
0.0
-1.0
-1.0
142.0
35.413961941129116
63.6401454106759
0.5395578309119262
125.0
1.800000000000000000e+02 
1.790000000000000000e+02 
0.0
-1.0
-1.0
143.0
37.37161000263032
65.19780558769884
0.7209521113182267
126.0
1.810000000000000000e+02 
1.800000000000000000e+02 
0.0
-1.0
-1.0
144.0
38.27023833050437
66.21409689418547
0.8539961978339483
127.0
1.820000000000000000e+02 
1.810000000000000000e+02 
0.0
-1.0
-1.0
145.0
39.25735108627535
67.34469661252476
0.8616741488622062
127.0
1.830000000000000000e+02 
1.820000000000000000e+02 
0.0
-1.0
-1.0
146.0
40.172332175110476
68.42526576942507
0.8822860621207957
128.0
1.840000000000000000e+02 
1.830000000000000000e+02 
0.0
-1.0
-1.0
147.0
41.137531954140755
69.57901512740285
0.8893188391802103
128.0
1.850000000000000000e+02 
1.840000000000000000e+02 
0.0
-1.0
-1.0
148.0
42.06209645531894
70.6642514723967
0.878742678174557
129.0
1.860000000000000000e+02 3.640000000000000000e+02 
1.850000000000000000e+02 3.630000000000000000e+02 
0.0
-1.0
-1.0
149.0
43.74331230556168
73.41097743658793
1.0010773186135116
129.0
1.870000000000000000e+02 
1.860000000000000000e+02 3.650000000000000000e+02 
0.0
-1.0
-1.0
150.0
43.465534875272425
72.79558948803506
1.025173876875187
130.0
1.880000000000000000e+02 3.660000000000000000e+02 3.690000000000000000e+02 
1.870000000000000000e+02 3.680000000000000000e+02 
0.0
-1.0
-1.0
151.0
45.307362651798364
76.95136636917252
1.335633197723085
131.0
1.890000000000000000e+02 
1.880000000000000000e+02 3.700000000000000000e+02 
0.0
-1.0
-1.0
152.0
45.72459522518355
78.51663544907487
1.6213562548943599
132.0
1.900000000000000000e+02 
1.890000000000000000e+02 
0.0
-1.0
-1.0
153.0
45.44133278477595
79.48836244395417
1.9774617192146555
133.0
1.910000000000000000e+02 3.710000000000000000e+02 
1.900000000000000000e+02 
0.0
-1.0
-1.0
154.0
43.86532666525254
81.45587964376689
2.123099843229528
134.0
1.920000000000000000e+02 
1.910000000000000000e+02 
0.0
-1.0
-1.0
155.0
42.42963460896528
83.03812306302778
2.3495706288064895
135.0
1.930000000000000000e+02 3.730000000000000000e+02 
1.920000000000000000e+02 3.720000000000000000e+02 
0.0
-1.0
-1.0
156.0
40.89502449469853
84.30335860076632
2.7575660415538215
136.0
1.940000000000000000e+02 
1.930000000000000000e+02 3.740000000000000000e+02 
0.0
-1.0
-1.0
157.0
40.00880531656317
84.66160046174065
3.081209586285514
137.0
1.950000000000000000e+02 3.750000000000000000e+02 
1.940000000000000000e+02 
0.0
-1.0
-1.0
158.0
39.008945594115374
84.81350429264938
-3.0328892733235597
138.0
1.960000000000000000e+02 
1.950000000000000000e+02 
0.0
-1.0
-1.0
159.0
37.16354236065206
84.4645305886016
-2.7643379497517673
139.0
1.970000000000000000e+02 
1.960000000000000000e+02 
0.0
-1.0
-1.0
160.0
36.409027612836965
83.88897153038205
-2.3139194134685916
140.0
1.980000000000000000e+02 
1.970000000000000000e+02 
0.0
-1.0
-1.0
161.0
35.31024484192071
82.52699161891286
-2.115603552297987
141.0
1.990000000000000000e+02 
1.980000000000000000e+02 
0.0
-1.0
-1.0
162.0
33.433338668533786
79.01969972715814
-2.0246072620201825
141.0
2.000000000000000000e+02 
1.990000000000000000e+02 
0.0
-1.0
-1.0
163.0
32.93457241707874
78.27247503410405
-2.0197150090406724
142.0
2.010000000000000000e+02 
2.000000000000000000e+02 
0.0
-1.0
-1.0
164.0
32.15299802978134
76.51946210085839
-1.842596413067207
143.0
2.020000000000000000e+02 
2.010000000000000000e+02 
0.0
-1.0
-1.0
165.0
30.906251771418926
72.49600183193452
-1.8834977397456325
143.0
2.030000000000000000e+02 
2.020000000000000000e+02 
0.0
-1.0
-1.0
166.0
30.5232186008838
71.70703893478174
-1.9028171252154453
144.0
2.040000000000000000e+02 
2.030000000000000000e+02 
0.0
-1.0
-1.0
167.0
29.060238018354646
67.73892053879887
-1.8793326430355966
144.0
2.050000000000000000e+02 
2.040000000000000000e+02 
0.0
-1.0
-1.0
168.0
28.82905009316569
66.96051649540829
-1.7614370494470002
145.0
2.060000000000000000e+02 
2.050000000000000000e+02 
0.0
-1.0
-1.0
169.0
28.361384894854297
64.93025651431608
-1.7542690923297433
146.0
2.070000000000000000e+02 
2.060000000000000000e+02 
0.0
-1.0
-1.0
170.0
27.849478498177547
62.963162547337035
-1.7952650697243986
147.0
2.080000000000000000e+02 
2.070000000000000000e+02 
0.0
-1.0
-1.0
171.0
27.593751499860836
62.182329541094845
-1.785866227350044
148.0
2.090000000000000000e+02 
2.080000000000000000e+02 
0.0
-1.0
-1.0
172.0
27.183081601418934
61.34591713178345
-1.9134968783891755
149.0
2.100000000000000000e+02 
2.090000000000000000e+02 
0.0
-1.0
-1.0
173.0
26.74494107309134
60.460840464481024
-1.921434499579593
150.0
2.110000000000000000e+02 
2.100000000000000000e+02 
0.0
-1.0
-1.0
174.0
26.321706097735024
59.562468154487846
-1.90534044174731
151.0
2.120000000000000000e+02 
2.110000000000000000e+02 
0.0
-1.0
-1.0
175.0
25.91421673110191
58.69345147780191
-1.9009947460993195
152.0
2.130000000000000000e+02 
2.120000000000000000e+02 
0.0
-1.0
-1.0
176.0
25.514823574179474
57.874412810755246
-1.9094371845483553
153.0
2.140000000000000000e+02 
2.130000000000000000e+02 
0.0
-1.0
-1.0
177.0
25.03325457020948
57.073984243084226
-1.9865813752696213
154.0
2.150000000000000000e+02 
2.140000000000000000e+02 
0.0
-1.0
-1.0
178.0
24.51556444368385
56.23704965991254
-2.0022598467457757
155.0
2.160000000000000000e+02 
2.150000000000000000e+02 
0.0
-1.0
-1.0
179.0
23.996432192074252
55.390108809580695
-1.9995584995818407
156.0
2.170000000000000000e+02 
2.160000000000000000e+02 
0.0
-1.0
-1.0
180.0
23.504742416558457
54.6100567287111
-2.002720299168867
157.0
2.180000000000000000e+02 
2.170000000000000000e+02 
0.0
-1.0
-1.0
181.0
23.049348724269002
53.87783412979378
-1.990280616286865
158.0
2.190000000000000000e+02 
2.180000000000000000e+02 
0.0
-1.0
-1.0
182.0
22.082624817611002
52.04017307003876
-1.9925198717269095
159.0
2.200000000000000000e+02 
2.190000000000000000e+02 
0.0
-1.0
-1.0
183.0
21.56555535464011
51.185904093705574
-1.9944226261293738
160.0
2.210000000000000000e+02 
2.200000000000000000e+02 
0.0
-1.0
-1.0
184.0
21.079645255532498
50.354989548538484
-1.9775199740296503
161.0
2.220000000000000000e+02 
2.210000000000000000e+02 
0.0
-1.0
-1.0
185.0
20.598836450075005
49.547683099678395
-1.9816373121129982
162.0
2.230000000000000000e+02 
2.220000000000000000e+02 
0.0
-1.0
-1.0
186.0
20.10894346760115
48.70121063322575
-1.9744660380963022
163.0
2.240000000000000000e+02 
2.230000000000000000e+02 
0.0
-1.0
-1.0
187.0
19.592326821316945
47.873499900390925
-2.002533762736091
164.0
2.250000000000000000e+02 
2.240000000000000000e+02 
0.0
-1.0
-1.0
188.0
19.067759529192266
47.12855627923862
-2.042423148789105
165.0
2.260000000000000000e+02 
2.250000000000000000e+02 
0.0
-1.0
-1.0
189.0
18.567623771050833
46.430292275771635
-2.041808563489878
166.0
2.270000000000000000e+02 
2.260000000000000000e+02 
0.0
-1.0
-1.0
190.0
18.049315301996543
45.776762770229666
-2.079136686832437
103.0
2.280000000000000000e+02 
2.270000000000000000e+02 
0.0
-1.0
-1.0
191.0
17.4463715859898
45.14777592650047
-2.164820608515777
104.0
2.290000000000000000e+02 
2.280000000000000000e+02 
0.0
-1.0
-1.0
192.0
16.096120495486847
43.548198573838256
-2.181889106948923
103.0
2.300000000000000000e+02 
2.290000000000000000e+02 
0.0
-1.0
-1.0
193.0
15.52496791352537
42.94667524491729
-2.1522736034980654
102.0
2.310000000000000000e+02 
2.300000000000000000e+02 
0.0
-1.0
-1.0
194.0
14.865169825684369
42.24589271500072
-2.168558106095946
167.0
2.320000000000000000e+02 
2.310000000000000000e+02 
0.0
-1.0
-1.0
195.0
14.044530286947401
41.63932586944192
-2.3353171899309446
168.0
2.330000000000000000e+02 
2.320000000000000000e+02 
0.0
-1.0
-1.0
196.0
13.246766200989963
41.303803313924334
-2.5233213991610226
169.0
2.340000000000000000e+02 
2.330000000000000000e+02 
0.0
-1.0
-1.0
197.0
12.394948992043485
41.09079136853053
-2.6682618692514817
170.0
2.350000000000000000e+02 
2.340000000000000000e+02 
0.0
-1.0
-1.0
198.0
10.511975371451008
41.06163984274546
-3.012829996847085
171.0
2.360000000000000000e+02 
2.350000000000000000e+02 
0.0
-1.0
-1.0
199.0
9.435272272179313
41.191255167554985
-3.0713048336065625
172.0
2.370000000000000000e+02 
2.360000000000000000e+02 
0.0
-1.0
-1.0
200.0
1.8657829224965545
41.288311580915575
-3.052324780543276
173.0
2.390000000000000000e+02 
2.380000000000000000e+02 
0.0
-1.0
-1.0
201.0
0.7004724976303895
41.33598830398488
-3.0501260025418917
173.0
2.400000000000000000e+02 
2.390000000000000000e+02 
0.0
-1.0
-1.0
202.0
-0.5320084063090593
41.34731270271194
-3.0200770763246707
173.0
2.410000000000000000e+02 
2.400000000000000000e+02 
0.0
-1.0
-1.0
203.0
-3.9856633631519465
40.49060802132553
-2.5434773876326533
174.0
2.440000000000000000e+02 
2.430000000000000000e+02 
0.0
-1.0
-1.0
204.0
-6.542288805547779
39.24963570408472
-2.6378356654590682
175.0
2.460000000000000000e+02 
2.450000000000000000e+02 
0.0
-1.0
-1.0
205.0
-7.521587756670128
38.632939280075774
-2.5885072414476404
176.0
2.470000000000000000e+02 
2.460000000000000000e+02 
0.0
-1.0
-1.0
206.0
-10.93575276399367
36.26808210823431
-2.4804009675760756
177.0
2.490000000000000000e+02 
2.480000000000000000e+02 
0.0
-1.0
-1.0
207.0
-11.668407437295002
35.45669003815384
-2.257841009417334
178.0
2.500000000000000000e+02 
2.490000000000000000e+02 
0.0
-1.0
-1.0
208.0
-13.072275068713417
33.68095064211886
-2.1571292364756633
179.0
2.520000000000000000e+02 
2.510000000000000000e+02 
0.0
-1.0
-1.0
209.0
-15.05208374994412
31.304698498221207
-2.1185021786051434
180.0
2.540000000000000000e+02 
2.530000000000000000e+02 
0.0
-1.0
-1.0
210.0
-15.702822451411796
30.61585208426589
-2.2046403340200627
80.0
2.550000000000000000e+02 
2.540000000000000000e+02 
0.0
-1.0
-1.0
211.0
-16.366973555647462
29.933670851648806
-2.2174510604231434
181.0
2.560000000000000000e+02 
2.550000000000000000e+02 
0.0
-1.0
-1.0
212.0
-17.495398325124334
28.521474239518582
-2.115739333427015
182.0
2.580000000000000000e+02 
2.570000000000000000e+02 
0.0
-1.0
-1.0
213.0
-18.091272964791607
27.673292338577625
-2.0840679656046692
183.0
2.590000000000000000e+02 
2.580000000000000000e+02 
0.0
-1.0
-1.0
214.0
-18.65870559180692
26.803203970875302
-2.0482326733997627
184.0
2.600000000000000000e+02 
2.590000000000000000e+02 
0.0
-1.0
-1.0
215.0
-19.228818661091182
25.89712198684937
-2.0324600514960784
185.0
2.610000000000000000e+02 
2.600000000000000000e+02 
0.0
-1.0
-1.0
216.0
-19.752166098048058
25.007641215745743
-1.9993268517610487
186.0
2.620000000000000000e+02 
2.610000000000000000e+02 
0.0
-1.0
-1.0
217.0
-20.27263844973107
24.07205195122403
-1.976164822390011
12.0
2.630000000000000000e+02 
2.620000000000000000e+02 
0.0
-1.0
-1.0
218.0
-20.73378626963673
23.07021243006725
-1.9005214212861763
11.0
2.640000000000000000e+02 
2.630000000000000000e+02 
0.0
-1.0
-1.0
219.0
-21.006542504936476
22.04809588037054
-1.7277006917766748
10.0
2.650000000000000000e+02 
2.640000000000000000e+02 
0.0
-1.0
-1.0
220.0
-21.247770647122245
21.002064739612734
-1.6939850376912553
187.0
2.660000000000000000e+02 
2.650000000000000000e+02 
0.0
-1.0
-1.0
221.0
-21.47303092970248
19.977277398227194
-1.681631043888794
187.0
2.670000000000000000e+02 
2.660000000000000000e+02 
0.0
-1.0
-1.0
222.0
-21.682225994306283
18.904464292074376
-1.6597852183027249
188.0
2.680000000000000000e+02 
2.670000000000000000e+02 
0.0
-1.0
-1.0
223.0
-21.675755791142418
12.296988520620754
-1.3585055412451985
189.0
2.700000000000000000e+02 
2.690000000000000000e+02 
0.0
-1.0
-1.0
224.0
-21.35496854669698
11.176443375122183
-1.161544474047414
190.0
2.710000000000000000e+02 
2.700000000000000000e+02 
0.0
-1.0
-1.0
225.0
-20.986325746536757
10.259729499306069
-1.0377771262340916
191.0
2.720000000000000000e+02 
2.710000000000000000e+02 
0.0
-1.0
-1.0
226.0
-20.593792556563226
9.326466373819656
-1.024900060942342
192.0
2.730000000000000000e+02 
2.720000000000000000e+02 
0.0
-1.0
-1.0
227.0
-20.108786581643958
8.321228513686062
-0.9857925754449948
193.0
2.740000000000000000e+02 
2.730000000000000000e+02 
0.0
-1.0
-1.0
228.0
-19.527476590937468
7.4626489108030825
-0.8354288841842112
194.0
2.750000000000000000e+02 
2.740000000000000000e+02 
0.0
-1.0
-1.0
229.0
-18.90720325082134
6.755217430994863
-0.7050529134860937
195.0
2.760000000000000000e+02 
2.750000000000000000e+02 
0.0
-1.0
-1.0
230.0
-18.208545114938744
6.068806208550417
-0.6398110015878009
54.0
2.770000000000000000e+02 
2.760000000000000000e+02 
0.0
-1.0
-1.0
231.0
-17.28565095605299
5.564280594080168
-0.3911232973816545
53.0
2.780000000000000000e+02 
2.770000000000000000e+02 
0.0
-1.0
-1.0
232.0
-16.419331507573943
5.115818828212913
-0.36427512435703635
196.0
2.790000000000000000e+02 
2.780000000000000000e+02 
0.0
-1.0
-1.0
233.0
-15.580779314883657
4.689284351933434
-0.3548388371861804
196.0
2.800000000000000000e+02 
2.790000000000000000e+02 
0.0
-1.0
-1.0
234.0
-13.472752754526095
3.8522092419122633
-0.32079312372261215
196.0
2.810000000000000000e+02 
2.800000000000000000e+02 
0.0
-1.0
-1.0
235.0
-12.514519289235697
3.402415905229562
-0.3361196369808088
197.0
2.820000000000000000e+02 
2.810000000000000000e+02 
0.0
-1.0
-1.0
236.0
-11.60406114568887
3.0210055201193238
-0.2927292932510729
197.0
2.830000000000000000e+02 
2.820000000000000000e+02 
0.0
-1.0
-1.0
237.0
-10.734763902419912
2.853201519986298
-0.1023516572709989
51.0
2.840000000000000000e+02 
2.830000000000000000e+02 
0.0
-1.0
-1.0
238.0
-9.942519223373214
2.7499098021346366
-0.04351188531395758
198.0
2.850000000000000000e+02 
2.840000000000000000e+02 
0.0
-1.0
-1.0
239.0
-8.978980214402934
2.6625174936577762
-0.01968842599268064
198.0
2.860000000000000000e+02 
2.850000000000000000e+02 
0.0
-1.0
-1.0
240.0
-7.99205054959564
2.905874236322539
0.2706075389300189
199.0
2.870000000000000000e+02 
2.860000000000000000e+02 
0.0
-1.0
-1.0
241.0
-7.081714879314026
3.1183744121238393
0.2600563568963501
199.0
2.880000000000000000e+02 
2.870000000000000000e+02 
0.0
-1.0
-1.0
242.0
-6.201487590410706
3.374593186598722
0.306474844307997
199.0
2.890000000000000000e+02 
2.880000000000000000e+02 
0.0
-1.0
-1.0
243.0
-5.2947522513286085
3.62748085872099
0.29608234226402214
199.0
2.900000000000000000e+02 
2.890000000000000000e+02 
0.0
-1.0
-1.0
244.0
-4.359043461970784
3.8960515378109273
0.30202844689836594
48.0
2.910000000000000000e+02 
2.900000000000000000e+02 
0.0
-1.0
-1.0
245.0
-3.4391658342220315
4.160690529210006
0.30219096760995423
48.0
2.920000000000000000e+02 
2.910000000000000000e+02 
0.0
-1.0
-1.0
246.0
-2.5366927365087664
4.437176845030126
0.3167105098211449
48.0
2.930000000000000000e+02 
2.920000000000000000e+02 
0.0
-1.0
-1.0
247.0
0.6847970262877887
5.9292571782797445
0.6131240484951772
200.0
2.950000000000000000e+02 
2.940000000000000000e+02 
0.0
-1.0
-1.0
248.0
1.5975119792106052
6.473911959056204
0.6562482317898808
200.0
2.960000000000000000e+02 
2.950000000000000000e+02 
0.0
-1.0
-1.0
249.0
2.474923243176213
7.120018513116591
0.7475289120596844
200.0
2.970000000000000000e+02 
2.960000000000000000e+02 
0.0
-1.0
-1.0
250.0
3.2356288831838182
7.814203438214493
0.8525619534810562
45.0
2.980000000000000000e+02 
2.970000000000000000e+02 
0.0
-1.0
-1.0
251.0
3.964761441833234
8.55468345429345
0.9021534365902875
43.0
2.990000000000000000e+02 
2.980000000000000000e+02 
0.0
-1.0
-1.0
252.0
4.701169695612474
9.307833480486128
0.9037034535650437
43.0
3.000000000000000000e+02 
2.990000000000000000e+02 
0.0
-1.0
-1.0
253.0
5.4698687413910525
10.103389774358671
0.9050067661441484
43.0
3.010000000000000000e+02 
3.000000000000000000e+02 
0.0
-1.0
-1.0
254.0
6.215661684073791
10.896249657311902
0.9181671429543217
43.0
3.020000000000000000e+02 
3.010000000000000000e+02 
0.0
-1.0
-1.0
255.0
6.925423122823977
11.671629077262729
0.9327339589978785
43.0
3.030000000000000000e+02 
3.020000000000000000e+02 
0.0
-1.0
-1.0
256.0
7.573243597551504
12.41934313909324
0.9620993606022927
43.0
3.040000000000000000e+02 
3.030000000000000000e+02 
0.0
-1.0
-1.0
257.0
8.214555129811078
13.178266347638527
0.972497044789318
43.0
3.050000000000000000e+02 
3.040000000000000000e+02 
0.0
-1.0
-1.0
258.0
8.890963642188296
14.002746028712362
0.980504050437403
42.0
3.060000000000000000e+02 
3.050000000000000000e+02 
0.0
-1.0
-1.0
259.0
9.57536506221571
14.850814391446463
0.9858412795667353
201.0
3.070000000000000000e+02 
3.060000000000000000e+02 
0.0
-1.0
-1.0
260.0
10.216539564731399
15.671450800173206
1.00265990391103
201.0
3.080000000000000000e+02 
3.070000000000000000e+02 
0.0
-1.0
-1.0
261.0
10.813300187938754
16.477318676053088
1.0283922481166394
201.0
3.090000000000000000e+02 
3.080000000000000000e+02 
0.0
-1.0
-1.0
262.0
11.409265155556913
17.289804667349017
1.031326575696926
201.0
3.100000000000000000e+02 
3.090000000000000000e+02 
0.0
-1.0
-1.0
263.0
11.851259182313164
18.190090132825635
1.195637946847799
202.0
3.110000000000000000e+02 
3.100000000000000000e+02 
0.0
-1.0
-1.0
264.0
12.214163552735233
19.113429366460473
1.271136554664018
41.0
3.120000000000000000e+02 
3.110000000000000000e+02 
0.0
-1.0
-1.0
265.0
12.477728415457968
20.117526039796992
1.3774815734478985
41.0
3.130000000000000000e+02 
3.120000000000000000e+02 
0.0
-1.0
-1.0
266.0
12.713832066914218
21.04072829888336
1.3850515862067652
202.0
3.140000000000000000e+02 
3.130000000000000000e+02 
0.0
-1.0
-1.0
267.0
12.909135723271678
21.906992922453224
1.4124489115539482
203.0
3.150000000000000000e+02 
3.140000000000000000e+02 
0.0
-1.0
-1.0
268.0
13.084226061061653
22.836806655921826
1.4419985409725926
203.0
3.160000000000000000e+02 
3.150000000000000000e+02 
0.0
-1.0
-1.0
269.0
13.076679203036994
23.852596355361822
1.61751618597315
204.0
3.170000000000000000e+02 
3.160000000000000000e+02 
0.0
-1.0
-1.0
270.0
13.043757981734133
24.90698704639906
1.638081277710595
204.0
3.180000000000000000e+02 
3.170000000000000000e+02 
0.0
-1.0
-1.0
271.0
13.01283345838893
25.861492501221704
1.638859131349192
204.0
3.190000000000000000e+02 
3.180000000000000000e+02 
0.0
-1.0
-1.0
272.0
13.005855657583279
27.79947181707558
1.6068713231408513
39.0
3.200000000000000000e+02 
3.190000000000000000e+02 
0.0
-1.0
-1.0
273.0
13.012665437882532
28.788123896369132
1.6004135887204114
39.0
3.210000000000000000e+02 
3.200000000000000000e+02 
0.0
-1.0
-1.0
274.0
13.01083845246966
29.801343595316656
1.6072259524486072
39.0
3.220000000000000000e+02 
3.210000000000000000e+02 
0.0
-1.0
-1.0
275.0
12.821787150573904
30.715849318186535
1.7919136475543234
38.0
3.230000000000000000e+02 
3.220000000000000000e+02 
0.0
-1.0
-1.0
276.0
12.353953624536814
31.387420842952345
2.1580138944912157
205.0
3.240000000000000000e+02 
3.230000000000000000e+02 
0.0
-1.0
-1.0
277.0
11.936385674471971
32.17783124271395
2.048249139629376
205.0
3.250000000000000000e+02 
3.240000000000000000e+02 
0.0
-1.0
-1.0
278.0
11.557223830470956
33.239597476367585
1.9208903848854186
206.0
3.260000000000000000e+02 
3.250000000000000000e+02 
0.0
-1.0
-1.0
279.0
11.179284349195244
34.330001961417985
1.911911132609743
206.0
3.270000000000000000e+02 
3.260000000000000000e+02 
0.0
-1.0
-1.0
280.0
10.89596397276916
35.17989608182516
1.8949169738159577
206.0
3.280000000000000000e+02 
3.270000000000000000e+02 
0.0
-1.0
-1.0
281.0
10.717269504596372
35.994921755094005
1.7956592956323787
207.0
3.290000000000000000e+02 
3.280000000000000000e+02 
0.0
-1.0
-1.0
282.0
10.639921281199591
36.98610823152282
1.6699584646082122
208.0
3.300000000000000000e+02 
3.290000000000000000e+02 
0.0
-1.0
-1.0
283.0
10.57947631709827
38.014080015287
1.6515739651557981
209.0
3.310000000000000000e+02 
3.300000000000000000e+02 
0.0
-1.0
-1.0
284.0
10.598735926675552
38.79734698420579
1.5735295322841094
210.0
3.320000000000000000e+02 
3.310000000000000000e+02 
0.0
-1.0
-1.0
285.0
10.75043482344734
39.41027734178061
1.378615024450429
211.0
3.330000000000000000e+02 
3.320000000000000000e+02 
0.0
-1.0
-1.0
286.0
11.028441077370818
40.14766302784306
1.2658393887265387
212.0
3.340000000000000000e+02 
3.330000000000000000e+02 
0.0
-1.0
-1.0
287.0
11.327908435298138
40.894697786329715
1.2452320615556256
213.0
3.350000000000000000e+02 
3.340000000000000000e+02 
0.0
-1.0
-1.0
288.0
11.713511725564924
41.667914724908115
1.1674649833971857
214.0
3.360000000000000000e+02 
3.350000000000000000e+02 
0.0
-1.0
-1.0
289.0
12.188681919804214
42.41991972080556
1.0722057367271398
102.0
3.370000000000000000e+02 
3.360000000000000000e+02 
0.0
-1.0
-1.0
290.0
12.747428239611356
43.145734224186825
0.9841212744694148
215.0
3.380000000000000000e+02 
3.370000000000000000e+02 
0.0
-1.0
-1.0
291.0
14.029450209337634
44.6318447987907
0.8864940618699426
104.0
3.390000000000000000e+02 
3.380000000000000000e+02 
0.0
-1.0
-1.0
292.0
15.316942820543067
46.051697653772706
0.8933289869384258
216.0
3.400000000000000000e+02 
3.390000000000000000e+02 
0.0
-1.0
-1.0
293.0
16.13712713687491
46.82797397402214
1.1778559070744992
217.0
3.420000000000000000e+02 
3.410000000000000000e+02 
0.0
-1.0
-1.0
294.0
16.75921216576194
47.816014057699846
1.0784527366642898
218.0
3.430000000000000000e+02 
3.420000000000000000e+02 
0.0
-1.0
-1.0
295.0
17.49401913636068
48.72089974194576
0.945057480745151
219.0
3.440000000000000000e+02 
3.430000000000000000e+02 
0.0
-1.0
-1.0
296.0
18.279575946653942
49.536341740945446
0.8520778395304147
220.0
3.450000000000000000e+02 
3.440000000000000000e+02 
0.0
-1.0
-1.0
297.0
19.772359534843076
51.167342480355614
0.8413327440265272
221.0
3.460000000000000000e+02 
3.450000000000000000e+02 
0.0
-1.0
-1.0
298.0
20.63598169192859
52.02465936668534
0.8204076355199763
222.0
3.470000000000000000e+02 
3.460000000000000000e+02 
0.0
-1.0
-1.0
299.0
21.53665472895505
52.890668779986214
0.8002916784639846
223.0
3.480000000000000000e+02 
3.470000000000000000e+02 
0.0
-1.0
-1.0
300.0
22.39271394078176
53.70091337066713
0.7949793087640524
224.0
3.490000000000000000e+02 
3.480000000000000000e+02 
0.0
-1.0
-1.0
301.0
26.347658597137652
57.50978412359788
0.7410126594792574
225.0
3.510000000000000000e+02 
3.500000000000000000e+02 
0.0
-1.0
-1.0
302.0
26.9272173220097
58.090340103524
0.7540690274699133
226.0
3.520000000000000000e+02 
3.510000000000000000e+02 
0.0
-1.0
-1.0
303.0
27.557720102872246
58.72947126125182
0.7621308402049487
227.0
3.530000000000000000e+02 
3.520000000000000000e+02 
0.0
-1.0
-1.0
304.0
28.241043748842227
59.36046993565396
0.7251053898576596
228.0
3.540000000000000000e+02 
3.530000000000000000e+02 
0.0
-1.0
-1.0
305.0
28.577296014615683
59.702539396891666
0.7346361435010856
229.0
3.550000000000000000e+02 
3.540000000000000000e+02 
0.0
-1.0
-1.0
306.0
28.67194639781465
59.830121039965576
0.7276164205076681
230.0
3.560000000000000000e+02 
3.550000000000000000e+02 
0.0
-1.0
-1.0
307.0
29.099833785022774
60.258861329817364
0.7405042317828766
231.0
3.570000000000000000e+02 
3.560000000000000000e+02 
0.0
-1.0
-1.0
308.0
30.001408280817657
61.124713994157496
0.745468451114657
232.0
3.580000000000000000e+02 
3.570000000000000000e+02 
0.0
-1.0
-1.0
309.0
30.784211558245644
61.883263223134335
0.7518917077721246
233.0
3.590000000000000000e+02 
3.580000000000000000e+02 
0.0
-1.0
-1.0
310.0
31.99660438682176
63.00074722614426
0.719109000936475
234.0
3.600000000000000000e+02 
3.590000000000000000e+02 
0.0
-1.0
-1.0
311.0
34.166436941186305
64.61542732871175
0.6379592926772821
235.0
3.610000000000000000e+02 
3.600000000000000000e+02 
0.0
-1.0
-1.0
312.0
37.24865973651653
66.87042501133782
0.6428183789206434
235.0
3.620000000000000000e+02 
3.610000000000000000e+02 
0.0
-1.0
-1.0
313.0
38.53240097463893
67.83128546626018
0.6480622310500368
236.0
3.630000000000000000e+02 
3.620000000000000000e+02 
0.0
-1.0
-1.0
314.0
42.59663455134917
71.38359911395965
1.0188940237709563
237.0
3.650000000000000000e+02 3.670000000000000000e+02 
3.640000000000000000e+02 3.660000000000000000e+02 
0.0
-1.0
-1.0
315.0
42.8947893305192
71.88794240118746
1.0313043379255111
237.0
3.680000000000000000e+02 
3.670000000000000000e+02 
0.0
-1.0
-1.0
316.0
45.13841728278301
76.11087540212377
1.0825983629145222
130.0
3.700000000000000000e+02 
3.690000000000000000e+02 
0.0
-1.0
-1.0
317.0
45.31948665609222
79.98171409553863
2.2763128029017006
134.0
3.720000000000000000e+02 
3.710000000000000000e+02 
0.0
-1.0
-1.0
318.0
42.10661407420311
83.62806252339176
2.3245444075057833
238.0
3.740000000000000000e+02 
3.730000000000000000e+02 
0.0
-1.0
-1.0
319.0
40.11020713842889
84.61296312432191
3.081815959600394
239.0
3.760000000000000000e+02 
3.750000000000000000e+02 
0.0
-1.0
-1.0
320.0
39.57113661102873
84.37730220466912
-2.850584852944596
240.0
3.770000000000000000e+02 
3.760000000000000000e+02 
0.0
-1.0
-1.0
321.0
39.066167006006495
83.94233700748686
-2.5687271557023337
137.0
3.780000000000000000e+02 
3.770000000000000000e+02 
0.0
-1.0
-1.0
322.0
38.71226594983757
83.40916195909149
-2.321491077791693
138.0
3.790000000000000000e+02 
3.780000000000000000e+02 
0.0
-1.0
-1.0
323.0
38.39139753544531
82.87062685024065
-2.2804072239585644
241.0
3.800000000000000000e+02 
3.790000000000000000e+02 
0.0
-1.0
-1.0
324.0
38.01169505097499
82.266106603851
-2.283226972607248
241.0
3.810000000000000000e+02 
3.800000000000000000e+02 
0.0
-1.0
-1.0
325.0
37.585068610654666
81.6090680050926
-2.2854845344552275
241.0
3.820000000000000000e+02 
3.810000000000000000e+02 
0.0
-1.0
-1.0
326.0
37.17401778200811
80.95142020290965
-2.271931763084146
241.0
3.830000000000000000e+02 
3.820000000000000000e+02 
0.0
-1.0
-1.0
327.0
36.82064075056787
80.35457079889136
-2.267960721594287
241.0
3.840000000000000000e+02 
3.830000000000000000e+02 
0.0
-1.0
-1.0
328.0
36.42118568042698
79.70329839027572
-2.269533821150982
241.0
3.850000000000000000e+02 
3.840000000000000000e+02 
0.0
-1.0
-1.0
329.0
35.962746700266074
78.96594979075192
-2.2588234703219583
241.0
3.860000000000000000e+02 
3.850000000000000000e+02 
0.0
-1.0
-1.0
330.0
35.496421798210505
78.21935973666764
-2.260706943642228
241.0
3.870000000000000000e+02 
3.860000000000000000e+02 
0.0
-1.0
-1.0
331.0
35.04981738765879
77.50712333496963
-2.2706796599214454
241.0
3.880000000000000000e+02 
3.870000000000000000e+02 
0.0
-1.0
-1.0
332.0
34.60308524474356
76.78731065126135
-2.267128669294528
242.0
3.890000000000000000e+02 
3.880000000000000000e+02 
0.0
-1.0
-1.0
333.0
34.09718064023128
75.97293920676918
-2.252523510043516
242.0
3.900000000000000000e+02 
3.890000000000000000e+02 
0.0
-1.0
-1.0
334.0
33.59941835136271
75.16795527911722
-2.2541770123910934
242.0
3.910000000000000000e+02 
3.900000000000000000e+02 
0.0
-1.0
-1.0
335.0
33.139629666238704
74.41289079465
-2.2592392198957367
242.0
3.920000000000000000e+02 
3.910000000000000000e+02 
0.0
-1.0
-1.0
336.0
32.66541933364863
73.63925111052488
-2.260540764032072
242.0
3.930000000000000000e+02 
3.920000000000000000e+02 
0.0
-1.0
-1.0
337.0
32.12194417071416
72.76462345837291
-2.2513260686345524
242.0
3.940000000000000000e+02 
3.930000000000000000e+02 
0.0
-1.0
-1.0
338.0
31.614305939297424
71.92224670411517
-2.246477758862089
243.0
3.950000000000000000e+02 
3.940000000000000000e+02 
0.0
-1.0
-1.0
339.0
31.15488497745805
71.12860047858554
-2.2420237984752105
243.0
3.960000000000000000e+02 
3.950000000000000000e+02 
0.0
-1.0
-1.0
340.0
30.702425801854666
70.33315284757549
-2.2376515193349173
243.0
3.970000000000000000e+02 
3.960000000000000000e+02 
0.0
-1.0
-1.0
341.0
30.20509061467623
69.47697655978882
-2.237203531628255
243.0
3.980000000000000000e+02 
3.970000000000000000e+02 
0.0
-1.0
-1.0
342.0
29.700457937271473
68.60085069071599
-2.233179250238231
243.0
3.990000000000000000e+02 
3.980000000000000000e+02 
0.0
-1.0
-1.0
343.0
29.211678097371305
67.74463479556135
-2.2358439932067022
243.0
4.000000000000000000e+02 
3.990000000000000000e+02 
0.0
-1.0
-1.0
344.0
28.73896706680634
66.90874749430745
-2.2388333040011097
244.0
4.010000000000000000e+02 
4.000000000000000000e+02 
0.0
-1.0
-1.0
345.0
28.235174489357526
66.0385154376168
-2.244228012941244
244.0
4.020000000000000000e+02 
4.010000000000000000e+02 
0.0
-1.0
-1.0
346.0
27.646840401221993
65.18197881030673
-2.315918219775241
244.0
4.030000000000000000e+02 
4.020000000000000000e+02 
0.0
-1.0
-1.0
347.0
27.05119425332412
64.36961931682033
-2.352622969800854
244.0
4.040000000000000000e+02 
4.030000000000000000e+02 
0.0
-1.0
-1.0
348.0
26.470995813020348
63.58879601258619
-2.366984555073042
245.0
4.050000000000000000e+02 
4.040000000000000000e+02 
0.0
-1.0
-1.0
349.0
25.878173229888127
62.79855032644576
-2.3718674793771966
245.0
4.060000000000000000e+02 
4.050000000000000000e+02 
0.0
-1.0
-1.0
350.0
25.249146509567716
62.00690716988138
-2.397329598144731
246.0
4.070000000000000000e+02 
4.060000000000000000e+02 
0.0
-1.0
-1.0
351.0
24.612297000748697
61.22092431248552
-2.4092136428676985
246.0
4.080000000000000000e+02 
4.070000000000000000e+02 
0.0
-1.0
-1.0
352.0
23.99725926338448
60.45070240446714
-2.4099183412200196
247.0
4.090000000000000000e+02 
4.080000000000000000e+02 
0.0
-1.0
-1.0
353.0
23.29594364072613
59.70989565389327
-2.4854833171921014
248.0
4.100000000000000000e+02 
4.090000000000000000e+02 
0.0
-1.0
-1.0
354.0
22.55656530623633
58.95227423487927
-2.496791107542596
249.0
4.110000000000000000e+02 
4.100000000000000000e+02 
0.0
-1.0
-1.0
355.0
21.875815009017067
58.23085358739806
-2.494804799481081
250.0
4.120000000000000000e+02 
4.110000000000000000e+02 
0.0
-1.0
-1.0
356.0
21.23484577214918
57.51879140447733
-2.482595779639124
251.0
4.130000000000000000e+02 
4.120000000000000000e+02 
0.0
-1.0
-1.0
357.0
20.530036348182264
56.75100618177147
-2.480493809329979
252.0
4.140000000000000000e+02 
4.130000000000000000e+02 
0.0
-1.0
-1.0
358.0
19.84220354432869
56.00576400558438
-2.4908824266572687
253.0
4.150000000000000000e+02 
4.140000000000000000e+02 
0.0
-1.0
-1.0
359.0
19.208347274087835
55.28219849406718
-2.4801685122699877
254.0
4.160000000000000000e+02 
4.150000000000000000e+02 
0.0
-1.0
-1.0
360.0
18.593565216180572
54.5606003596434
-2.4740879536699705
255.0
4.170000000000000000e+02 
4.160000000000000000e+02 
0.0
-1.0
-1.0
361.0
17.914570915763242
53.79517355476758
-2.4815531596931226
256.0
4.180000000000000000e+02 
4.170000000000000000e+02 
0.0
-1.0
-1.0
362.0
17.23345530742013
53.02892896205323
-2.4856143589052255
257.0
4.190000000000000000e+02 
4.180000000000000000e+02 
0.0
-1.0
-1.0
363.0
16.612784734140167
52.30763982682036
-2.489098440275405
258.0
4.200000000000000000e+02 
4.190000000000000000e+02 
0.0
-1.0
-1.0
364.0
16.04241572322566
51.67745745188819
-2.539276306548036
259.0
4.210000000000000000e+02 
4.200000000000000000e+02 
0.0
-1.0
-1.0
365.0
15.363700737758299
51.064449212990624
-2.6161102397706335
260.0
4.220000000000000000e+02 
4.210000000000000000e+02 
0.0
-1.0
-1.0
366.0
14.583925888664337
50.404835165060746
-2.627340186047806
261.0
4.230000000000000000e+02 
4.220000000000000000e+02 
0.0
-1.0
-1.0
367.0
13.91861245399495
49.78894996816898
-2.614682738193081
262.0
4.240000000000000000e+02 
4.230000000000000000e+02 
0.0
-1.0
-1.0
368.0
13.321156307320251
49.202200738141784
-2.610314848412874
263.0
4.250000000000000000e+02 
4.240000000000000000e+02 
0.0
-1.0
-1.0
369.0
12.683811947645726
48.60133272403149
-2.621820865480686
264.0
4.260000000000000000e+02 
4.250000000000000000e+02 
0.0
-1.0
-1.0
370.0
12.019745605192849
47.95516154879137
-2.5997323571464426
215.0
4.270000000000000000e+02 
4.260000000000000000e+02 
0.0
-1.0
-1.0
371.0
11.363943737989572
47.289133813009116
-2.5829282786705883
104.0
4.280000000000000000e+02 
4.270000000000000000e+02 
0.0
-1.0
-1.0
372.0
9.817100926975211
46.086694371731454
-2.556613852696368
216.0
4.290000000000000000e+02 
4.280000000000000000e+02 
0.0
-1.0
-1.0
373.0
9.206644967915825
45.41044696404694
-2.5588286888560243
103.0
4.300000000000000000e+02 
4.290000000000000000e+02 
0.0
-1.0
-1.0
374.0
8.677530902436374
44.77197080337807
-2.55016067132338
102.0
4.310000000000000000e+02 
4.300000000000000000e+02 
0.0
-1.0
-1.0
375.0
8.075631084746032
44.08773758951001
-2.5554648010736374
265.0
4.320000000000000000e+02 
4.310000000000000000e+02 
0.0
-1.0
-1.0
376.0
7.445667472572861
43.37814185209058
-2.5533447687563022
266.0
4.330000000000000000e+02 
4.320000000000000000e+02 
0.0
-1.0
-1.0
377.0
6.9823178653346485
42.7159440718096
-2.500321285010256
267.0
4.340000000000000000e+02 
4.330000000000000000e+02 
0.0
-1.0
-1.0
378.0
6.774416483984373
41.99338010634694
-2.232597583352281
268.0
4.350000000000000000e+02 
4.340000000000000000e+02 
0.0
-1.0
-1.0
379.0
6.630840363193158
41.35217892422427
-2.240014022843035
269.0
4.360000000000000000e+02 
4.350000000000000000e+02 
0.0
-1.0
-1.0
380.0
6.778284128346682
40.47121472676922
-1.7075401870791151
270.0
4.370000000000000000e+02 
4.360000000000000000e+02 
0.0
-1.0
-1.0
381.0
7.05957399142525
39.512579311446146
-1.5307116528620586
270.0
4.380000000000000000e+02 
4.370000000000000000e+02 
0.0
-1.0
-1.0
382.0
7.381794880842879
38.50053156831507
-1.4872536713121607
271.0
4.390000000000000000e+02 
4.380000000000000000e+02 
0.0
-1.0
-1.0
383.0
7.717768198900146
37.462203294514715
-1.4762878968040725
271.0
4.400000000000000000e+02 
4.390000000000000000e+02 
0.0
-1.0
-1.0
384.0
7.90725370184215
36.41924480193043
-1.6455006922716118
272.0
4.410000000000000000e+02 
4.400000000000000000e+02 
0.0
-1.0
-1.0
385.0
8.108101390620572
35.3512639623826
-1.6332680694457558
272.0
4.420000000000000000e+02 
4.410000000000000000e+02 
0.0
-1.0
-1.0
386.0
8.301034498450417
34.28781154308392
-1.6451223395025592
272.0
4.430000000000000000e+02 
4.420000000000000000e+02 
0.0
-1.0
-1.0
387.0
8.455728102897009
33.26412032544182
-1.6962245168535008
272.0
4.440000000000000000e+02 
4.430000000000000000e+02 
0.0
-1.0
-1.0
388.0
8.614795623007765
32.190992880002995
-1.6863358982967296
39.0
4.450000000000000000e+02 
4.440000000000000000e+02 
0.0
-1.0
-1.0
389.0
8.220837978229476
27.100903282270977
-1.6900767437404425
39.0
4.460000000000000000e+02 
4.450000000000000000e+02 
0.0
-1.0
-1.0
390.0
8.05003689946702
25.05290102316606
-1.8693928095580747
40.0
4.470000000000000000e+02 
4.460000000000000000e+02 
0.0
-1.0
-1.0
391.0
7.061222720107196
22.05442260869808
-2.008886549678129
203.0
4.480000000000000000e+02 
4.470000000000000000e+02 
0.0
-1.0
-1.0
392.0
6.834908001594416
21.0154013058726
-2.0929969202385643
41.0
4.490000000000000000e+02 
4.480000000000000000e+02 
0.0
-1.0
-1.0
393.0
5.027829368073384
17.80139694243681
-2.146334136141679
202.0
4.500000000000000000e+02 
4.490000000000000000e+02 
0.0
-1.0
-1.0
394.0
4.697226339165061
16.821722333933916
-2.2169645163468656
273.0
4.510000000000000000e+02 
4.500000000000000000e+02 
0.0
-1.0
-1.0
395.0
4.237382576702775
15.886841163888153
-2.341169329393331
273.0
4.520000000000000000e+02 
4.510000000000000000e+02 
0.0
-1.0
-1.0
396.0
3.785585576860651
15.083713246650554
-2.4339600923853935
273.0
4.530000000000000000e+02 
4.520000000000000000e+02 
0.0
-1.0
-1.0
397.0
3.347205621857679
14.342201798785176
-2.4783681798770143
201.0
4.540000000000000000e+02 
4.530000000000000000e+02 
0.0
-1.0
-1.0
398.0
2.8345668945836766
13.593083005170985
-2.5193254333678556
273.0
4.550000000000000000e+02 
4.540000000000000000e+02 
0.0
-1.0
-1.0
399.0
2.2670620639261427
12.790075307514456
-2.5084287931545566
42.0
4.560000000000000000e+02 
4.550000000000000000e+02 
0.0
-1.0
-1.0
400.0
1.7336109853145025
12.009001779914051
-2.5080368653778713
43.0
4.570000000000000000e+02 
4.560000000000000000e+02 
0.0
-1.0
-1.0
401.0
-1.2952011596707491
9.461178567553812
-2.5127316244375666
43.0
4.580000000000000000e+02 
4.570000000000000000e+02 
0.0
-1.0
-1.0
402.0
-2.657650056906436
8.062343567846147
-2.4878685233919984
273.0
4.590000000000000000e+02 
4.580000000000000000e+02 
0.0
-1.0
-1.0
403.0
-3.2433575760561286
7.257233745723985
-2.520917623158131
43.0
4.600000000000000000e+02 
4.590000000000000000e+02 
0.0
-1.0
-1.0
404.0
-3.793301940895001
6.585942761903549
-2.6137186133025776
45.0
4.610000000000000000e+02 
4.600000000000000000e+02 
0.0
-1.0
-1.0
405.0
-4.387431941106376
6.011097152193077
-2.7228831377267895
200.0
4.620000000000000000e+02 
4.610000000000000000e+02 
0.0
-1.0
-1.0
406.0
-5.150470660115506
5.431880382138175
-2.7778201284538984
200.0
4.630000000000000000e+02 
4.620000000000000000e+02 
0.0
-1.0
-1.0
407.0
-5.908992477884165
4.927292576963621
-2.840047026027187
200.0
4.640000000000000000e+02 
4.630000000000000000e+02 
0.0
-1.0
-1.0
408.0
-6.549688252936775
4.536280323042407
-2.9189144440932893
47.0
4.650000000000000000e+02 
4.640000000000000000e+02 
0.0
-1.0
-1.0
409.0
-7.2325266867455635
4.310675954445053
-3.092460615847135
274.0
4.660000000000000000e+02 4.670000000000000000e+02 
4.650000000000000000e+02 
0.0
-1.0
-1.0
410.0
-8.63233304701094
4.577053430190858
3.0761243194165058
274.0

4.660000000000000000e+02 
0.0
-1.0
-1.0
411.0
-9.262225560091853
3.845317782765078
-3.0234159356948904
49.0
4.690000000000000000e+02 
4.680000000000000000e+02 
0.0
-1.0
-1.0
412.0
-13.38376723680592
3.9153669958648583
2.9491056321910425
50.0
4.710000000000000000e+02 
4.700000000000000000e+02 
0.0
-1.0
-1.0
413.0
-15.377582162514
4.35856561191233
2.8811102171267873
51.0
4.720000000000000000e+02 
4.710000000000000000e+02 
0.0
-1.0
-1.0
414.0
-17.248082872501413
5.031560880232682
2.786000061343482
275.0
4.730000000000000000e+02 
4.720000000000000000e+02 
0.0
-1.0
-1.0
415.0
-19.887404112527854
6.584285612380538
2.4470430832333054
276.0
4.740000000000000000e+02 
4.730000000000000000e+02 
0.0
-1.0
-1.0
416.0
-20.39943129577543
7.3292234629923145
2.2114413899530536
277.0
4.750000000000000000e+02 
4.740000000000000000e+02 
0.0
-1.0
-1.0
417.0
-20.78525430903446
8.188090443314623
2.0468578622286717
278.0
4.760000000000000000e+02 
4.750000000000000000e+02 
0.0
-1.0
-1.0
418.0
-21.05451883677806
9.128758201566809
1.9142456543530553
1.0
4.770000000000000000e+02 
4.760000000000000000e+02 
0.0
-1.0
-1.0
419.0
-21.228731553703053
10.091585574559751
1.821770599300196
279.0
4.780000000000000000e+02 
4.770000000000000000e+02 
0.0
-1.0
-1.0
420.0
-21.324920074631674
12.044388160195325
1.6115783621952668
56.0
4.790000000000000000e+02 
4.780000000000000000e+02 
0.0
-1.0
-1.0
421.0
-21.46835761534478
15.621619364958965
1.7264754371888755
57.0
4.810000000000000000e+02 
4.800000000000000000e+02 
0.0
-1.0
-1.0
422.0
-21.52676773911755
18.237752663370728
1.6328086138344884
280.0
4.830000000000000000e+02 
4.820000000000000000e+02 
0.0
-1.0
-1.0
423.0
-21.228308431890063
21.094599749881414
1.2569704108795645
187.0
4.850000000000000000e+02 
4.840000000000000000e+02 
0.0
-1.0
-1.0
424.0
-20.93302046593017
22.012394955307812
1.2746122954469639
10.0
4.860000000000000000e+02 
4.850000000000000000e+02 
0.0
-1.0
-1.0
425.0
-19.329030163448024
25.532422957084513
1.1763881763049744
281.0
4.880000000000000000e+02 
4.870000000000000000e+02 
0.0
-1.0
-1.0
426.0
-18.800138499808046
26.642090838728294
1.1749287233542685
282.0
4.890000000000000000e+02 
4.880000000000000000e+02 
0.0
-1.0
-1.0
427.0
-18.186750363568713
27.64626632206239
1.064960224886002
283.0
4.900000000000000000e+02 
4.890000000000000000e+02 
0.0
-1.0
-1.0
428.0
-17.52484946755513
28.53187672718173
0.9651967876392088
284.0
4.910000000000000000e+02 
4.900000000000000000e+02 
0.0
-1.0
-1.0
429.0
-16.840619900023107
29.466897884316648
0.9737885356159733
285.0
4.920000000000000000e+02 
4.910000000000000000e+02 
0.0
-1.0
-1.0
430.0
-15.378240181996343
31.232457833971363
0.9910603623279186
286.0
4.940000000000000000e+02 
4.930000000000000000e+02 
0.0
-1.0
-1.0
431.0
-12.54589274944042
34.35769103906992
0.9765274954312214
287.0
4.960000000000000000e+02 
4.950000000000000000e+02 
0.0
-1.0
-1.0
432.0
-9.581496189289819
37.35058075307219
0.865345440952406
288.0
4.980000000000000000e+02 
4.970000000000000000e+02 
0.0
-1.0
-1.0
433.0
-7.959017657771394
38.90721509879392
0.7991514972569272
289.0
4.990000000000000000e+02 
4.980000000000000000e+02 
0.0
-1.0
-1.0
434.0
-6.970070172450529
39.52409089440887
0.6764536583026527
290.0
5.000000000000000000e+02 
4.990000000000000000e+02 
0.0
-1.0
-1.0
435.0
-3.9186720895599447
40.917533982369406
0.36890884949628144
291.0
5.010000000000000000e+02 
5.000000000000000000e+02 
0.0
-1.0
-1.0
436.0
0.9520450952553374
41.28315931270609
0.07494502148757233
292.0
5.030000000000000000e+02 
5.020000000000000000e+02 
0.0
-1.0
-1.0
437.0
5.418996644849389
40.92788510725704
-0.13280330748113245
293.0
5.040000000000000000e+02 
5.030000000000000000e+02 
0.0
-1.0
-1.0
438.0
7.43337285245324
40.654627477570074
-0.13899301856664137
294.0
5.050000000000000000e+02 
5.040000000000000000e+02 
0.0
-1.0
-1.0
439.0
9.651829692302055
40.38514446500912
-0.11259273785236017
295.0
5.060000000000000000e+02 
5.050000000000000000e+02 
0.0
-1.0
-1.0
440.0
10.724543419812568
40.238916861154294
-0.1350992637854785
296.0
5.070000000000000000e+02 
5.060000000000000000e+02 
0.0
-1.0
-1.0
441.0
11.263942635951796
40.16054654501444
-0.12755726240873408
297.0

5.070000000000000000e+02 
0.0
-1.0
-1.0
442
44.60147044140055
94.92603244656783
1.622105975784077
298
5.080000000000000000e+02 

0
-1
-1
443
44.16375781249839
94.20501427602665
-2.0002883972584575
299
5.090000000000000000e+02 
5.080000000000000000e+02 
0
-1
-1
444
43.98973658639722
93.79562754046404
-1.974616008127116
300
5.100000000000000000e+02 
5.090000000000000000e+02 
0
-1
-1
445
43.61670229648098
92.97026445816613
-1.995282205114452
301
5.110000000000000000e+02 
5.100000000000000000e+02 
0
-1
-1
446
43.61670229648098
92.97026445816613
-1.995282205114452
302
5.120000000000000000e+02 
5.110000000000000000e+02 
0
-1
-1
447
43.37761892879196
92.28343745119241
-1.9057760481731574
303
5.130000000000000000e+02 
5.120000000000000000e+02 
0
-1
-1
448
43.10132601609826
91.31039152477165
-1.8474607868837696
304
5.140000000000000000e+02 
5.130000000000000000e+02 
0
-1
-1
449
42.63743175039079
89.97500890677088
-1.9051412149486087
305
5.150000000000000000e+02 
5.140000000000000000e+02 
0
-1
-1
450
42.073467745042514
88.75028531243419
-2.0023333784003157
306
5.160000000000000000e+02 
5.150000000000000000e+02 
0
-1
-1
451
41.20268628773043
87.14881873815969
-2.0896913834595257
307
5.170000000000000000e+02 
5.160000000000000000e+02 
0
-1
-1
452
39.014269736986265
83.19834815018312
-2.1637305422979347
307
5.180000000000000000e+02 
5.170000000000000000e+02 
0
-1
-1
453
38.40322989353932
82.28727005735291
-2.1615707246171496
308
5.190000000000000000e+02 
5.180000000000000000e+02 
0
-1
-1
454
35.96254034403684
78.61841737834126
-2.1544727420082292
308
5.200000000000000000e+02 
5.190000000000000000e+02 
0
-1
-1
-
332.0
440.0
