0
-0.37018940134777006
-1.2718996835385807
1.358933139802513
0
0.000000000000000000e+00 6.410000000000000000e+02 
6.370000000000000000e+02 6.400000000000000000e+02 
0
-1
-1
1
-0.3484167434804318
-1.3172232232066825
2.3252625877987168
0
1.000000000000000000e+00 
0.000000000000000000e+00 
0
-1
-1
2
-0.3593820027147104
-1.3286115529830347
1.5881629931417787
0
2.000000000000000000e+00 6.380000000000000000e+02 
1.000000000000000000e+00 
0
-1
-1
3
-0.35095989288954565
-1.273413370644949
1.109775125872671
1
3.000000000000000000e+00 
2.000000000000000000e+00 2.920000000000000000e+02 7.150000000000000000e+02 
0
-1
-1
4
-0.37100115187908406
-1.2632879673585795
1.1106597556378324
1
4.000000000000000000e+00 
3.000000000000000000e+00 6.410000000000000000e+02 
0
-1
-1
5
-0.35788561740549263
-1.2324663111741274
1.1433529249655732
1
5.000000000000000000e+00 7.160000000000000000e+02 
4.000000000000000000e+00 
0
-1
-1
6
-0.3450012770689679
-1.2069693694073402
1.1463197262634934
1
6.000000000000000000e+00 
5.000000000000000000e+00 
0
-1
-1
7
-0.3437853702740955
-1.1981423036956018
1.1730273442558674
2
7.000000000000000000e+00 
6.000000000000000000e+00 7.160000000000000000e+02 
0
-1
-1
8
-0.33270050800681117
-1.166532123588485
1.2215915156771828
2
8.000000000000000000e+00 
7.000000000000000000e+00 
0
-1
-1
9
-0.3231370408584566
-1.1344226043038548
1.252761757549659
2
9.000000000000000000e+00 2.930000000000000000e+02 
8.000000000000000000e+00 
0
-1
-1
10
-0.3180338170893953
-1.1127921599197816
1.3204754589628043
3
1.000000000000000000e+01 
9.000000000000000000e+00 
0
-1
-1
11
-0.30876370710934725
-1.0735844420654028
1.376026366606975
3
1.100000000000000000e+01 2.960000000000000000e+02 6.430000000000000000e+02 
1.000000000000000000e+01 2.950000000000000000e+02 6.420000000000000000e+02 
0
-1
-1
12
-0.3079390316310746
-1.0541602871955753
1.3462102817151622
4
1.200000000000000000e+01 7.170000000000000000e+02 
1.100000000000000000e+01 
0
-1
-1
13
-0.30264648691936513
-1.0196916080559686
1.3599801514575436
5
1.300000000000000000e+01 7.190000000000000000e+02 
1.200000000000000000e+01 7.180000000000000000e+02 
0
-1
-1
14
-0.29737626180896515
-0.9877508768575545
1.3872512986719718
5
1.400000000000000000e+01 
1.300000000000000000e+01 
0
-1
-1
15
-0.29808307347182117
-0.9810807580370253
1.3967440449017394
6
1.500000000000000000e+01 
1.400000000000000000e+01 3.000000000000000000e+02 7.200000000000000000e+02 
0
-1
-1
16
-0.3005267152965523
-0.9464586497847072
1.4157441195175835
6
1.600000000000000000e+01 3.010000000000000000e+02 
1.500000000000000000e+01 
0
-1
-1
17
-0.29872762627225247
-0.9199152315927515
1.453817886925214
7
1.700000000000000000e+01 3.030000000000000000e+02 
1.600000000000000000e+01 3.020000000000000000e+02 
0
-1
-1
18
-0.2968588152659676
-0.9051933063746755
1.4805575555106434
7
1.800000000000000000e+01 
1.700000000000000000e+01 
0
-1
-1
19
-0.300115101962526
-0.8793552974856709
1.5107875717443773
8
1.900000000000000000e+01 
1.800000000000000000e+01 3.030000000000000000e+02 
0
-1
-1
20
-0.30382918583768315
-0.8437013558784296
1.554109426137318
8
2.000000000000000000e+01 3.040000000000000000e+02 
1.900000000000000000e+01 
0
-1
-1
21
-0.30289469954425785
-0.8159565291567741
1.6129194005958412
8
2.100000000000000000e+01 
2.000000000000000000e+01 
0
-1
-1
22
-0.3082398780726322
-0.8052202365348549
1.6179240832634956
9
2.200000000000000000e+01 
2.100000000000000000e+01 3.040000000000000000e+02 
0
-1
-1
23
-0.3154881907169727
-0.7696705014696119
1.6508663889136985
9
2.300000000000000000e+01 
2.200000000000000000e+01 
0
-1
-1
24
-0.32093981658935583
-0.7636827172499707
1.660343779299982
10
2.400000000000000000e+01 
2.300000000000000000e+01 
0
-1
-1
25
-0.3298381554791928
-0.7282125371851031
1.7021537104147142
10
2.500000000000000000e+01 
2.400000000000000000e+01 
0
-1
-1
26
-0.33684895253373404
-0.7126742337219562
1.7125436342944664
11
2.600000000000000000e+01 
2.500000000000000000e+01 
0
-1
-1
27
-0.3481054669325579
-0.6776406902190272
1.7858110007644699
11
2.700000000000000000e+01 3.050000000000000000e+02 
2.600000000000000000e+01 
0
-1
-1
28
-0.35490919335396764
-0.6477881853315066
1.8613772636102146
11
2.800000000000000000e+01 
2.700000000000000000e+01 
0
-1
-1
29
-0.36133368950487543
-0.6421640737974434
1.8709986631286588
12
2.900000000000000000e+01 
2.800000000000000000e+01 3.050000000000000000e+02 
0
-1
-1
30
-0.37717216632343065
-0.6083838813322486
1.8989932484389804
12
3.000000000000000000e+01 
2.900000000000000000e+01 
0
-1
-1
31
-0.3934536522133384
-0.5745554632798588
1.9033584677737858
12
3.100000000000000000e+01 
3.000000000000000000e+01 
0
-1
-1
32
-0.4033258590898719
-0.5596873218037436
1.9042917727275421
13
3.200000000000000000e+01 
3.100000000000000000e+01 
0
-1
-1
33
-0.41970703548507227
-0.5260816448334493
1.9017406196457036
13
3.300000000000000000e+01 3.060000000000000000e+02 
3.200000000000000000e+01 
0
-1
-1
34
-0.4343171939167588
-0.4883968719271082
1.899172902881007
14
3.400000000000000000e+01 
3.300000000000000000e+01 3.070000000000000000e+02 
0
-1
-1
35
-0.45019532328649614
-0.4590142942315203
1.8863178089428594
14
3.500000000000000000e+01 
3.400000000000000000e+01 
0
-1
-1
36
-0.46124768907534025
-0.43918667810541945
1.87686619570212
15
3.600000000000000000e+01 
3.500000000000000000e+01 
0
-1
-1
37
-0.47614162730065834
-0.40538624566659154
1.8516708843903609
15
3.700000000000000000e+01 
3.600000000000000000e+01 
0
-1
-1
38
-0.48381269573897934
-0.3952209521087098
1.8465793757365603
16
3.800000000000000000e+01 4.130000000000000000e+02 
3.700000000000000000e+01 4.120000000000000000e+02 
0
-1
-1
39
-0.4860566553785728
-0.39447479244427736
2.2662905271160927
16
3.900000000000000000e+01 3.080000000000000000e+02 
3.800000000000000000e+01 
0
-1
-1
40
-0.507956720106062
-0.36428474366573943
2.2578708198008717
17
4.000000000000000000e+01 4.140000000000000000e+02 
3.900000000000000000e+01 3.090000000000000000e+02 4.130000000000000000e+02 
0
-1
-1
41
-0.5126393487227892
-0.351456668456567
2.197867692873877
17
4.100000000000000000e+01 3.100000000000000000e+02 
4.000000000000000000e+01 
0
-1
-1
42
-0.5187106859127009
-0.34152540707841145
2.227696888914849
18
4.200000000000000000e+01 
4.100000000000000000e+01 
0
-1
-1
43
-0.5386651362473898
-0.3139384498461959
2.2309620991563257
19
4.300000000000000000e+01 
4.200000000000000000e+01 
0
-1
-1
44
-0.5554761759793958
-0.2903863735223188
2.2307294554290413
20
4.400000000000000000e+01 
4.300000000000000000e+01 
0
-1
-1
45
-0.5695665599481763
-0.26875242474818084
2.1859484812838303
21
4.500000000000000000e+01 
4.400000000000000000e+01 
0
-1
-1
46
-0.582497011756421
-0.24827315702426048
2.182218712302009
22
4.600000000000000000e+01 
4.500000000000000000e+01 
0
-1
-1
47
-0.5928017115127506
-0.23208312338541293
2.20558969628394
23
4.700000000000000000e+01 
4.600000000000000000e+01 
0
-1
-1
48
-0.6031751938213507
-0.21608713455254927
2.2071109934061033
24
4.800000000000000000e+01 
4.700000000000000000e+01 
0
-1
-1
49
-0.613493697400449
-0.20007038594140672
2.204282176348495
25
4.900000000000000000e+01 
4.800000000000000000e+01 
0
-1
-1
50
-0.6208258201350926
-0.18796008841738704
2.1944528303942086
26
5.000000000000000000e+01 
4.900000000000000000e+01 
0
-1
-1
51
-0.630662328530154
-0.17169929577119825
2.1723725535030862
27
5.100000000000000000e+01 
5.000000000000000000e+01 
0
-1
-1
52
-0.6400140005611016
-0.1550123704509471
2.1284409563613744
28
5.200000000000000000e+01 
5.100000000000000000e+01 
0
-1
-1
53
-0.648788155263791
-0.13792335491070673
2.098507662409305
29
5.300000000000000000e+01 
5.200000000000000000e+01 
0
-1
-1
54
-0.6546505113024106
-0.12499922562915569
2.0833723078485473
30
5.400000000000000000e+01 
5.300000000000000000e+01 
0
-1
-1
55
-0.6602916412917698
-0.11202721602683258
2.0682845416314355
31
5.500000000000000000e+01 
5.400000000000000000e+01 
0
-1
-1
56
-0.6657328968790296
-0.09890888358124925
2.0549440254338913
32
5.600000000000000000e+01 
5.500000000000000000e+01 
0
-1
-1
57
-0.6710081049471083
-0.08577882524874719
2.0398504336138883
33
5.700000000000000000e+01 
5.600000000000000000e+01 
0
-1
-1
58
-0.6761589494383925
-0.07254735467530347
2.036953453157296
34
5.800000000000000000e+01 
5.700000000000000000e+01 
0
-1
-1
59
-0.6790619864845724
-0.06368884648237291
2.0332027836128734
35
5.900000000000000000e+01 
5.800000000000000000e+01 
0
-1
-1
60
-0.6818322717050744
-0.05500625574912449
2.03119813701813
36
6.000000000000000000e+01 
5.900000000000000000e+01 
0
-1
-1
61
-0.6825073117567124
-0.050493694645561006
2.0300392378177046
37
6.100000000000000000e+01 
6.000000000000000000e+01 
0
-1
-1
62
-0.6834620760582633
-0.04547007661177291
2.1780758227758428
38
6.200000000000000000e+01 
6.100000000000000000e+01 
0
-1
-1
63
-0.6818364046210703
-0.0455468565931051
2.2711576408844816
39
6.300000000000000000e+01 
6.200000000000000000e+01 
0
-1
-1
64
-0.6801956767192976
-0.04563504321887149
2.366834453268352
40
6.400000000000000000e+01 
6.300000000000000000e+01 
0
-1
-1
65
-0.678502289681761
-0.04576775166460924
2.5113560330884477
41
6.500000000000000000e+01 
6.400000000000000000e+01 
0
-1
-1
66
-0.6769145055862249
-0.045823740393604186
2.6567721654450906
42
6.600000000000000000e+01 
6.500000000000000000e+01 
0
-1
-1
67
-0.6751821680768773
-0.045966903776668955
2.7532826472817526
43
6.700000000000000000e+01 
6.600000000000000000e+01 
0
-1
-1
68
-0.6734801232642484
-0.04610235795057461
2.8471872872906854
44
6.800000000000000000e+01 
6.700000000000000000e+01 
0
-1
-1
69
-0.6718104558304592
-0.04623681925198213
2.9899859058213014
45
6.900000000000000000e+01 
6.800000000000000000e+01 
0
-1
-1
70
-0.670075719676712
-0.046392096685377825
-2.9070069723874217
45
7.000000000000000000e+01 
6.900000000000000000e+01 
0
-1
-1
71
-0.6682768650149266
-0.04654420338075377
-2.810520889572251
46
7.100000000000000000e+01 
7.000000000000000000e+01 
0
-1
-1
72
-0.6665551810664316
-0.04674212656277804
-2.7148912981018896
47
7.200000000000000000e+01 
7.100000000000000000e+01 
0
-1
-1
73
-0.6647284298760526
-0.04690497910450073
-2.6184183318317764
48
7.300000000000000000e+01 
7.200000000000000000e+01 
0
-1
-1
74
-0.6628472871533166
-0.047045326177890374
-2.5210521133508825
49
7.400000000000000000e+01 
7.300000000000000000e+01 
0
-1
-1
75
-0.6610308629207374
-0.04725470752966884
-2.426292754042672
50
7.500000000000000000e+01 
7.400000000000000000e+01 
0
-1
-1
76
-0.659270124022091
-0.04754386228956922
-2.3804403541396084
51
7.600000000000000000e+01 
7.500000000000000000e+01 
0
-1
-1
77
-0.6574205656130587
-0.04777441016455014
-2.2848450027711267
52
7.700000000000000000e+01 
7.600000000000000000e+01 
0
-1
-1
78
-0.6555543923813981
-0.04801543673890388
-2.1884067780050946
53
7.800000000000000000e+01 
7.700000000000000000e+01 
0
-1
-1
79
-0.6536715892298393
-0.048266871112975916
-2.0910757468828938
54
7.900000000000000000e+01 
7.800000000000000000e+01 
0
-1
-1
80
-0.6517721535481855
-0.04852864136825228
-1.9946519654483739
55
8.000000000000000000e+01 
7.900000000000000000e+01 
0
-1
-1
81
-0.6556440246669306
-0.06274612504381771
-1.953185478771038
56
8.100000000000000000e+01 
8.000000000000000000e+01 
0
-1
-1
82
-0.6557552999756948
-0.06840293030088881
-1.762576320963921
57
8.200000000000000000e+01 
8.100000000000000000e+01 
0
-1
-1
83
-0.6548545440911386
-0.08295579711219811
-1.6364745151967468
58
8.300000000000000000e+01 
8.200000000000000000e+01 
0
-1
-1
84
-0.6548949409182889
-0.10660747382938798
-1.7189300737050452
57
8.400000000000000000e+01 
8.300000000000000000e+01 
0
-1
-1
85
-0.6575601259261853
-0.12661318522337445
-1.859842997795992
56
8.500000000000000000e+01 
8.400000000000000000e+01 
0
-1
-1
86
-0.6601208958125906
-0.1395842431608212
-1.9545132778519012
59
8.600000000000000000e+01 
8.500000000000000000e+01 
0
-1
-1
87
-0.662257034199633
-0.14901254645104986
-2.0256408933323145
60
8.700000000000000000e+01 
8.600000000000000000e+01 
0
-1
-1
88
-0.6667173988928862
-0.16101613272036397
-2.1142258127757834
61
8.800000000000000000e+01 
8.700000000000000000e+01 
0
-1
-1
89
-0.6744085784786613
-0.1754154218102062
-2.225517993802492
62
8.900000000000000000e+01 
8.800000000000000000e+01 
0
-1
-1
90
-0.6834357175908563
-0.18831975801761897
-2.3446173831189947
63
9.000000000000000000e+01 
8.900000000000000000e+01 
0
-1
-1
91
-0.6912734593436776
-0.19777507013383253
-2.4358239165263584
64
9.100000000000000000e+01 
9.000000000000000000e+01 
0
-1
-1
92
-0.7163658861618853
-0.21762781218163152
-2.537537518933118
64
9.200000000000000000e+01 
9.100000000000000000e+01 
0
-1
-1
93
-0.7238115033651287
-0.2242387731487857
-2.5947581043744985
65
9.300000000000000000e+01 
9.200000000000000000e+01 
0
-1
-1
94
-0.7365276694542771
-0.232396489392172
-2.707835576039395
66
9.400000000000000000e+01 
9.300000000000000000e+01 
0
-1
-1
95
-0.7634726814876006
-0.244384465251913
-2.775519826306681
67
9.500000000000000000e+01 
9.400000000000000000e+01 
0
-1
-1
96
-0.7822437026103237
-0.2510726930499029
-2.8912607367924066
68
9.600000000000000000e+01 
9.500000000000000000e+01 
0
-1
-1
97
-0.8106776094029688
-0.25822501966703215
-3.0034581784095034
69
9.700000000000000000e+01 
9.600000000000000000e+01 
0
-1
-1
98
-0.8415656754505254
-0.2616667909322443
-3.092162011441622
69
9.800000000000000000e+01 3.230000000000000000e+02 
9.700000000000000000e+01 3.220000000000000000e+02 
0
-1
-1
99
-0.8789971488976597
-0.2682375488174785
-3.0235055845149725
70
9.900000000000000000e+01 
9.800000000000000000e+01 
0
-1
-1
100
-0.9178551911812307
-0.27309271782917943
-2.9850158652454435
70
1.000000000000000000e+02 
9.900000000000000000e+01 3.240000000000000000e+02 4.230000000000000000e+02 
0
-1
-1
101
-0.952659162827576
-0.26784391222719905
-3.10653163500137
70
1.010000000000000000e+02 
1.000000000000000000e+02 
0
-1
-1
102
-0.96448769055809
-0.26673066243230603
-3.0992342036740963
71
1.020000000000000000e+02 
1.010000000000000000e+02 
0
-1
-1
103
-1.0012987115142895
-0.2654797055685417
-3.1224975770138323
71
1.030000000000000000e+02 
1.020000000000000000e+02 
0
-1
-1
104
-1.0380343439490134
-0.2635052509613529
-3.141372575340999
71
1.040000000000000000e+02 3.250000000000000000e+02 
1.030000000000000000e+02 
0
-1
-1
105
-1.0683509324781664
-0.26216974261461456
3.1136111559614092
72
1.050000000000000000e+02 
1.040000000000000000e+02 3.260000000000000000e+02 
0
-1
-1
106
-1.1007305315599973
-0.2588182075610693
3.1093698859901706
72
1.060000000000000000e+02 
1.050000000000000000e+02 
0
-1
-1
107
-1.1372338690673662
-0.2553155641418246
3.103544428557232
72
1.070000000000000000e+02 
1.060000000000000000e+02 
0
-1
-1
108
-1.168914370122696
-0.25190059760613254
3.0994044610570293
73
1.080000000000000000e+02 
1.070000000000000000e+02 
0
-1
-1
109
-1.205304659743636
-0.24800687247450973
3.093549213983552
73
1.090000000000000000e+02 
1.080000000000000000e+02 
0
-1
-1
110
-1.2418797180137005
-0.2441393891605138
3.0964279253052487
73
1.100000000000000000e+02 3.270000000000000000e+02 
1.090000000000000000e+02 
0
-1
-1
111
-1.2781075429221571
-0.2416156716900934
3.0884283999655393
74
1.110000000000000000e+02 
1.100000000000000000e+02 3.280000000000000000e+02 
0
-1
-1
112
-1.3114552336792893
-0.2354621331707692
3.0420469456867543
74
1.120000000000000000e+02 
1.110000000000000000e+02 
0
-1
-1
113
-1.347738602550944
-0.23033857150354245
3.0718577968015257
74
1.130000000000000000e+02 3.290000000000000000e+02 
1.120000000000000000e+02 
0
-1
-1
114
-1.373531273770658
-0.22980317741528916
3.097612030233652
75
1.140000000000000000e+02 
1.130000000000000000e+02 
0
-1
-1
115
-1.4118274100304213
-0.22826585982864211
-3.1341931178124884
75
1.150000000000000000e+02 4.260000000000000000e+02 
1.140000000000000000e+02 4.250000000000000000e+02 
0
-1
-1
116
-1.4597611501838657
-0.2276835111771119
-3.1234668000150547
76
1.160000000000000000e+02 4.280000000000000000e+02 
1.150000000000000000e+02 4.270000000000000000e+02 
0
-1
-1
117
-1.481340725303595
-0.22959828599938384
-3.0788291053505596
77
1.170000000000000000e+02 4.300000000000000000e+02 
1.160000000000000000e+02 4.290000000000000000e+02 
0
-1
-1
118
-1.5013095336560256
-0.23182936184539987
-3.0367135681156685
78
1.180000000000000000e+02 
1.170000000000000000e+02 4.310000000000000000e+02 
0
-1
-1
119
-1.5063052974492899
-0.2323052505907715
-2.8778274396681716
79
1.190000000000000000e+02 
1.180000000000000000e+02 
0
-1
-1
120
-1.529573480810489
-0.24064903304072466
-2.765563035160526
80
1.200000000000000000e+02 
1.190000000000000000e+02 
0
-1
-1
121
-1.54369296174371
-0.24639986014283136
-2.733568668353369
81
1.210000000000000000e+02 
1.200000000000000000e+02 
0
-1
-1
122
-1.5586557500524234
-0.25315285006004695
-2.6483446493510647
82
1.220000000000000000e+02 
1.210000000000000000e+02 
0
-1
-1
123
-1.5586173067425566
-0.25298883186799437
-2.5064912823282337
83
1.230000000000000000e+02 4.320000000000000000e+02 
1.220000000000000000e+02 
0
-1
-1
124
-1.5672637499747304
-0.2595471150644236
-2.4512608101991944
83
1.240000000000000000e+02 
1.230000000000000000e+02 
0
-1
-1
125
-1.5824989760019155
-0.2729717209270852
-2.399298840655473
84
1.250000000000000000e+02 
1.240000000000000000e+02 4.320000000000000000e+02 
0
-1
-1
126
-1.6070968714246887
-0.29725836451691456
-2.3212080025273623
84
1.260000000000000000e+02 
1.250000000000000000e+02 
0
-1
-1
127
-1.6295896046614726
-0.3233921754821402
-2.2422385765557435
85
1.270000000000000000e+02 
1.260000000000000000e+02 
0
-1
-1
128
-1.6502268733663819
-0.3515269799853379
-2.1641908377646675
85
1.280000000000000000e+02 4.330000000000000000e+02 
1.270000000000000000e+02 
0
-1
-1
129
-1.6700153964458058
-0.38407743114093196
-2.075983183991282
86
1.290000000000000000e+02 3.430000000000000000e+02 
1.280000000000000000e+02 3.420000000000000000e+02 4.340000000000000000e+02 
0
-1
-1
130
-1.6791499420612552
-0.3968089611650331
-1.9770424305456928
86
1.300000000000000000e+02 
1.290000000000000000e+02 
0
-1
-1
131
-1.6912703278796317
-0.4223769493982188
-1.9035097241379841
86
1.310000000000000000e+02 
1.300000000000000000e+02 
0
-1
-1
132
-1.6947705960582344
-0.4301683120506581
-1.8736497811809663
87
1.320000000000000000e+02 3.460000000000000000e+02 
1.310000000000000000e+02 
0
-1
-1
133
-1.6935580278603568
-0.44355305668667533
-1.8661696716634275
88
1.330000000000000000e+02 
1.320000000000000000e+02 3.450000000000000000e+02 
0
-1
-1
134
-1.7071689991467929
-0.4783538930761584
-1.8413391526266012
88
1.340000000000000000e+02 
1.330000000000000000e+02 4.350000000000000000e+02 
0
-1
-1
135
-1.7185214207238086
-0.4919060400122156
-1.8963898507746122
89
1.350000000000000000e+02 4.360000000000000000e+02 
1.340000000000000000e+02 
0
-1
-1
136
-1.7356075162298885
-0.5347516427549517
-1.9491660196725629
90
1.360000000000000000e+02 4.380000000000000000e+02 
1.350000000000000000e+02 4.370000000000000000e+02 
0
-1
-1
137
-1.7471302017860895
-0.5554886430382924
-2.0222015864764775
91
1.370000000000000000e+02 
1.360000000000000000e+02 4.390000000000000000e+02 
0
-1
-1
138
-1.764710323665157
-0.5860607763241716
-2.0475848090500928
91
1.380000000000000000e+02 
1.370000000000000000e+02 
0
-1
-1
139
-1.7691347089919143
-0.5896987260224649
-2.0445372721711768
92
1.390000000000000000e+02 
1.380000000000000000e+02 
0
-1
-1
140
-1.7868633989295528
-0.6199684970939907
-2.0354667201386625
93
1.400000000000000000e+02 
1.390000000000000000e+02 
0
-1
-1
141
-1.8023386719053813
-0.6458522677500769
-2.0368237952066113
94
1.410000000000000000e+02 
1.400000000000000000e+02 
0
-1
-1
142
-1.818128603323225
-0.6716534228373008
-2.05120913420807
95
1.420000000000000000e+02 4.400000000000000000e+02 
1.410000000000000000e+02 
0
-1
-1
143
-1.837187254194606
-0.7047013362174992
-2.082932646379791
96
1.430000000000000000e+02 
1.420000000000000000e+02 4.410000000000000000e+02 
0
-1
-1
144
-1.85124025087251
-0.723821579292645
-2.09412784467281
97
1.440000000000000000e+02 
1.430000000000000000e+02 
0
-1
-1
145
-1.8710632108287528
-0.7527270910909751
-2.114779336534402
98
1.450000000000000000e+02 
1.440000000000000000e+02 
0
-1
-1
146
-1.8836730914744289
-0.7687181819744753
-2.132911351033901
99
1.460000000000000000e+02 
1.450000000000000000e+02 
0
-1
-1
147
-1.896357460247215
-0.7843852735289711
-2.1440744920747963
100
1.470000000000000000e+02 4.420000000000000000e+02 
1.460000000000000000e+02 
0
-1
-1
148
-1.9116751823992493
-0.8061110676521258
-2.1636080743117536
101
1.480000000000000000e+02 
1.470000000000000000e+02 4.430000000000000000e+02 
0
-1
-1
149
-1.9323174323491008
-0.83073949930297
-2.1855277275648333
102
1.490000000000000000e+02 
1.480000000000000000e+02 
0
-1
-1
150
-1.948800563456651
-0.8498237143726177
-2.1994183042721547
103
1.500000000000000000e+02 4.440000000000000000e+02 
1.490000000000000000e+02 
0
-1
-1
151
-1.9671628728471922
-0.8733245854525358
-2.2124167346895987
104
1.510000000000000000e+02 4.460000000000000000e+02 
1.500000000000000000e+02 4.450000000000000000e+02 
0
-1
-1
152
-1.9863368261262506
-0.8962100319264845
-2.2233867390893747
105
1.520000000000000000e+02 
1.510000000000000000e+02 4.470000000000000000e+02 
0
-1
-1
153
-2.004254254732484
-0.9140528056403854
-2.23567176056352
106
1.530000000000000000e+02 
1.520000000000000000e+02 
0
-1
-1
154
-2.0277886463436543
-0.9400722696801802
-2.2410630882679303
106
1.540000000000000000e+02 
1.530000000000000000e+02 
0
-1
-1
155
-2.0329985272048434
-0.9426698979529268
-2.242989483659348
107
1.550000000000000000e+02 4.480000000000000000e+02 
1.540000000000000000e+02 5.220000000000000000e+02 
0
-1
-1
156
-2.0551794452029624
-0.9706027572183524
-2.2179811899533557
108
1.560000000000000000e+02 4.500000000000000000e+02 
1.550000000000000000e+02 4.490000000000000000e+02 
0
-1
-1
157
-2.073656484668764
-0.9924587479768079
-2.197944406723497
109
1.570000000000000000e+02 
1.560000000000000000e+02 4.510000000000000000e+02 
0
-1
-1
158
-2.0929693404037817
-1.0140900602954144
-2.1341771981710136
110
1.580000000000000000e+02 4.520000000000000000e+02 
1.570000000000000000e+02 
0
-1
-1
159
-2.11123161083757
-1.04090678225963
-2.1219850534585087
111
1.590000000000000000e+02 
1.580000000000000000e+02 4.530000000000000000e+02 
0
-1
-1
160
-2.12996267083481
-1.0650506518644791
-2.077373788453014
111
1.600000000000000000e+02 
1.590000000000000000e+02 
0
-1
-1
161
-2.133070286906844
-1.0665104261179232
-2.0468227142233943
112
1.610000000000000000e+02 
1.600000000000000000e+02 
0
-1
-1
162
-2.150225987513985
-1.0942601923455757
-2.003258985724504
112
1.620000000000000000e+02 
1.610000000000000000e+02 
0
-1
-1
163
-2.152989827573977
-1.095745199833763
-1.9727829593390394
113
1.630000000000000000e+02 4.540000000000000000e+02 
1.620000000000000000e+02 
0
-1
-1
164
-2.1663334696047816
-1.1252076947122176
-1.9428573799036521
114
1.640000000000000000e+02 5.230000000000000000e+02 
1.630000000000000000e+02 4.550000000000000000e+02 
0
-1
-1
165
-2.1753094779441033
-1.146924975933783
-1.9178760371815078
115
1.650000000000000000e+02 4.560000000000000000e+02 
1.640000000000000000e+02 
0
-1
-1
166
-2.186639148778168
-1.1783556547254253
-1.845259272113455
116
1.660000000000000000e+02 5.260000000000000000e+02 
1.650000000000000000e+02 5.250000000000000000e+02 
0
-1
-1
167
-2.1935647261268274
-1.1899793147758693
-1.8596897062244853
117
1.670000000000000000e+02 
1.660000000000000000e+02 
0
-1
-1
168
-2.2013064516892227
-1.212023306706883
-1.8263332118177875
118
1.680000000000000000e+02 
1.670000000000000000e+02 
0
-1
-1
169
-2.2062479959700054
-1.2244557482604432
-1.8087650724134094
119
1.690000000000000000e+02 
1.680000000000000000e+02 
0
-1
-1
170
-2.2091007430283325
-1.2279262731170895
-1.65423535424345
120
1.700000000000000000e+02 
1.690000000000000000e+02 
0
-1
-1
171
-2.210802245976394
-1.2406655467239533
-1.5878941081483857
121
1.710000000000000000e+02 
1.700000000000000000e+02 
0
-1
-1
172
-2.212383246868585
-1.2484000518011116
-1.5799913689958915
122
1.720000000000000000e+02 
1.710000000000000000e+02 
0
-1
-1
173
-2.21392231547071
-1.2560793990664822
-1.5738771551085162
123
1.730000000000000000e+02 
1.720000000000000000e+02 
0
-1
-1
174
-2.21488877720706
-1.2738398291074216
-1.5364014677011064
124
1.740000000000000000e+02 
1.730000000000000000e+02 
0
-1
-1
175
-2.2162102269924375
-1.2774970159055243
-1.376764290328866
125
1.750000000000000000e+02 
1.740000000000000000e+02 5.350000000000000000e+02 
0
-1
-1
176
-2.2087967602694105
-1.3008343478466338
-1.2482597556666035
126
1.760000000000000000e+02 
1.750000000000000000e+02 
0
-1
-1
177
-2.1983936078316884
-1.3270528228497838
-1.174571437942904
126
1.770000000000000000e+02 
1.760000000000000000e+02 
0
-1
-1
178
-2.18579130255508
-1.352261817871688
-1.1113713443058981
127
1.780000000000000000e+02 
1.770000000000000000e+02 
0
-1
-1
179
-2.1711978995587264
-1.3767287503550771
-1.0525093462097217
127
1.790000000000000000e+02 5.360000000000000000e+02 
1.780000000000000000e+02 
0
-1
-1
180
-2.1645889241951384
-1.3886937622968807
-1.0275650856168261
127
1.800000000000000000e+02 
1.790000000000000000e+02 
0
-1
-1
181
-2.1614864642274076
-1.3910470513859008
-1.0220792056818415
128
1.810000000000000000e+02 
1.800000000000000000e+02 5.360000000000000000e+02 
0
-1
-1
182
-2.1448309440924342
-1.4138717480630851
-0.9851811013418327
128
1.820000000000000000e+02 
1.810000000000000000e+02 
0
-1
-1
183
-2.1273307228115548
-1.4363758266180044
-0.9701705510885278
128
1.830000000000000000e+02 
1.820000000000000000e+02 
0
-1
-1
184
-2.1153471300319
-1.450419573766772
-0.9665973079221244
129
1.840000000000000000e+02 
1.830000000000000000e+02 
0
-1
-1
185
-2.0977216909324152
-1.47223678110046
-0.9560610984980542
129
1.850000000000000000e+02 
1.840000000000000000e+02 
0
-1
-1
186
-2.079702549366136
-1.4939010031097508
-0.9473116222997545
129
1.860000000000000000e+02 
1.850000000000000000e+02 
0
-1
-1
187
-2.0791260363944284
-1.4915349496954264
-0.9507985508387649
130
1.870000000000000000e+02 
1.860000000000000000e+02 
0
-1
-1
188
-2.060800169267761
-1.5131151089954362
-0.9455215268834747
130
1.880000000000000000e+02 5.370000000000000000e+02 
1.870000000000000000e+02 
0
-1
-1
189
-2.0353896439800505
-1.54674070697495
-0.9260234051151298
130
1.890000000000000000e+02 
1.880000000000000000e+02 
0
-1
-1
190
-2.0311797832247662
-1.550321594519149
-0.9220146814392768
131
1.900000000000000000e+02 
1.890000000000000000e+02 5.380000000000000000e+02 
0
-1
-1
191
-2.0165539635580183
-1.56526907069552
-0.9402698830833993
131
1.910000000000000000e+02 5.390000000000000000e+02 
1.900000000000000000e+02 
0
-1
-1
192
-1.9991346562963752
-1.5901393487185906
-0.94453943231243
131
1.920000000000000000e+02 
1.910000000000000000e+02 
0
-1
-1
193
-1.9987205777423829
-1.5874648611232787
-0.9508752956376568
132
1.930000000000000000e+02 
1.920000000000000000e+02 5.390000000000000000e+02 
0
-1
-1
194
-1.9808177754245664
-1.608745953580657
-0.950295355985233
132
1.940000000000000000e+02 
1.930000000000000000e+02 
0
-1
-1
195
-1.9627392879537395
-1.6299733222596973
-0.9409490162262388
132
1.950000000000000000e+02 
1.940000000000000000e+02 
0
-1
-1
196
-1.9623641133062657
-1.6271829311744084
-0.9473856471971485
133
1.960000000000000000e+02 5.400000000000000000e+02 
1.950000000000000000e+02 6.080000000000000000e+02 
0
-1
-1
197
-1.9470812285538783
-1.6582968797967976
-0.9119965052223364
133
1.970000000000000000e+02 
1.960000000000000000e+02 
0
-1
-1
198
-1.942014197395514
-1.6683320247400188
-0.9002450222655598
134
1.980000000000000000e+02 
1.970000000000000000e+02 
0
-1
-1
199
-1.924307037272167
-1.6936934914948456
-0.8797764320082998
135
1.990000000000000000e+02 
1.980000000000000000e+02 
0
-1
-1
200
-1.9060685385221294
-1.7185053722344397
-0.8531904776451994
136
2.000000000000000000e+02 
1.990000000000000000e+02 
0
-1
-1
201
-1.8972426818675698
-1.7313843616195392
-0.8362368703208898
137
2.010000000000000000e+02 
2.000000000000000000e+02 
0
-1
-1
202
-1.891307311107235
-1.7405608126463639
-0.8175652891671277
138
2.020000000000000000e+02 
2.010000000000000000e+02 
0
-1
-1
203
-1.8817470513363683
-1.7529362236743244
-0.7840753813747044
139
2.030000000000000000e+02 
2.020000000000000000e+02 
0
-1
-1
204
-1.8789653629764609
-1.757903301827254
-0.7672167623001415
140
2.040000000000000000e+02 
2.030000000000000000e+02 
0
-1
-1
205
-1.8794838202890252
-1.7595473022491612
-0.607239015607125
141
2.050000000000000000e+02 
2.040000000000000000e+02 
0
-1
-1
206
-1.8659652151938055
-1.7672100727434703
-0.47259169344265717
142
2.060000000000000000e+02 
2.050000000000000000e+02 
0
-1
-1
207
-1.8523697257440674
-1.7738872273519202
-0.430524316647841
143
2.070000000000000000e+02 
2.060000000000000000e+02 
0
-1
-1
208
-1.851309247764072
-1.7742466116372384
-0.21653637500321427
144
2.080000000000000000e+02 
2.070000000000000000e+02 
0
-1
-1
209
-1.821574402845656
-1.7783602443805737
-0.13957732750852994
145
2.090000000000000000e+02 
2.080000000000000000e+02 
0
-1
-1
210
-1.7998118596197268
-1.7790954772697434
0.027153397303151187
146
2.100000000000000000e+02 
2.090000000000000000e+02 
0
-1
-1
211
-1.7894646595711534
-1.7749168119312937
0.1625064010172078
147
2.110000000000000000e+02 
2.100000000000000000e+02 
0
-1
-1
212
-1.759967973448893
-1.765806497334483
0.24543231495520873
147
2.120000000000000000e+02 
2.110000000000000000e+02 
0
-1
-1
213
-1.7311534841098584
-1.7540286138901326
0.32303179975886276
148
2.130000000000000000e+02 
2.120000000000000000e+02 
0
-1
-1
214
-1.7030312402697032
-1.7394801799106796
0.42340554494037996
148
2.140000000000000000e+02 
2.130000000000000000e+02 
0
-1
-1
215
-1.689681206962226
-1.7285510692689212
0.4897042683994797
149
2.150000000000000000e+02 
2.140000000000000000e+02 
0
-1
-1
216
-1.6641244079507358
-1.7092098544031187
0.5507287159073069
149
2.160000000000000000e+02 
2.150000000000000000e+02 
0
-1
-1
217
-1.6390820915025315
-1.6890177525282066
0.5593796605575392
149
2.170000000000000000e+02 
2.160000000000000000e+02 
0
-1
-1
218
-1.613874340151006
-1.6686437334309314
0.5505579021849996
149
2.180000000000000000e+02 
2.170000000000000000e+02 
0
-1
-1
219
-1.5886499894318438
-1.6488094617853633
0.5338642667521116
149
2.190000000000000000e+02 
2.180000000000000000e+02 
0
-1
-1
220
-1.5845056612390134
-1.6416859856321673
0.5223496057035686
150
2.200000000000000000e+02 
2.190000000000000000e+02 
0
-1
-1
221
-1.5586533046284707
-1.6229158345250843
0.4899147952896214
150
2.210000000000000000e+02 
2.200000000000000000e+02 
0
-1
-1
222
-1.5322425840934388
-1.6051376453884982
0.4557107358584179
150
2.220000000000000000e+02 
2.210000000000000000e+02 
0
-1
-1
223
-1.5054644046715702
-1.5883835758106153
0.43373835111787196
151
2.230000000000000000e+02 6.150000000000000000e+02 
2.220000000000000000e+02 5.590000000000000000e+02 6.140000000000000000e+02 
0
-1
-1
224
-1.4842303230128806
-1.5726609380726422
0.43418216161239576
151
2.240000000000000000e+02 5.600000000000000000e+02 
2.230000000000000000e+02 
0
-1
-1
225
-1.4704535591924868
-1.567943225884827
0.43623598271944664
151
2.250000000000000000e+02 
2.240000000000000000e+02 
0
-1
-1
226
-1.4619859597296174
-1.5590679284549827
0.4380800334251108
152
2.260000000000000000e+02 
2.250000000000000000e+02 5.600000000000000000e+02 6.160000000000000000e+02 
0
-1
-1
227
-1.431868210338858
-1.5329174028275188
0.4526005689281596
152
2.270000000000000000e+02 
2.260000000000000000e+02 
0
-1
-1
228
-1.406222405906929
-1.5127171275215612
0.4428662635631999
152
2.280000000000000000e+02 
2.270000000000000000e+02 
0
-1
-1
229
-1.3922841133861565
-1.4976167019722346
0.4156740280407066
153
2.290000000000000000e+02 
2.280000000000000000e+02 
0
-1
-1
230
-1.3638348406055538
-1.478494808462233
0.4015262315490916
153
2.300000000000000000e+02 5.610000000000000000e+02 6.170000000000000000e+02 
2.290000000000000000e+02 
0
-1
-1
231
-1.3326999804742183
-1.464193372559627
0.2643638432454193
154
2.310000000000000000e+02 
2.300000000000000000e+02 6.180000000000000000e+02 
0
-1
-1
232
-1.3171064523304756
-1.4483719316491244
0.23377240876601968
154
2.320000000000000000e+02 
2.310000000000000000e+02 
0
-1
-1
233
-1.2921737364278079
-1.4334484858877472
0.16012876140715243
155
2.330000000000000000e+02 
2.320000000000000000e+02 
0
-1
-1
234
-1.261619038626836
-1.4215994190703387
0.0865436953625777
155
2.340000000000000000e+02 
2.330000000000000000e+02 
0
-1
-1
235
-1.2395177401833575
-1.411348165639989
0.014720844606385692
156
2.350000000000000000e+02 
2.340000000000000000e+02 
0
-1
-1
236
-1.228591463756553
-1.4037713860215724
-0.07108616187852757
157
2.360000000000000000e+02 6.190000000000000000e+02 
2.350000000000000000e+02 
0
-1
-1
237
-1.1992673216354512
-1.4101538237225326
-0.14832571331448555
157
2.370000000000000000e+02 
2.360000000000000000e+02 
0
-1
-1
238
-1.1986548583535792
-1.4029097169562244
-0.1712498300202701
158
2.380000000000000000e+02 6.200000000000000000e+02 
2.370000000000000000e+02 6.190000000000000000e+02 
0
-1
-1
239
-1.1634037306605411
-1.4123237313697725
-0.24226388777836355
158
2.390000000000000000e+02 
2.380000000000000000e+02 
0
-1
-1
240
-1.1628646742782915
-1.4056702465429458
-0.25995030204505054
159
2.400000000000000000e+02 
2.390000000000000000e+02 6.200000000000000000e+02 
0
-1
-1
241
-1.133995957216032
-1.407607479606215
-0.32296247354723207
159
2.410000000000000000e+02 
2.400000000000000000e+02 
0
-1
-1
242
-1.1149459409190756
-1.4079387740542473
-0.36239682766665193
160
2.420000000000000000e+02 
2.410000000000000000e+02 
0
-1
-1
243
-1.0868368118811107
-1.413044277038538
-0.41054980855713485
160
2.430000000000000000e+02 
2.420000000000000000e+02 
0
-1
-1
244
-1.0640686688878263
-1.4173489255189011
-0.44291788229902895
161
2.440000000000000000e+02 
2.430000000000000000e+02 
0
-1
-1
245
-1.0370529765115926
-1.4244272733486656
-0.4621475400355155
161
2.450000000000000000e+02 
2.440000000000000000e+02 7.020000000000000000e+02 
0
-1
-1
246
-1.0138341458843827
-1.4397570229874792
-0.41472552809293595
162
2.460000000000000000e+02 6.210000000000000000e+02 
2.450000000000000000e+02 
0
-1
-1
247
-0.9961631786942678
-1.4483763742985187
-0.42564220333396086
162
2.470000000000000000e+02 
2.460000000000000000e+02 
0
-1
-1
248
-0.9684280690939145
-1.460227132167564
-0.399676156356236
163
2.480000000000000000e+02 
2.470000000000000000e+02 6.210000000000000000e+02 
0
-1
-1
249
-0.9404508619818674
-1.4715802472097543
-0.36147007509644047
163
2.490000000000000000e+02 
2.480000000000000000e+02 
0
-1
-1
250
-0.9305251008629397
-1.474572476466769
-0.33282262809666585
164
2.500000000000000000e+02 
2.490000000000000000e+02 
0
-1
-1
251
-0.9017371703865045
-1.4838463891671805
-0.2945325063724794
164
2.510000000000000000e+02 
2.500000000000000000e+02 
0
-1
-1
252
-0.8772638057461855
-1.4906499693704003
-0.2710484234847892
165
2.520000000000000000e+02 
2.510000000000000000e+02 
0
-1
-1
253
-0.8478264916575327
-1.4983933057177847
-0.25271911560892346
165
2.530000000000000000e+02 
2.520000000000000000e+02 
0
-1
-1
254
-0.8277629701342926
-1.5029896508099867
-0.24304334160201546
166
2.540000000000000000e+02 
2.530000000000000000e+02 
0
-1
-1
255
-0.7983280758603281
-1.510340756146613
-0.25516988306970023
166
2.550000000000000000e+02 
2.540000000000000000e+02 
0
-1
-1
256
-0.7785246156189061
-1.5152541271883642
-0.25934754443305674
167
2.560000000000000000e+02 
2.550000000000000000e+02 
0
-1
-1
257
-0.7494067422617005
-1.5232952881992217
-0.2687751529966813
167
2.570000000000000000e+02 
2.560000000000000000e+02 
0
-1
-1
258
-0.7343554313844287
-1.527149541377642
-0.2685515590187205
168
2.580000000000000000e+02 
2.570000000000000000e+02 
0
-1
-1
259
-0.7053325821154639
-1.535323947882735
-0.26732563578363466
168
2.590000000000000000e+02 
2.580000000000000000e+02 
0
-1
-1
260
-0.6995170979345999
-1.5362135008088011
-0.2503962796784527
169
2.600000000000000000e+02 7.030000000000000000e+02 
2.590000000000000000e+02 
0
-1
-1
261
-0.66193358415365
-1.5462102700313936
-0.2344245435259702
170
2.610000000000000000e+02 7.050000000000000000e+02 
2.600000000000000000e+02 7.040000000000000000e+02 
0
-1
-1
262
-0.6530530380519965
-1.5495327661649752
-0.17111848011549496
171
2.620000000000000000e+02 6.220000000000000000e+02 
2.610000000000000000e+02 
0
-1
-1
263
-0.6255640993890226
-1.5610071470604105
-0.18557664822577746
172
2.630000000000000000e+02 
2.620000000000000000e+02 
0
-1
-1
264
-0.6010001306174273
-1.5681280521268968
-0.15750776231698643
173
2.640000000000000000e+02 
2.630000000000000000e+02 
0
-1
-1
265
-0.5760860055986586
-1.574783093409559
-0.14858341618755372
174
2.650000000000000000e+02 
2.640000000000000000e+02 
0
-1
-1
266
-0.5561222331499345
-1.580542943978515
-0.14130320237595267
175
2.660000000000000000e+02 
2.650000000000000000e+02 
0
-1
-1
267
-0.5411247228420311
-1.5855125340946967
-0.12611673652674701
176
2.670000000000000000e+02 
2.660000000000000000e+02 
0
-1
-1
268
-0.526108873547273
-1.5901111837386295
-0.11172365740534809
177
2.680000000000000000e+02 
2.670000000000000000e+02 
0
-1
-1
269
-0.5204503896120691
-1.5935527873693367
-0.09812362691661691
178
2.690000000000000000e+02 
2.680000000000000000e+02 
0
-1
-1
270
-0.5051909125659351
-1.5976584841714312
-0.07666633012724719
179
2.700000000000000000e+02 
2.690000000000000000e+02 
0
-1
-1
271
-0.49472723741674685
-1.601165489984333
-0.0639014752918756
180
2.710000000000000000e+02 
2.700000000000000000e+02 
0
-1
-1
272
-0.48957710979392355
-1.6042950635315676
0.09027120611717064
181
2.720000000000000000e+02 
2.710000000000000000e+02 
0
-1
-1
273
-0.4939904449359248
-1.6068662095136208
0.2331519593765551
182
2.730000000000000000e+02 
2.720000000000000000e+02 
0
-1
-1
274
-0.4984312603701555
-1.609485954033791
0.3778910064750869
183
2.740000000000000000e+02 
2.730000000000000000e+02 
0
-1
-1
275
-0.49429686181763477
-1.608126197950817
0.4406385460734127
184
2.750000000000000000e+02 
2.740000000000000000e+02 
0
-1
-1
276
-0.4808131817935637
-1.601975597823512
0.46864475346025525
185
2.760000000000000000e+02 
2.750000000000000000e+02 
0
-1
-1
277
-0.48053207185007196
-1.6022801315614787
0.6633097805052
186
2.770000000000000000e+02 
2.760000000000000000e+02 
0
-1
-1
278
-0.4663467403773661
-1.589652854308203
0.7140337556079916
187
2.780000000000000000e+02 
2.770000000000000000e+02 
0
-1
-1
279
-0.4560110166895222
-1.5788610771479865
0.7604167836442718
188
2.790000000000000000e+02 
2.780000000000000000e+02 
0
-1
-1
280
-0.44620066307427153
-1.5674652985991326
0.8906089459076424
189
2.800000000000000000e+02 
2.790000000000000000e+02 
0
-1
-1
281
-0.4484337134420796
-1.5668464736689764
1.0375603000479037
190
2.810000000000000000e+02 
2.800000000000000000e+02 
0
-1
-1
282
-0.4367606173715054
-1.5388902497420875
1.138270880005262
190
2.820000000000000000e+02 
2.810000000000000000e+02 
0
-1
-1
283
-0.4389477586741342
-1.5372168720257933
1.1456906959402708
191
2.830000000000000000e+02 
2.820000000000000000e+02 
0
-1
-1
284
-0.4302976630458122
-1.5083475864408857
1.2020197341592032
191
2.840000000000000000e+02 
2.830000000000000000e+02 
0
-1
-1
285
-0.42243528049518264
-1.4790322132796272
1.2147579570345295
191
2.850000000000000000e+02 
2.840000000000000000e+02 
0
-1
-1
286
-0.41966788589682635
-1.4633183849350748
1.2119053029201245
192
2.860000000000000000e+02 
2.850000000000000000e+02 
0
-1
-1
287
-0.4113796965545131
-1.434217684963968
1.1942116860607848
192
2.870000000000000000e+02 
2.860000000000000000e+02 
0
-1
-1
288
-0.4023246759108282
-1.4052355624776818
1.167926996495622
192
2.880000000000000000e+02 
2.870000000000000000e+02 
0
-1
-1
289
-0.3923164884519873
-1.3767999294990867
1.130301099954863
192
2.890000000000000000e+02 
2.880000000000000000e+02 
0
-1
-1
290
-0.3835366788935759
-1.3531101068751088
1.107533837749573
193
2.900000000000000000e+02 
2.890000000000000000e+02 
0
-1
-1
291
-0.3718944017195456
-1.3256779820416709
1.0831250266538135
193
2.910000000000000000e+02 
2.900000000000000000e+02 
0
-1
-1
292
-0.35960942280408414
-1.2983249444396776
1.0692744587787582
193
2.920000000000000000e+02 
2.910000000000000000e+02 
0
-1
-1
293
-0.3152495980323593
-1.1022804686136096
1.2765273127869392
2
2.940000000000000000e+02 6.420000000000000000e+02 
2.930000000000000000e+02 
0
-1
-1
294
-0.31092854828039895
-1.0833472877944952
1.3691933604145485
2
2.950000000000000000e+02 
2.940000000000000000e+02 
0
-1
-1
295
-0.30808407203812027
-1.0438877885605626
1.347628432462323
194
2.970000000000000000e+02 7.180000000000000000e+02 
2.960000000000000000e+02 7.170000000000000000e+02 
0
-1
-1
296
-0.3011625402796415
-1.0100170665562511
1.3802054862791193
194
2.980000000000000000e+02 
2.970000000000000000e+02 
0
-1
-1
297
-0.30356434869131066
-1.0057395550808872
1.377252377825023
195
2.990000000000000000e+02 7.200000000000000000e+02 
2.980000000000000000e+02 7.190000000000000000e+02 
0
-1
-1
298
-0.2996636688290164
-0.9909043523676033
1.3852475790104328
195
3.000000000000000000e+02 
2.990000000000000000e+02 
0
-1
-1
299
-0.3017883241661604
-0.9445244855997967
1.4115018911635087
196
3.020000000000000000e+02 
3.010000000000000000e+02 
0
-1
-1
300
-0.43110441216002116
-0.4977610519640183
1.9001862598217958
13
3.070000000000000000e+02 
3.060000000000000000e+02 
0
-1
-1
301
-0.5047521245159565
-0.36831625294935477
2.2572659364057097
16
3.090000000000000000e+02 
3.080000000000000000e+02 
0
-1
-1
302
-0.5260212998270524
-0.33959619556725373
2.3191695000653647
197
3.110000000000000000e+02 
3.100000000000000000e+02 4.140000000000000000e+02 
0
-1
-1
303
-0.5449625713988113
-0.3241844128417986
2.48764963111599
198
3.120000000000000000e+02 4.150000000000000000e+02 
3.110000000000000000e+02 
0
-1
-1
304
-0.569115114684486
-0.30754473403806354
2.6090763340433245
199
3.130000000000000000e+02 
3.120000000000000000e+02 4.160000000000000000e+02 
0
-1
-1
305
-0.5920223232299304
-0.2981180388875191
2.7986020931190083
200
3.140000000000000000e+02 4.170000000000000000e+02 
3.130000000000000000e+02 
0
-1
-1
306
-0.6076248601793948
-0.2929092582421077
2.8659881097177897
200
3.150000000000000000e+02 
3.140000000000000000e+02 
0
-1
-1
307
-0.6185188017657279
-0.28962661604825357
2.935931176131785
201
3.160000000000000000e+02 
3.150000000000000000e+02 4.170000000000000000e+02 
0
-1
-1
308
-0.6590506515924057
-0.28084591809485937
2.9722283136514323
201
3.170000000000000000e+02 
3.160000000000000000e+02 
0
-1
-1
309
-0.6976031585193389
-0.27268423952057197
2.991277245242752
201
3.180000000000000000e+02 4.180000000000000000e+02 
3.170000000000000000e+02 
0
-1
-1
310
-0.7129753319374678
-0.2705604582501683
3.0174167415397735
201
3.190000000000000000e+02 
3.180000000000000000e+02 
0
-1
-1
311
-0.7321978520693011
-0.26704307365801366
3.0526826621506884
202
3.200000000000000000e+02 
3.190000000000000000e+02 4.180000000000000000e+02 
0
-1
-1
312
-0.7713443093055923
-0.26241770165958334
3.112127597041106
202
3.210000000000000000e+02 4.190000000000000000e+02 
3.200000000000000000e+02 
0
-1
-1
313
-0.8232058068264378
-0.26211399989025236
-3.103797126595154
69
3.220000000000000000e+02 
3.210000000000000000e+02 4.210000000000000000e+02 
0
-1
-1
314
-0.872317188310399
-0.26425682060118916
-2.9303565962499
69
3.240000000000000000e+02 4.220000000000000000e+02 
3.230000000000000000e+02 
0
-1
-1
315
-1.0634049022406797
-0.2623679467766987
3.119973160704323
71
3.260000000000000000e+02 
3.250000000000000000e+02 
0
-1
-1
316
-1.2682240289367677
-0.24218662323252366
3.091690777093289
73
3.280000000000000000e+02 
3.270000000000000000e+02 
0
-1
-1
317
-1.380535726812277
-0.2271210410561388
-3.1339614614184246
74
3.300000000000000000e+02 4.240000000000000000e+02 
3.290000000000000000e+02 
0
-1
-1
318
-1.3971699364268733
-0.2261241840917036
-3.049416968310454
203
3.310000000000000000e+02 
3.300000000000000000e+02 
0
-1
-1
319
-1.4332634994709936
-0.22798019115264057
-2.9599181748127603
203
3.320000000000000000e+02 
3.310000000000000000e+02 
0
-1
-1
320
-1.4476155606659773
-0.22953060409404646
-2.850818000124934
204
3.330000000000000000e+02 
3.320000000000000000e+02 
0
-1
-1
321
-1.4794760834610936
-0.23731339826266823
-2.7753683996484964
204
3.340000000000000000e+02 
3.330000000000000000e+02 
0
-1
-1
322
-1.4988592400116358
-0.24439988089245127
-2.608058268211023
205
3.350000000000000000e+02 
3.340000000000000000e+02 
0
-1
-1
323
-1.5301390568629425
-0.2607100507066814
-2.572266216486085
205
3.360000000000000000e+02 
3.350000000000000000e+02 
0
-1
-1
324
-1.5597129800664873
-0.27920553298033496
-2.4595502633152684
205
3.370000000000000000e+02 
3.360000000000000000e+02 
0
-1
-1
325
-1.5686696675487868
-0.28388183540600354
-2.439734244362513
206
3.380000000000000000e+02 
3.370000000000000000e+02 
0
-1
-1
326
-1.596419747258115
-0.30471122253331806
-2.4001832182428093
206
3.390000000000000000e+02 
3.380000000000000000e+02 
0
-1
-1
327
-1.6217677313186256
-0.32600906645300776
-2.3065805724960464
206
3.400000000000000000e+02 
3.390000000000000000e+02 
0
-1
-1
328
-1.6281881001893883
-0.33043716936670653
-2.2624651379463026
207
3.410000000000000000e+02 
3.400000000000000000e+02 
0
-1
-1
329
-1.651466299201877
-0.3559987592827
-2.212774659481751
207
3.420000000000000000e+02 
3.410000000000000000e+02 
0
-1
-1
330
-1.6773312557604896
-0.39832015177641056
-1.9577633295676218
208
3.440000000000000000e+02 
3.430000000000000000e+02 
0
-1
-1
331
-1.6908234170806478
-0.4341423318690595
-1.8618175292694117
208
3.450000000000000000e+02 
3.440000000000000000e+02 
0
-1
-1
332
-1.7016032489070443
-0.4489891805297496
-1.776935805004751
87
3.470000000000000000e+02 4.350000000000000000e+02 
3.460000000000000000e+02 
0
-1
-1
333
-1.6981595976799078
-0.4642798192334592
-1.6608137259439906
209
3.480000000000000000e+02 
3.470000000000000000e+02 
0
-1
-1
334
-1.6990099217219705
-0.49603642947828547
-1.495774627959717
210
3.490000000000000000e+02 
3.480000000000000000e+02 
0
-1
-1
335
-1.6942373349344608
-0.529120953693724
-1.4496498272350578
210
3.500000000000000000e+02 
3.490000000000000000e+02 
0
-1
-1
336
-1.6907266217211068
-0.5406275809314349
-1.3279600223970307
211
3.510000000000000000e+02 
3.500000000000000000e+02 
0
-1
-1
337
-1.6834198080931593
-0.5582772232501829
-1.1691900545733365
212
3.520000000000000000e+02 
3.510000000000000000e+02 
0
-1
-1
338
-1.6714778245588966
-0.5776785518502084
-0.9927940285124897
213
3.530000000000000000e+02 
3.520000000000000000e+02 
0
-1
-1
339
-1.6556551354309645
-0.5947778275232394
-0.7972368859050245
214
3.540000000000000000e+02 
3.530000000000000000e+02 
0
-1
-1
340
-1.636804314081452
-0.6086065658533217
-0.6096246230234524
215
3.550000000000000000e+02 
3.540000000000000000e+02 
0
-1
-1
341
-1.6107323112245755
-0.6213997732168535
-0.43238525150113993
216
3.560000000000000000e+02 
3.550000000000000000e+02 
0
-1
-1
342
-1.5789479324865883
-0.6361205509859295
-0.4883951953237061
216
3.570000000000000000e+02 
3.560000000000000000e+02 
0
-1
-1
343
-1.5476487766857234
-0.6528110094601569
-0.5340946450408857
216
3.580000000000000000e+02 
3.570000000000000000e+02 
0
-1
-1
344
-1.5169496375579363
-0.6701008764654104
-0.5405251712454499
216
3.590000000000000000e+02 
3.580000000000000000e+02 
0
-1
-1
345
-1.4856113110195777
-0.6866556695007328
-0.4921809885466424
216
3.600000000000000000e+02 
3.590000000000000000e+02 
0
-1
-1
346
-1.471039894776258
-0.6923708635494958
-0.46457164246299176
217
3.610000000000000000e+02 
3.600000000000000000e+02 
0
-1
-1
347
-1.438614309690205
-0.7062403161930948
-0.4067609514350286
217
3.620000000000000000e+02 
3.610000000000000000e+02 
0
-1
-1
348
-1.4051272615332326
-0.7182994404698816
-0.3471379052686744
217
3.630000000000000000e+02 
3.620000000000000000e+02 
0
-1
-1
349
-1.3708472648614625
-0.7284896815627987
-0.29111443614941096
217
3.640000000000000000e+02 
3.630000000000000000e+02 
0
-1
-1
350
-1.3504684211067957
-0.7328365102188985
-0.25826364502362575
218
3.650000000000000000e+02 
3.640000000000000000e+02 
0
-1
-1
351
-1.3153684887787749
-0.7402939075972763
-0.2111713767371804
218
3.660000000000000000e+02 
3.650000000000000000e+02 
0
-1
-1
352
-1.280188235715112
-0.7462038728896216
-0.17286397292446215
218
3.670000000000000000e+02 
3.660000000000000000e+02 
0
-1
-1
353
-1.2444380536309336
-0.7511298165980591
-0.15024824968170591
218
3.680000000000000000e+02 
3.670000000000000000e+02 
0
-1
-1
354
-1.238032427332746
-0.750357742023932
-0.13096561741583485
219
3.690000000000000000e+02 
3.680000000000000000e+02 
0
-1
-1
355
-1.2023662730961573
-0.7537840759741172
-0.1093553415731236
219
3.700000000000000000e+02 
3.690000000000000000e+02 
0
-1
-1
356
-1.1664642304869335
-0.7570250250641539
-0.12179768776948119
219
3.710000000000000000e+02 
3.700000000000000000e+02 
0
-1
-1
357
-1.1305493386251788
-0.7614900449181823
-0.16226800522772022
220
3.720000000000000000e+02 
3.710000000000000000e+02 
0
-1
-1
358
-1.095300443616306
-0.7670708181220635
-0.1957703480324165
220
3.730000000000000000e+02 
3.720000000000000000e+02 
0
-1
-1
359
-1.064848629823751
-0.7725862715884814
-0.22505749887302623
221
3.740000000000000000e+02 
3.730000000000000000e+02 
0
-1
-1
360
-1.0300213430246805
-0.7805334858294323
-0.26993261157973997
221
3.750000000000000000e+02 
3.740000000000000000e+02 
0
-1
-1
361
-1.0096019116400705
-0.7850366657387737
-0.2906180838088054
222
3.760000000000000000e+02 
3.750000000000000000e+02 
0
-1
-1
362
-0.9755396245257741
-0.7955037695712557
-0.3555251636741025
222
3.770000000000000000e+02 
3.760000000000000000e+02 
0
-1
-1
363
-0.9601349551035825
-0.7996457687049827
-0.36674482745564607
223
3.780000000000000000e+02 
3.770000000000000000e+02 
0
-1
-1
364
-0.9272042066147548
-0.8124860452262308
-0.4352785415696042
223
3.790000000000000000e+02 
3.780000000000000000e+02 
0
-1
-1
365
-0.9080466734000603
-0.8201806160894751
-0.46826453867585005
224
3.800000000000000000e+02 
3.790000000000000000e+02 
0
-1
-1
366
-0.8780170948460593
-0.8349798033349207
-0.49155274868417664
224
3.810000000000000000e+02 
3.800000000000000000e+02 
0
-1
-1
367
-0.8455460335365106
-0.8461230171160193
-0.31569836874168955
224
3.820000000000000000e+02 
3.810000000000000000e+02 
0
-1
-1
368
-0.8105629853595266
-0.8552269316349224
-0.18440311263689468
225
3.830000000000000000e+02 3.880000000000000000e+02 
3.820000000000000000e+02 3.870000000000000000e+02 
0
-1
-1
369
-0.8450714443645471
-0.8486542265482541
-0.2552048468352911
225
3.840000000000000000e+02 
3.830000000000000000e+02 
0
-1
-1
370
-0.8454915844401314
-0.8492010016507804
-0.2739457471714227
225
3.850000000000000000e+02 
3.840000000000000000e+02 
0
-1
-1
371
-0.8448545619599976
-0.8506999291069461
-0.2856614051268529
225
3.860000000000000000e+02 
3.850000000000000000e+02 
0
-1
-1
372
-0.8446914759220807
-0.8492388289483559
-0.19003078226566683
225
3.870000000000000000e+02 
3.860000000000000000e+02 
0
-1
-1
373
-0.8320263619843545
-0.8487128421147396
-0.20447931436084785
226
3.890000000000000000e+02 
3.880000000000000000e+02 
0
-1
-1
374
-0.7974122380825077
-0.8519595293044053
-0.04527570035806998
226
3.900000000000000000e+02 
3.890000000000000000e+02 
0
-1
-1
375
-0.76117607485782
-0.8524914842198072
-0.0196411954922957
226
3.910000000000000000e+02 
3.900000000000000000e+02 
0
-1
-1
376
-0.7465765492146936
-0.8506724306730205
0.09151480565300925
227
3.920000000000000000e+02 
3.910000000000000000e+02 
0
-1
-1
377
-0.711823479523312
-0.845870320551317
0.12551676927283018
227
3.930000000000000000e+02 
3.920000000000000000e+02 
0
-1
-1
378
-0.6801778774315035
-0.8386632675524939
0.2892611197370759
227
3.940000000000000000e+02 
3.930000000000000000e+02 
0
-1
-1
379
-0.652437423647473
-0.8302938476884754
0.3274635818225345
228
3.950000000000000000e+02 
3.940000000000000000e+02 
0
-1
-1
380
-0.6263858269295601
-0.8180886760110877
0.5334171145733642
229
3.960000000000000000e+02 
3.950000000000000000e+02 
0
-1
-1
381
-0.5957977917142431
-0.7996587365386143
0.6152656052215626
229
3.970000000000000000e+02 
3.960000000000000000e+02 
0
-1
-1
382
-0.5885956435967075
-0.7941802387521074
0.6805943213820302
230
3.980000000000000000e+02 
3.970000000000000000e+02 
0
-1
-1
383
-0.5674571707402529
-0.77387464132798
0.8852716502782796
231
3.990000000000000000e+02 
3.980000000000000000e+02 
0
-1
-1
384
-0.5524007494810537
-0.7534718201030381
1.0680018450136508
232
4.000000000000000000e+02 
3.990000000000000000e+02 
0
-1
-1
385
-0.5394347246192325
-0.7271962986599658
1.2655287551677425
233
4.010000000000000000e+02 
4.000000000000000000e+02 
0
-1
-1
386
-0.5296677846014546
-0.6935236745101571
1.3733107214855438
233
4.020000000000000000e+02 
4.010000000000000000e+02 
0
-1
-1
387
-0.5268166852645029
-0.6872416116084065
1.3922358064159666
234
4.030000000000000000e+02 
4.020000000000000000e+02 
0
-1
-1
388
-0.5176625848103477
-0.6518450181133397
1.37757130004475
234
4.040000000000000000e+02 
4.030000000000000000e+02 
0
-1
-1
389
-0.5100247950364056
-0.6265230559787895
1.353956098968508
235
4.050000000000000000e+02 
4.040000000000000000e+02 
0
-1
-1
390
-0.5000164256179704
-0.5913909008156241
1.3724113600588923
235
4.060000000000000000e+02 
4.050000000000000000e+02 
0
-1
-1
391
-0.49210955323952543
-0.5610217776728971
1.4143357351892343
236
4.070000000000000000e+02 
4.060000000000000000e+02 
0
-1
-1
392
-0.48504326930160757
-0.5255335916613788
1.4737593684227301
236
4.080000000000000000e+02 
4.070000000000000000e+02 
0
-1
-1
393
-0.48045000661356096
-0.48951840071632824
1.5524211627290585
236
4.090000000000000000e+02 
4.080000000000000000e+02 
0
-1
-1
394
-0.4784607214808332
-0.4832029079697221
1.578329967330667
237
4.100000000000000000e+02 
4.090000000000000000e+02 
0
-1
-1
395
-0.47797044089161234
-0.4490866390054192
1.682185220234079
237
4.110000000000000000e+02 
4.100000000000000000e+02 
0
-1
-1
396
-0.4800504483390884
-0.413119256302347
1.7459500815215452
238
4.120000000000000000e+02 
4.110000000000000000e+02 
0
-1
-1
397
-0.5662015114634489
-0.3092971370369087
2.5837960379347833
198
4.160000000000000000e+02 
4.150000000000000000e+02 
0
-1
-1
398
-0.7949711144347082
-0.2616284836341493
-3.140492096253374
202
4.200000000000000000e+02 
4.190000000000000000e+02 
0
-1
-1
399
-0.8183115173390316
-0.2618775037730243
-3.109500943154843
202
4.210000000000000000e+02 
4.200000000000000000e+02 
0
-1
-1
400
-0.8982300434831259
-0.2697981999554043
-2.965197732316761
69
4.230000000000000000e+02 
4.220000000000000000e+02 
0
-1
-1
401
-1.406778562421969
-0.2281579810697263
-3.13406735203956
74
4.250000000000000000e+02 
4.240000000000000000e+02 
0
-1
-1
402
-1.4498128003663047
-0.22750568215139888
3.1337928465312874
75
4.270000000000000000e+02 
4.260000000000000000e+02 
0
-1
-1
403
-1.4566737033096757
-0.2283391847758636
-3.11311150949506
76
4.290000000000000000e+02 
4.280000000000000000e+02 
0
-1
-1
404
-1.4962918705264985
-0.23125878606727407
-3.0427991540511603
77
4.310000000000000000e+02 
4.300000000000000000e+02 
0
-1
-1
405
-1.6652023370188656
-0.37542673098219637
-2.112109877452568
85
4.340000000000000000e+02 
4.330000000000000000e+02 
0
-1
-1
406
-1.724837766470436
-0.5071267909664354
-1.9508396420381904
89
4.370000000000000000e+02 
4.360000000000000000e+02 
0
-1
-1
407
-1.743128053480203
-0.5478766256356791
-2.0023609753783425
90
4.390000000000000000e+02 
4.380000000000000000e+02 
0
-1
-1
408
-1.8322387333697976
-0.6960115911906305
-2.0746665656099803
95
4.410000000000000000e+02 
4.400000000000000000e+02 
0
-1
-1
409
-1.908914207015545
-0.8020025989677401
-2.159955466686999
100
4.430000000000000000e+02 
4.420000000000000000e+02 
0
-1
-1
410
-1.9641353017791126
-0.8692827648939598
-2.2070160734980893
103
4.450000000000000000e+02 
4.440000000000000000e+02 
0
-1
-1
411
-1.98024442689016
-0.8882172130679744
-2.214914150724312
104
4.470000000000000000e+02 
4.460000000000000000e+02 
0
-1
-1
412
-2.0460819180725496
-0.9588657495062638
-2.214032080148001
107
4.490000000000000000e+02 
4.480000000000000000e+02 
0
-1
-1
413
-2.070706650198877
-0.9884837037506053
-2.193587253881382
108
4.510000000000000000e+02 
4.500000000000000000e+02 
0
-1
-1
414
-2.1085722411258994
-1.0366726645550015
-2.121878099781554
110
4.530000000000000000e+02 
4.520000000000000000e+02 
0
-1
-1
415
-2.1644661999433694
-1.1205694510778696
-1.9488702943487177
113
4.550000000000000000e+02 
4.540000000000000000e+02 
0
-1
-1
416
-2.175168657890805
-1.143395592738727
-1.8912876665059306
239
4.570000000000000000e+02 5.240000000000000000e+02 
4.560000000000000000e+02 5.230000000000000000e+02 
0
-1
-1
417
-2.1787940064641105
-1.1763656127380067
-1.6658986674356568
240
4.580000000000000000e+02 
4.570000000000000000e+02 
0
-1
-1
418
-2.1782443014577084
-1.1913291366156513
-1.5421238644687194
241
4.590000000000000000e+02 
4.580000000000000000e+02 
0
-1
-1
419
-2.174701853899208
-1.2160088034631196
-1.3436004773267145
242
4.600000000000000000e+02 
4.590000000000000000e+02 
0
-1
-1
420
-2.167656435963904
-1.2365922489969159
-1.1616077175896662
243
4.610000000000000000e+02 
4.600000000000000000e+02 
0
-1
-1
421
-2.1508071118007495
-1.2728452821929852
-1.0931126427403632
243
4.620000000000000000e+02 
4.610000000000000000e+02 
0
-1
-1
422
-2.133528840052181
-1.3016771186607632
-0.9331359805669774
244
4.630000000000000000e+02 
4.620000000000000000e+02 
0
-1
-1
423
-2.1129187573271584
-1.3299458842438594
-0.8229235880098693
244
4.640000000000000000e+02 
4.630000000000000000e+02 
0
-1
-1
424
-2.104634608835954
-1.3382826365963467
-0.716684082477583
245
4.650000000000000000e+02 
4.640000000000000000e+02 
0
-1
-1
425
-2.078144640767766
-1.3615635542407407
-0.6152736590561326
245
4.660000000000000000e+02 
4.650000000000000000e+02 
0
-1
-1
426
-2.0654208666854363
-1.370291817086303
-0.49690885905788196
246
4.670000000000000000e+02 
4.660000000000000000e+02 
0
-1
-1
427
-2.034274890156137
-1.3863003835175587
-0.41983211090111483
246
4.680000000000000000e+02 
4.670000000000000000e+02 
0
-1
-1
428
-2.0142478894014206
-1.3943772027991157
-0.24230261233202666
247
4.690000000000000000e+02 
4.680000000000000000e+02 
0
-1
-1
429
-1.9897975117881384
-1.3996847292819221
-0.05260770207191477
248
4.700000000000000000e+02 
4.690000000000000000e+02 
0
-1
-1
430
-1.9681884878599818
-1.4006236601059867
0.11617409631200211
249
4.710000000000000000e+02 
4.700000000000000000e+02 
0
-1
-1
431
-1.9333840818177346
-1.3965924365862532
0.1965653164697339
249
4.720000000000000000e+02 
4.710000000000000000e+02 
0
-1
-1
432
-1.899278606323307
-1.392291877310079
0.22728701477744487
249
4.730000000000000000e+02 
4.720000000000000000e+02 
0
-1
-1
433
-1.8672950130399264
-1.3866870004051015
0.30688527393955933
249
4.740000000000000000e+02 
4.730000000000000000e+02 
0
-1
-1
434
-1.8594916549803648
-1.3853209927496934
0.38496162275071544
250
4.750000000000000000e+02 
4.740000000000000000e+02 
0
-1
-1
435
-1.8274557995178395
-1.3736607306028705
0.4435820273865626
250
4.760000000000000000e+02 
4.750000000000000000e+02 
0
-1
-1
436
-1.7945027664715045
-1.3601776484287056
0.4951658250739267
250
4.770000000000000000e+02 
4.760000000000000000e+02 
0
-1
-1
437
-1.7712156141312518
-1.3495178217432544
0.5441611478503232
251
4.780000000000000000e+02 
4.770000000000000000e+02 
0
-1
-1
438
-1.7401604945369096
-1.3324338231859272
0.6148929876262018
251
4.790000000000000000e+02 
4.780000000000000000e+02 
0
-1
-1
439
-1.7104833981118346
-1.3133567038572327
0.681293675427225
251
4.800000000000000000e+02 
4.790000000000000000e+02 
0
-1
-1
440
-1.6820718637571748
-1.2925331326818768
0.7415148617645178
251
4.810000000000000000e+02 
4.800000000000000000e+02 
0
-1
-1
441
-1.6771163389256238
-1.2897486903998332
0.7792331011325354
252
4.820000000000000000e+02 
4.810000000000000000e+02 
0
-1
-1
442
-1.6503594933333336
-1.2661774363222358
0.825419738054423
252
4.830000000000000000e+02 
4.820000000000000000e+02 
0
-1
-1
443
-1.6249841774242415
-1.2415344840854392
0.8776647107634065
252
4.840000000000000000e+02 
4.830000000000000000e+02 
0
-1
-1
444
-1.6027307962107726
-1.216325723507445
1.0293406544783044
253
4.850000000000000000e+02 
4.840000000000000000e+02 
0
-1
-1
445
-1.5854696621580053
-1.1869571859461727
1.224647713675968
253
4.860000000000000000e+02 
4.850000000000000000e+02 
0
-1
-1
446
-1.583055236246071
-1.1840314506890373
1.2778847307739591
254
4.870000000000000000e+02 
4.860000000000000000e+02 
0
-1
-1
447
-1.5698032226076823
-1.1516102290491803
1.2541190082306821
254
4.880000000000000000e+02 
4.870000000000000000e+02 
0
-1
-1
448
-1.557982027138694
-1.1186792644479278
1.3481322836479026
254
4.890000000000000000e+02 
4.880000000000000000e+02 
0
-1
-1
449
-1.5483049086047913
-1.086998644244939
1.3897914903129616
254
4.900000000000000000e+02 
4.890000000000000000e+02 
0
-1
-1
450
-1.5453434596902629
-1.0787614916312327
1.440260140002493
255
4.910000000000000000e+02 
4.900000000000000000e+02 
0
-1
-1
451
-1.5415565597678254
-1.0466964229805298
1.5908924901812727
255
4.920000000000000000e+02 
4.910000000000000000e+02 
0
-1
-1
452
-1.5397288864559258
-1.0119232885417528
1.6133127513512397
255
4.930000000000000000e+02 
4.920000000000000000e+02 
0
-1
-1
453
-1.5386754437633094
-0.9971649441543777
1.6444526959011834
256
4.940000000000000000e+02 
4.930000000000000000e+02 
0
-1
-1
454
-1.5393999121875934
-0.9624810441872442
1.7025170394910156
256
4.950000000000000000e+02 
4.940000000000000000e+02 
0
-1
-1
455
-1.543068615467777
-0.9296513908729956
1.8590706055194695
257
4.960000000000000000e+02 
4.950000000000000000e+02 
0
-1
-1
456
-1.5523416102591896
-0.8927384509317419
1.9833644585398769
257
4.970000000000000000e+02 
4.960000000000000000e+02 
0
-1
-1
457
-1.5655236536358936
-0.859256511835455
2.1111235756774867
258
4.980000000000000000e+02 
4.970000000000000000e+02 
0
-1
-1
458
-1.5822687559003783
-0.8312521707488238
2.195273517765991
258
4.990000000000000000e+02 
4.980000000000000000e+02 
0
-1
-1
459
-1.5983766773692136
-0.8102884304974002
2.4023919372912728
259
5.000000000000000000e+02 
4.990000000000000000e+02 
0
-1
-1
460
-1.6227161133858194
-0.7890831571753769
2.5326786181338745
259
5.010000000000000000e+02 
5.000000000000000000e+02 
0
-1
-1
461
-1.6307871446102165
-0.7821870650592736
2.612439265363337
260
5.020000000000000000e+02 
5.010000000000000000e+02 
0
-1
-1
462
-1.6502627704157888
-0.7713227579273778
2.7985414434598703
261
5.030000000000000000e+02 
5.020000000000000000e+02 
0
-1
-1
463
-1.6679425544548157
-0.7653113740980351
2.9706785863662803
262
5.040000000000000000e+02 
5.030000000000000000e+02 
0
-1
-1
464
-1.6900959707595913
-0.7622885953473788
-3.1265209286536684
263
5.050000000000000000e+02 
5.040000000000000000e+02 
0
-1
-1
465
-1.7088613886702237
-0.7631943804977876
-2.9588999697979776
264
5.060000000000000000e+02 
5.050000000000000000e+02 
0
-1
-1
466
-1.7240487042509849
-0.7665170767736931
-2.8103937527378964
265
5.070000000000000000e+02 
5.060000000000000000e+02 
0
-1
-1
467
-1.7319612394448112
-0.7694275496343703
-2.7064373922162863
266
5.080000000000000000e+02 
5.070000000000000000e+02 
0
-1
-1
468
-1.7444021379104662
-0.7745705663024167
-2.708063398669954
267
5.090000000000000000e+02 
5.080000000000000000e+02 
0
-1
-1
469
-1.7614430591826715
-0.7812032160116071
-2.73068640805534
268
5.100000000000000000e+02 
5.090000000000000000e+02 
0
-1
-1
470
-1.7834646327442099
-0.7888486568781776
-2.773457295723227
269
5.110000000000000000e+02 
5.100000000000000000e+02 
0
-1
-1
471
-1.8103939585285997
-0.7970354369202057
-2.7970767051493826
270
5.120000000000000000e+02 
5.110000000000000000e+02 
0
-1
-1
472
-1.83719763056943
-0.8055593980683946
-2.767531198881188
271
5.130000000000000000e+02 
5.120000000000000000e+02 
0
-1
-1
473
-1.8589190580022716
-0.8132703296341068
-2.7275566779136815
272
5.140000000000000000e+02 
5.130000000000000000e+02 
0
-1
-1
474
-1.8849139674489954
-0.8239931305685994
-2.6736285009971557
273
5.150000000000000000e+02 
5.140000000000000000e+02 
0
-1
-1
475
-1.9102649181341262
-0.836433900246984
-2.6075846524162127
274
5.160000000000000000e+02 
5.150000000000000000e+02 
0
-1
-1
476
-1.9259938119691993
-0.8454159903371224
-2.5502003114243466
275
5.170000000000000000e+02 
5.160000000000000000e+02 
0
-1
-1
477
-1.9412345140368064
-0.8553421434645385
-2.5050488913621924
276
5.180000000000000000e+02 
5.170000000000000000e+02 
0
-1
-1
478
-1.9598237364282622
-0.8690788103011371
-2.4415918172933977
277
5.190000000000000000e+02 
5.180000000000000000e+02 
0
-1
-1
479
-1.9776036467716889
-0.8839714751799954
-2.3834688674589284
278
5.200000000000000000e+02 
5.190000000000000000e+02 
0
-1
-1
480
-1.9944068214968387
-0.899785135490462
-2.3297297874964693
279
5.210000000000000000e+02 
5.200000000000000000e+02 
0
-1
-1
481
-2.013657204370282
-0.9201973573349468
-2.2655848357837676
280
5.220000000000000000e+02 
5.210000000000000000e+02 
0
-1
-1
482
-2.1816859284030956
-1.1590821803100502
-1.8691148607857906
239
5.250000000000000000e+02 
5.240000000000000000e+02 
0
-1
-1
483
-2.192132934698841
-1.1812173006253932
-1.8666015327855414
281
5.270000000000000000e+02 
5.260000000000000000e+02 
0
-1
-1
484
-2.2016350092476746
-1.2117111595420473
-1.8017668729874277
282
5.280000000000000000e+02 
5.270000000000000000e+02 
0
-1
-1
485
-2.207219450275004
-1.2328101550709918
-1.7419061521972905
283
5.290000000000000000e+02 
5.280000000000000000e+02 
0
-1
-1
486
-2.210047567083276
-1.2442524599537337
-1.7066505261304268
284
5.300000000000000000e+02 
5.290000000000000000e+02 
0
-1
-1
487
-2.2123942835794175
-1.2555588846784185
-1.6751681626645933
285
5.310000000000000000e+02 
5.300000000000000000e+02 
0
-1
-1
488
-2.2137946571328513
-1.2620373081969913
-1.6434418280146466
286
5.320000000000000000e+02 
5.310000000000000000e+02 
0
-1
-1
489
-2.2148984089942703
-1.2684847507254644
-1.6136093539676624
287
5.330000000000000000e+02 
5.320000000000000000e+02 
0
-1
-1
490
-2.2157211486435235
-1.2748414433191093
-1.5855939946619444
288
5.340000000000000000e+02 
5.330000000000000000e+02 
0
-1
-1
491
-2.2162068490143927
-1.2776475741209348
-1.5123300707231062
289
5.350000000000000000e+02 
5.340000000000000000e+02 
0
-1
-1
492
-2.0464465491674493
-1.5305876826720608
-0.9303753968483701
130
5.380000000000000000e+02 
5.370000000000000000e+02 
0
-1
-1
493
-1.9470950755011935
-1.6457908907631351
-0.7763376856709334
290
5.410000000000000000e+02 6.090000000000000000e+02 
5.400000000000000000e+02 
0
-1
-1
494
-1.94222468636739
-1.6527537662001617
-0.733576822742547
290
5.420000000000000000e+02 
5.410000000000000000e+02 
0
-1
-1
495
-1.9302037817425837
-1.659234204157004
-0.6655751341092186
291
5.430000000000000000e+02 
5.420000000000000000e+02 6.090000000000000000e+02 
0
-1
-1
496
-1.904897386008069
-1.6753605362893267
-0.5461183539778509
291
5.440000000000000000e+02 
5.430000000000000000e+02 
0
-1
-1
497
-1.8941337166475392
-1.6774923035757145
-0.4278268982007565
292
5.450000000000000000e+02 6.100000000000000000e+02 
5.440000000000000000e+02 
0
-1
-1
498
-1.881331839840685
-1.683859852056391
-0.26782946539446306
292
5.460000000000000000e+02 
5.450000000000000000e+02 
0
-1
-1
499
-1.8603179413251123
-1.6857973555715076
-0.21778296633810898
293
5.470000000000000000e+02 
5.460000000000000000e+02 6.100000000000000000e+02 
0
-1
-1
500
-1.8265103221563086
-1.6871641654210603
-0.10543964372443271
293
5.480000000000000000e+02 6.110000000000000000e+02 
5.470000000000000000e+02 
0
-1
-1
501
-1.8092063621082124
-1.6906908347786564
-0.0888438747765121
293
5.490000000000000000e+02 
5.480000000000000000e+02 
0
-1
-1
502
-1.7953142788928749
-1.687538343052916
-0.04546834647220513
294
5.500000000000000000e+02 
5.490000000000000000e+02 6.110000000000000000e+02 
0
-1
-1
503
-1.7617118080222927
-1.6843022458555947
0.034998177911175335
294
5.510000000000000000e+02 6.120000000000000000e+02 
5.500000000000000000e+02 
0
-1
-1
504
-1.7497889413161318
-1.6858034892649738
0.044861205050889495
294
5.520000000000000000e+02 
5.510000000000000000e+02 
0
-1
-1
505
-1.7361340720105574
-1.6802926617225928
0.08635955253884073
295
5.530000000000000000e+02 
5.520000000000000000e+02 6.120000000000000000e+02 
0
-1
-1
506
-1.7024971113041243
-1.672769232039368
0.14803392594741133
295
5.540000000000000000e+02 
5.530000000000000000e+02 
0
-1
-1
507
-1.6693469591030548
-1.6630000009204924
0.21317945483719616
295
5.550000000000000000e+02 
5.540000000000000000e+02 
0
-1
-1
508
-1.6365496031636695
-1.6511326932798567
0.27389679307731984
296
5.560000000000000000e+02 
5.550000000000000000e+02 
0
-1
-1
509
-1.6042731201077758
-1.6374132449904684
0.32139122853495017
296
5.570000000000000000e+02 
5.560000000000000000e+02 
0
-1
-1
510
-1.5725793487705708
-1.6219937484366747
0.3723187186782879
296
5.580000000000000000e+02 
5.570000000000000000e+02 
0
-1
-1
511
-1.5414249533754607
-1.6051042572384893
0.4162351664731738
296
5.590000000000000000e+02 6.130000000000000000e+02 
5.580000000000000000e+02 
0
-1
-1
512
-1.324996661015342
-1.4681800662390745
0.5283763803313692
297
5.620000000000000000e+02 
5.610000000000000000e+02 
0
-1
-1
513
-1.2977292329051857
-1.4496954879324022
0.7021624647831222
297
5.630000000000000000e+02 
5.620000000000000000e+02 
0
-1
-1
514
-1.282527430765049
-1.4378952745069236
0.7719650051793655
298
5.640000000000000000e+02 
5.630000000000000000e+02 
0
-1
-1
515
-1.2607878445359892
-1.4129786313515014
0.9517636819683248
298
5.650000000000000000e+02 
5.640000000000000000e+02 
0
-1
-1
516
-1.2539591561250978
-1.4024595941025018
1.0609979879079987
299
5.660000000000000000e+02 
5.650000000000000000e+02 
0
-1
-1
517
-1.2409478469677482
-1.374606553710499
1.1806733009712547
299
5.670000000000000000e+02 
5.660000000000000000e+02 
0
-1
-1
518
-1.2359625813235167
-1.3575440412310136
1.3450790444884149
300
5.680000000000000000e+02 
5.670000000000000000e+02 
0
-1
-1
519
-1.2333509860250196
-1.3296031996493083
1.5850489300501485
301
5.690000000000000000e+02 
5.680000000000000000e+02 
0
-1
-1
520
-1.2380682334205844
-1.301119626178393
1.8326527018779823
302
5.700000000000000000e+02 
5.690000000000000000e+02 
0
-1
-1
521
-1.2471873201039751
-1.2800594384052282
2.0230699284415823
303
5.710000000000000000e+02 
5.700000000000000000e+02 
0
-1
-1
522
-1.2642978295058742
-1.2499178277672547
2.132422408062411
303
5.720000000000000000e+02 
5.710000000000000000e+02 
0
-1
-1
523
-1.2859126779043812
-1.2223627079651442
2.25036623540654
304
5.730000000000000000e+02 
5.720000000000000000e+02 
0
-1
-1
524
-1.302432278377371
-1.2060959387274506
2.3923554518680543
305
5.740000000000000000e+02 
5.730000000000000000e+02 
0
-1
-1
525
-1.3290145460836675
-1.1854935359572787
2.526600480349472
305
5.750000000000000000e+02 
5.740000000000000000e+02 
0
-1
-1
526
-1.33919841304549
-1.1813030709352983
2.626278323192891
306
5.760000000000000000e+02 
5.750000000000000000e+02 
0
-1
-1
527
-1.3719711366555578
-1.1666085693394508
2.7316930227136123
306
5.770000000000000000e+02 
5.760000000000000000e+02 
0
-1
-1
528
-1.3936824086352155
-1.1599859145704312
2.8830120019379484
307
5.780000000000000000e+02 
5.770000000000000000e+02 
0
-1
-1
529
-1.4292557405956807
-1.1533352052278834
2.970800918471822
307
5.790000000000000000e+02 
5.780000000000000000e+02 
0
-1
-1
530
-1.4672805711233492
-1.148653507015208
3.0567807193495193
307
5.800000000000000000e+02 
5.790000000000000000e+02 
0
-1
-1
531
-1.4888137464012354
-1.1478427469586046
3.094382122853298
308
5.810000000000000000e+02 
5.800000000000000000e+02 
0
-1
-1
532
-1.5174639225861566
-1.1489926082144144
-3.0271355971582383
309
5.820000000000000000e+02 
5.810000000000000000e+02 
0
-1
-1
533
-1.55428144880013
-1.1533754530711415
-2.98941684604368
309
5.830000000000000000e+02 
5.820000000000000000e+02 
0
-1
-1
534
-1.5906142828693026
-1.1590899331982043
-2.9369498031454095
309
5.840000000000000000e+02 
5.830000000000000000e+02 
0
-1
-1
535
-1.6267694316104135
-1.1669523695395194
-2.8696843275509787
309
5.850000000000000000e+02 
5.840000000000000000e+02 
0
-1
-1
536
-1.6382413412424202
-1.1707450815537692
-2.830708964417311
310
5.860000000000000000e+02 
5.850000000000000000e+02 
0
-1
-1
537
-1.6781319251005407
-1.1838985403507505
-2.7539093437592768
310
5.870000000000000000e+02 
5.860000000000000000e+02 
0
-1
-1
538
-1.7124103043344014
-1.1976914439049748
-2.693799057134497
310
5.880000000000000000e+02 
5.870000000000000000e+02 
0
-1
-1
539
-1.7324647019302897
-1.207161132764035
-2.6426360497787873
311
5.890000000000000000e+02 
5.880000000000000000e+02 
0
-1
-1
540
-1.765282936813667
-1.2243392920890268
-2.5904778894399554
311
5.900000000000000000e+02 
5.890000000000000000e+02 
0
-1
-1
541
-1.7886232156617796
-1.238110502547358
-2.536702513515122
312
5.910000000000000000e+02 
5.900000000000000000e+02 
0
-1
-1
542
-1.819646489004681
-1.2585437847964838
-2.4811354740162
312
5.920000000000000000e+02 
5.910000000000000000e+02 
0
-1
-1
543
-1.8497784580698946
-1.2804238737390685
-2.4369602565773167
312
5.930000000000000000e+02 
5.920000000000000000e+02 
0
-1
-1
544
-1.8594062194778433
-1.2877100440091862
-2.402621804314676
313
5.940000000000000000e+02 
5.930000000000000000e+02 
0
-1
-1
545
-1.8780091963948111
-1.3058621706911946
-2.2110996445633773
314
5.950000000000000000e+02 
5.940000000000000000e+02 
0
-1
-1
546
-1.9006463976827093
-1.3332426001999194
-2.181862527977338
314
5.960000000000000000e+02 
5.950000000000000000e+02 
0
-1
-1
547
-1.9242733714476834
-1.3615376713937302
-2.1893659818701545
314
5.970000000000000000e+02 
5.960000000000000000e+02 
0
-1
-1
548
-1.9324542123167814
-1.3705394154468689
-2.1673721660210696
315
5.980000000000000000e+02 
5.970000000000000000e+02 
0
-1
-1
549
-1.9499770772573868
-1.3940286296095725
-2.039722808729749
316
5.990000000000000000e+02 
5.980000000000000000e+02 
0
-1
-1
550
-1.9686438245744131
-1.4257141236730684
-1.9652773350994708
316
6.000000000000000000e+02 
5.990000000000000000e+02 
0
-1
-1
551
-1.974595862566612
-1.43627559923166
-1.862214596502842
317
6.010000000000000000e+02 
6.000000000000000000e+02 
0
-1
-1
552
-1.9852434490437227
-1.4696979070409064
-1.7581588088907378
317
6.020000000000000000e+02 
6.010000000000000000e+02 
0
-1
-1
553
-1.9890476155931123
-1.4803025673315364
-1.6491201066102428
318
6.030000000000000000e+02 
6.020000000000000000e+02 
0
-1
-1
554
-1.9919453484390885
-1.4982469236588316
-1.4981240647011496
319
6.040000000000000000e+02 
6.030000000000000000e+02 
0
-1
-1
555
-1.9916126122753002
-1.5336427000408812
-1.4150930457858788
319
6.050000000000000000e+02 
6.040000000000000000e+02 
0
-1
-1
556
-1.992712347514611
-1.5412116066789636
-1.3287844011970429
320
6.060000000000000000e+02 
6.050000000000000000e+02 
0
-1
-1
557
-1.9839989826203268
-1.5792598187143467
-1.2215152042974204
320
6.070000000000000000e+02 
6.060000000000000000e+02 
0
-1
-1
558
-1.977095105406427
-1.6030255444204538
-1.046170326170569
321
6.080000000000000000e+02 
6.070000000000000000e+02 
0
-1
-1
559
-1.5188951325737619
-1.5947189734473417
0.4283621808385447
296
6.140000000000000000e+02 
6.130000000000000000e+02 
0
-1
-1
560
-1.4756687713632126
-1.5653355475773798
0.46174154930685185
152
6.160000000000000000e+02 
6.150000000000000000e+02 
0
-1
-1
561
-1.3423425039347943
-1.4668355670293156
0.33821216924681086
153
6.180000000000000000e+02 
6.170000000000000000e+02 
0
-1
-1
562
-0.6454417744190415
-1.5466871755475062
-0.10093118057116351
322
6.230000000000000000e+02 
6.220000000000000000e+02 7.050000000000000000e+02 
0
-1
-1
563
-0.6099138557833188
-1.5458835853209592
-0.001378597047694375
322
6.240000000000000000e+02 
6.230000000000000000e+02 
0
-1
-1
564
-0.5955338201432471
-1.5415703527073283
0.1133816483081469
323
6.250000000000000000e+02 
6.240000000000000000e+02 
0
-1
-1
565
-0.5780990706025246
-1.535042899395901
0.25515124766936986
324
6.260000000000000000e+02 7.060000000000000000e+02 
6.250000000000000000e+02 
0
-1
-1
566
-0.5520473074728365
-1.5290886517781759
0.26850522657685816
324
6.270000000000000000e+02 
6.260000000000000000e+02 
0
-1
-1
567
-0.5477622756682772
-1.5242757229160508
0.3224325915251233
325
6.280000000000000000e+02 
6.270000000000000000e+02 7.060000000000000000e+02 
0
-1
-1
568
-0.5280494124073409
-1.5130756086534185
0.4852921379187732
326
6.290000000000000000e+02 
6.280000000000000000e+02 
0
-1
-1
569
-0.507159028401793
-1.4969494388558457
0.6751400787950166
327
6.300000000000000000e+02 7.070000000000000000e+02 
6.290000000000000000e+02 
0
-1
-1
570
-0.4919705472357389
-1.4854835177352335
0.7475879815860369
327
6.310000000000000000e+02 
6.300000000000000000e+02 
0
-1
-1
571
-0.4728652402639859
-1.4649030079217842
0.785843015964552
328
6.320000000000000000e+02 
6.310000000000000000e+02 7.070000000000000000e+02 
0
-1
-1
572
-0.4483959015307222
-1.4338945432205281
0.9391448848990168
328
6.330000000000000000e+02 7.080000000000000000e+02 
6.320000000000000000e+02 
0
-1
-1
573
-0.43764460664487703
-1.4207722075942453
0.9391544787195746
328
6.340000000000000000e+02 
6.330000000000000000e+02 
0
-1
-1
574
-0.42798651671977117
-1.4050280463561222
0.9899871212524529
329
6.350000000000000000e+02 
6.340000000000000000e+02 7.080000000000000000e+02 
0
-1
-1
575
-0.40770779836456866
-1.3723503855979111
1.0650895678693995
329
6.360000000000000000e+02 
6.350000000000000000e+02 
0
-1
-1
576
-0.39003008923173893
-1.338314730226676
1.1515450023001397
329
6.370000000000000000e+02 7.090000000000000000e+02 
6.360000000000000000e+02 
0
-1
-1
577
-0.36815039539957445
-1.3175475621305306
1.4711203512335533
0
6.390000000000000000e+02 
6.380000000000000000e+02 
0
-1
-1
578
-0.3728766690518002
-1.306244443533341
1.3517154991106128
0
6.400000000000000000e+02 
6.390000000000000000e+02 
0
-1
-1
579
-0.30162939149377416
-1.0492513123084641
1.463917136085196
330
6.440000000000000000e+02 
6.430000000000000000e+02 
0
-1
-1
580
-0.29699517715774376
-1.0176215691754267
1.5362855253808472
330
6.450000000000000000e+02 
6.440000000000000000e+02 
0
-1
-1
581
-0.29538631696739576
-1.0025207743786586
1.6910626024054545
331
6.460000000000000000e+02 
6.450000000000000000e+02 
0
-1
-1
582
-0.29827944418795893
-0.9707285951060728
1.7989564173223278
331
6.470000000000000000e+02 
6.460000000000000000e+02 
0
-1
-1
583
-0.2988766090585088
-0.9625786015520392
1.8939150716148
332
6.480000000000000000e+02 
6.470000000000000000e+02 
0
-1
-1
584
-0.30762966740500386
-0.9396300010576241
2.1133170789056974
333
6.490000000000000000e+02 
6.480000000000000000e+02 
0
-1
-1
585
-0.31706836337692246
-0.924772179481178
2.2775743610358323
334
6.500000000000000000e+02 
6.490000000000000000e+02 
0
-1
-1
586
-0.33980827901258265
-0.9020263850072044
2.427216009730105
334
6.510000000000000000e+02 
6.500000000000000000e+02 
0
-1
-1
587
-0.34386842092324943
-0.8984869130079789
2.4721834454781044
335
6.520000000000000000e+02 
6.510000000000000000e+02 
0
-1
-1
588
-0.37031810269594784
-0.8797544932398521
2.564561894244736
335
6.530000000000000000e+02 
6.520000000000000000e+02 
0
-1
-1
589
-0.38610957345712993
-0.8693228871668734
2.6183155981347364
336
6.540000000000000000e+02 
6.530000000000000000e+02 
0
-1
-1
590
-0.4127753637750638
-0.8542566468781863
2.6437008046783044
336
6.550000000000000000e+02 
6.540000000000000000e+02 
0
-1
-1
591
-0.4412600430293356
-0.8387179772344667
2.6741353801753056
336
6.560000000000000000e+02 
6.550000000000000000e+02 
0
-1
-1
592
-0.4703700880666071
-0.8245050941250609
2.723591811050201
336
6.570000000000000000e+02 
6.560000000000000000e+02 
0
-1
-1
593
-0.4811561029217248
-0.8210467416522598
2.7836815703408604
337
6.580000000000000000e+02 
6.570000000000000000e+02 
0
-1
-1
594
-0.5120356911422905
-0.8105530550485565
2.8348213326894225
337
6.590000000000000000e+02 
6.580000000000000000e+02 
0
-1
-1
595
-0.543433753765897
-0.8019172697642538
2.8937315607510765
337
6.600000000000000000e+02 
6.590000000000000000e+02 
0
-1
-1
596
-0.5582734015026997
-0.8000081408252024
2.9731821599465786
338
6.610000000000000000e+02 
6.600000000000000000e+02 
0
-1
-1
597
-0.5910159242205315
-0.7953380119329212
2.9937489526823935
338
6.620000000000000000e+02 
6.610000000000000000e+02 
0
-1
-1
598
-0.621431157564413
-0.7943400388099517
3.1312750139112158
338
6.630000000000000000e+02 
6.620000000000000000e+02 
0
-1
-1
599
-0.6530378729705
-0.7950315271075248
-3.1261807720799686
338
6.640000000000000000e+02 
6.630000000000000000e+02 
0
-1
-1
600
-0.655072243263114
-0.7974365150458488
-3.067763947880146
339
6.650000000000000000e+02 
6.640000000000000000e+02 
0
-1
-1
601
-0.6868414128602454
-0.8038789202497405
-2.9589884920656626
339
6.660000000000000000e+02 
6.650000000000000000e+02 
0
-1
-1
602
-0.7036508681440885
-0.8098708824015427
-2.843468302373333
340
6.670000000000000000e+02 
6.660000000000000000e+02 
0
-1
-1
603
-0.7344037386333093
-0.8214029645047942
-2.833375112742238
340
6.680000000000000000e+02 
6.670000000000000000e+02 
0
-1
-1
604
-0.7679497031714049
-0.8346126336279607
-2.792579428782152
340
6.690000000000000000e+02 
6.680000000000000000e+02 
0
-1
-1
605
-0.7999540296465478
-0.8470576283803972
-2.8251939950162672
340
6.700000000000000000e+02 
6.690000000000000000e+02 
0
-1
-1
606
-0.8129499751467344
-0.8538156716936086
-2.8159945729513485
341
6.710000000000000000e+02 
6.700000000000000000e+02 
0
-1
-1
607
-0.8453967207397244
-0.8658447719571449
-2.836164376627874
341
6.720000000000000000e+02 
6.710000000000000000e+02 
0
-1
-1
608
-0.8778168268464496
-0.877608765736311
-2.8379236584129135
341
6.730000000000000000e+02 
6.720000000000000000e+02 
0
-1
-1
609
-0.9102654443391137
-0.889474018375716
-2.8353248330431198
341
6.740000000000000000e+02 
6.730000000000000000e+02 
0
-1
-1
610
-0.9140889099844098
-0.8938207944190009
-2.812808444774217
342
6.750000000000000000e+02 
6.740000000000000000e+02 
0
-1
-1
611
-0.9463513144257939
-0.906923276874416
-2.8013519410314176
342
6.760000000000000000e+02 
6.750000000000000000e+02 
0
-1
-1
612
-0.978496613153271
-0.9204249891495224
-2.793324299206599
342
6.770000000000000000e+02 
6.760000000000000000e+02 
0
-1
-1
613
-1.0107839506294471
-0.9343250387924413
-2.7834825597340345
342
6.780000000000000000e+02 
6.770000000000000000e+02 
0
-1
-1
614
-1.0240246467925125
-0.9423067321727425
-2.7693248559603374
343
6.790000000000000000e+02 
6.780000000000000000e+02 
0
-1
-1
615
-1.0542329503550456
-0.9574522093934432
-2.6581386127755016
343
6.800000000000000000e+02 
6.790000000000000000e+02 
0
-1
-1
616
-1.059306310974661
-0.9640580001839045
-2.5828125839765366
344
6.810000000000000000e+02 
6.800000000000000000e+02 
0
-1
-1
617
-1.0895472960643837
-0.9869640981694556
-2.5500555190995473
344
6.820000000000000000e+02 
6.810000000000000000e+02 
0
-1
-1
618
-1.0996161958523178
-0.998439361077444
-2.423056354828225
345
6.830000000000000000e+02 
6.820000000000000000e+02 
0
-1
-1
619
-1.1215611528768084
-1.0242514229966528
-2.30987372760207
345
6.840000000000000000e+02 
6.830000000000000000e+02 
0
-1
-1
620
-1.1313587227773607
-1.0386513558899604
-2.293560126140147
346
6.850000000000000000e+02 
6.840000000000000000e+02 
0
-1
-1
621
-1.1413419573092662
-1.0555957652946728
-2.1507046718936826
347
6.860000000000000000e+02 
6.850000000000000000e+02 
0
-1
-1
622
-1.1574869621590003
-1.08837992002056
-2.030343309415376
347
6.870000000000000000e+02 
6.860000000000000000e+02 
0
-1
-1
623
-1.1631474015356669
-1.1055006375858782
-1.9195769614942946
348
6.880000000000000000e+02 
6.870000000000000000e+02 
0
-1
-1
624
-1.172242607698799
-1.1413814933029167
-1.8052001031193186
348
6.890000000000000000e+02 
6.880000000000000000e+02 
0
-1
-1
625
-1.1743674335843495
-1.1551741781634874
-1.793888785567657
349
6.900000000000000000e+02 
6.890000000000000000e+02 
0
-1
-1
626
-1.1770349475240123
-1.1793423990983265
-1.617477317093687
350
6.910000000000000000e+02 
6.900000000000000000e+02 
0
-1
-1
627
-1.176190783687511
-1.207040021648234
-1.4323484368658472
351
6.920000000000000000e+02 
6.910000000000000000e+02 
0
-1
-1
628
-1.1730864313955043
-1.2347454143065537
-1.4251372358463041
352
6.930000000000000000e+02 
6.920000000000000000e+02 
0
-1
-1
629
-1.169055580831714
-1.2606115808927743
-1.287014771769691
353
6.940000000000000000e+02 
6.930000000000000000e+02 
0
-1
-1
630
-1.1632331111063259
-1.2812952427912665
-1.1514518796060225
354
6.950000000000000000e+02 
6.940000000000000000e+02 
0
-1
-1
631
-1.1568109776086204
-1.298089361287757
-1.0262998444018376
355
6.960000000000000000e+02 
6.950000000000000000e+02 
0
-1
-1
632
-1.1450783372457427
-1.319475149940436
-0.8705845521584736
356
6.970000000000000000e+02 
6.960000000000000000e+02 
0
-1
-1
633
-1.1207167101020075
-1.3495112864715977
-0.7182571008565071
356
6.980000000000000000e+02 
6.970000000000000000e+02 
0
-1
-1
634
-1.1165689169093436
-1.3576340672880276
-0.6793908778048698
357
6.990000000000000000e+02 
6.980000000000000000e+02 
0
-1
-1
635
-1.0888144478035717
-1.3840847415170645
-0.5836922570492624
357
7.000000000000000000e+02 
6.990000000000000000e+02 
0
-1
-1
636
-1.0802467280335852
-1.3945108993746116
-0.5368875413754037
358
7.010000000000000000e+02 
7.000000000000000000e+02 
0
-1
-1
637
-1.0500948066967721
-1.417430821569834
-0.47086376086600223
358
7.020000000000000000e+02 
7.010000000000000000e+02 
0
-1
-1
638
-0.6699610691671063
-1.544103229189631
-0.2602479619334912
169
7.040000000000000000e+02 
7.030000000000000000e+02 
0
-1
-1
639
-0.38448408332378714
-1.3262396671429857
1.1620869488784087
329
7.100000000000000000e+02 
7.090000000000000000e+02 
0
-1
-1
640
-0.38726313128805817
-1.3373352987398768
1.1323814194906001
0
7.110000000000000000e+02 
7.100000000000000000e+02 
0
-1
-1
641
-0.3808089097089268
-1.3255473533235982
1.1270127819442541
0
7.120000000000000000e+02 
7.110000000000000000e+02 
0
-1
-1
642
-0.3738930711909471
-1.3139705134330544
1.110210491128909
0
7.130000000000000000e+02 
7.120000000000000000e+02 
0
-1
-1
643
-0.3666544112552682
-1.3026083118730183
1.1012394297165593
0
7.140000000000000000e+02 
7.130000000000000000e+02 
0
-1
-1
644
-0.3592076984441286
-1.2915783685362445
1.0905341067312233
0
7.150000000000000000e+02 
7.140000000000000000e+02 
0
-1
-1
-
32.0
31.0
