0.033741844497865874
2.489510605519997
2.522860952792061
1
0
0.44999999999999996
0.03469714200496731
0.027379023213790266
0.04105000000000025
2
1
0.8000000000000002
0.029899647361862732
0.016244488037588045
0.023550000000000182
3
2
1.1000000000000003
0.03469964773655636
0.012659227391272232
0.01739999999999986
4
3
1.4500000000000006
0.03484988225639328
0.005590316461286271
0.007850000000000357
5
4
1.800000000000001
0.03469995705627694
0.003699711258432714
0.006899999999999906
6
5
2.1500000000000004
0.009899991637915322
0.0004237373589490723
0.0017500000000003624
7
6
2.25
0.03474861053038901
0.006937554719236072
0.023549999999999738
8
7
2.5999999999999988
0.034649902334651164
0.004719698953432161
0.006099999999999994
9
8
2.9499999999999975
0.009849976702281396
0.0021860406265461485
0.004350000000000076
10
9
3.049999999999997
0.034599773058725906
0.006075577215383099
0.011249999999999538
11
10
3.399999999999996
0.004900000000000001
0.0008499999999997954
0.0008499999999997954
12
11
3.4499999999999957
0.034649803109750105
0.006713056622844604
0.013049999999999784
13
12
3.7999999999999945
0.03449955267891605
0.00711652893757142
0.013950000000000351
14
13
4.149999999999993
0.00495
0.0008499999999997954
0.0008499999999997954
15
14
4.199999999999993
0.03474895188329024
0.014532406499197847
0.02700000000000058
16
15
4.549999999999992
0.019899460521722426
0.01163379953903343
0.020950000000000024
17
16
4.749999999999991
0.034697757855205305
0.022509011233445175
0.0410500000000007
18
17
5.09999999999999
0.024899226695429624
0.01840490431633235
0.029700000000000504
19
18
5.349999999999989
0.03469742324279829
0.024041746684309917
0.04275000000000029
20
19
5.699999999999988
0.0347476570917773
0.022508145073215413
0.0410500000000007
21
20
6.0499999999999865
0.00979999172245015
0.0030234693728159456
0.004350000000000076
22
21
6.149999999999986
0.034697907931404814
0.01841245064584296
0.03224999999999989
23
22
6.499999999999985
0.0051
0.008750000000000036
0.008750000000000036
24
23
6.549999999999985
0.03479776177217651
0.02324972342614462
0.04105000000000025
25
24
6.8999999999999835
0.014799887576278687
0.00503462984629266
0.009600000000000275
26
25
7.049999999999983
0.034741036220580696
0.03976894845130641
0.0724499999999999
27
26
7.399999999999982
0.03464740809255407
0.032063359328648566
0.04795000000000016
28
27
7.7499999999999805
0.005
0.008750000000000036
0.008750000000000036
29
28
7.79999999999998
0.03469948254308975
0.01773198686389188
0.027099999999999902
30
29
8.14999999999998
0.0348999854008748
0.0012262175074226889
0.003449999999999953
31
30
8.499999999999986
0.014900000000000002
-0.0
-0.0
32
31
8.649999999999988
0.0347499127095833
0.0005136693289107264
-0.0034999999999998366
33
32
8.999999999999993
0.029549898191365567
-0.0026205583654328457
-0.005250000000000199
34
33
9.299999999999997
0.03489971375750544
-0.008641268652939793
-0.0129999999999999
35
34
9.650000000000002
0.020049975570660475
-0.008464214706269235
-0.01045000000000007
36
35
9.850000000000005
0.03454894722586495
-0.014814561956802308
-0.02619999999999978
37
36
10.20000000000001
0.009849996229394278
-0.005220558374500861
-0.006099999999999994
38
37
10.300000000000011
0.03484946690680426
-0.014166215475199806
-0.02265000000000006
39
38
10.650000000000016
0.029699791235182887
-0.004471134857087389
0.0025999999999997137
40
39
10.95000000000002
0.034649886292468346
0.003360893627839534
0.006950000000000234
41
40
11.300000000000026
0.005050000000000001
0.0008499999999997954
0.0008499999999997954
42
41
11.350000000000026
0.034749949706296426
0.003386691433550748
0.0043999999999999595
43
42
11.700000000000031
0.029649992440025783
9.274870456543738e-06
0.0009000000000001229
44
43
12.000000000000036
0.026498206661797905
-0.03637200587082834
-0.04364999999999952
45
44
12.30000000000004
0.024899997834785054
-0.002256927715592383
-0.0025999999999997137
46
45
12.550000000000043
0.019899652706503557
0.01783858667049687
0.024499999999999744
47
46
12.750000000000046
0.019799998211994976
0.003079292929551336
0.002650000000000041
48
47
12.950000000000049
0.019799982906786164
-0.001257323553072176
-0.001700000000000479
49
48
13.150000000000052
0.014899901322165995
-0.0038006676398927297
-0.008700000000000152
50
49
13.300000000000054
0.019749681234793093
-0.015440512372820958
-0.020950000000000024
51
50
13.500000000000057
0.019848476028437003
-0.025569127947818515
-0.04280000000000017
52
51
13.70000000000006
0.019899272208542946
-0.01683251966390653
-0.028799999999999937
53
52
13.900000000000063
0.014849844253212912
-0.009946138289245177
-0.01399999999999979
54
53
14.050000000000065
0.014799864533705444
-0.009070611000110862
-0.013949999999999907
55
54
14.200000000000067
0.01484993860356346
-0.010166669468909983
-0.012199999999999989
56
55
14.350000000000069
0.01479978129406501
-0.006701003410316986
-0.013949999999999907
57
56
14.500000000000071
0.014850000000000002
-0.0017499999999999183
-0.0017499999999999183
58
57
14.650000000000073
0.009949991592463497
-0.0012934673330033952
-0.0026000000000001577
59
58
14.750000000000075
0.009750000000000002
-0.0008499999999997954
-0.0008499999999997954
60
59
14.850000000000076
0.005100000000000001
-0.0
-0.0
61
60
14.900000000000077
0.0056990737924513665
0.006561412411506762
0.1492
62
61
15.10000000000008
0.0
-3.0499109527920645
0.09425000000000017
63
62
15.200000000000081
0.0
3.1390243543875216
0.09684999999999988
64
63
15.300000000000082
5e-05
-3.093592653589793
0.14570000000000016
65
64
15.450000000000085
0.00010000000000000002
0.04884999999999984
0.14659999999999984
66
65
15.600000000000087
5e-05
-3.094492653589793
0.09770000000000012
67
66
15.700000000000088
2.3997696066354335e-06
1.641896326794897
0.09509999999999996
68
67
15.80000000000009
5e-05
0.09600000000000009
0.14400000000000013
69
68
15.950000000000092
0.0
2.4130743543875215
0.3873999999999991
70
69
16.350000000000097
5e-05
-3.0909926535897925
0.09770000000000056
71
70
16.4500000000001
5e-05
0.09684999999999988
0.09684999999999988
72
71
16.5500000000001
4.9999999999999996e-05
-3.0438926535897934
0.09769999999999968
73
72
16.6500000000001
0.0001
-3.042992653589793
0.09860000000000024
74
73
16.750000000000103
0.0
1.634824354387522
0.09600000000000009
75
74
16.850000000000104
0.0001
0.047099999999999476
0.047099999999999476
76
75
16.900000000000105
0.0
1.4917243543875225
0.09685000000000077
77
76
17.000000000000107
0.0
1.3948743543875217
0.09769999999999968
78
77
17.100000000000108
0.0
1.297174354387522
0.09859999999999935
79
78
17.20000000000011
0.0
1.1985743543875227
0.09770000000000056
80
79
17.30000000000011
0.015098864853401782
0.02918172631299143
0.042749999999998956
81
80
17.450000000000113
0.005750120921697126
0.017744649110222888
0.1919000000000004
82
81
17.700000000000117
0.014299149089267087
0.11713316233151705
0.12740000000000062
83
82
17.95000000000012
0.023435492573501894
-0.021289312094264545
-0.08115000000000094
84
83
18.250000000000124
0.020234326656595754
-0.0848455695936341
-0.13959999999999972
85
84
18.55000000000013
0.013445250304174672
-0.05806697632051616
-0.09335000000000004
86
85
18.75000000000013
0.00999814041964771
-0.0454368707648074
-0.06979999999999897
87
86
18.900000000000134
0.01334589062859385
-0.054142521539519706
-0.08725000000000094
88
87
19.100000000000136
0.017091734101073293
-0.06381489491706382
-0.10994999999999955
89
88
19.35000000000014
0.016740735531660493
-0.0703050722516334
-0.11775000000000002
90
89
19.600000000000144
0.013445731320384256
-0.05623774194298381
-0.08985000000000021
91
90
19.800000000000146
0.0334369664485831
-0.08537298889959999
-0.10034999999999972
92
91
20.200000000000152
0.011397466355922623
-0.02758971026778223
-0.0558500000000004
93
92
20.350000000000154
0.01674091537643725
-0.0659703159173306
-0.11169999999999991
94
93
20.600000000000158
0.03129798836110777
-0.055928824740730576
-0.06630000000000003
95
94
20.950000000000163
0.021836303610124622
-0.075818728208775
-0.11435000000000084
96
95
21.250000000000167
0.031323228983809424
-0.035014299866582554
-0.11080000000000023
97
96
21.650000000000173
0.033195410544481614
-0.04851225789950231
-0.08729999999999993
98
97
22.05000000000018
0.02684820709314503
-0.050474013582854305
-0.061950000000000394
99
98
22.350000000000183
0.034698712952680046
-0.014475852780941878
-0.026099999999999568
100
99
22.700000000000188
0.034792996896353914
-0.073562779344722
-0.09604999999999997
101
100
23.100000000000193
0.009749906692055894
-0.007852563959421133
-0.012249999999999872
102
101
23.200000000000195
0.03474764488674194
-0.024710555681490387
-0.04280000000000017
103
102
23.5500000000002
0.034697086636080995
-0.022369151225324124
-0.038400000000000656
104
103
23.900000000000205
0.019799340842817315
-0.013779434295050574
-0.023550000000000182
105
104
24.100000000000207
0.0346980710313715
-0.020013515606758236
-0.035800000000000054
106
105
24.450000000000212
0.034599147871635205
-0.015437017444695389
-0.0253000000000001
107
106
24.800000000000217
0.02979932243218077
-0.0174438138966706
-0.023600000000000065
108
107
25.10000000000022
0.034549339737138585
-0.016798636952409574
-0.0253000000000001
109
108
25.450000000000227
0.034749180157560636
-0.009625850733689933
-0.016550000000000065
110
109
25.80000000000023
0.02789952321389378
-0.0007481491431753362
-0.01570000000000027
111
110
26.100000000000236
0.03504618756724416
-0.06765067120529356
-0.07160000000000011
112
111
26.50000000000024
0.0346496214485567
0.005866310064353009
0.01045000000000007
113
112
26.850000000000247
0.01999982121056301
0.005862370184296584
0.012199999999999989
114
113
27.05000000000025
0.03449822868332427
0.01749790207992774
0.034949999999999815
115
114
27.400000000000254
0.014949801629523096
0.010482452073950821
0.01574999999999971
116
115
27.550000000000257
0.029597413144928763
0.026617052368019145
0.04630000000000001
117
116
27.85000000000026
0.014849758136931434
0.01606364146751993
0.022699999999999942
118
117
28.000000000000263
0.009599808793099237
0.013038225353585453
0.16489999999999982
119
118
28.250000000000266
0.024446328099763163
0.08568320594570267
0.10994999999999999
120
119
28.55000000000027
0.014999445855082009
0.018729652214484638
0.02970000000000006
121
120
28.700000000000273
0.01619666382194909
0.024308663894920812
0.0829500000000003
122
121
28.900000000000276
0.0003000799030124996
-3.107561457256433
0.13959999999999972
123
122
29.050000000000278
0.034342746208893146
0.0433677321405872
0.07500000000000018
124
123
29.400000000000283
0.020197788449087612
0.030763185152010486
0.049750000000000405
125
124
29.600000000000286
0.03449213750464587
0.04348533945568622
0.07589999999999986
126
125
29.95000000000029
0.03444266457836665
0.046555068083982576
0.07679999999999954
127
126
30.300000000000296
0.03489132215350696
0.04524730920082298
0.07589999999999986
128
127
30.6500000000003
0.02489382625826165
0.038234365731876885
0.07075000000000031
129
128
30.900000000000304
0.03469795222875767
0.034091596084572906
0.04889999999999972
130
129
31.25000000000031
0.03469803211294274
0.023345199923082482
0.04365000000000041
131
130
31.600000000000314
0.01499999879583336
0.00028333332575147807
-0.0
132
131
31.750000000000316
0.018237860601563308
-0.043881427858559974
-0.09775000000000045
133
132
32.00000000000032
0.033249703035913965
-0.026479545858140163
-0.02010000000000023
134
133
32.3500000000003
0.014849998820159957
0.0028776094198033064
0.0034500000000008413
135
134
32.50000000000029
0.03508590194604859
-0.02267527218421339
-0.06630000000000091
136
135
32.90000000000027
0.029449987250847718
0.0010268250664084988
0.000900000000000567
137
136
33.20000000000025
0.034336315823605745
-0.039768102702379515
-0.056750000000000966
138
137
33.60000000000023
0.0048000000000000004
0.00435000000000052
0.00435000000000052
139
138
33.650000000000226
0.03459989803916451
0.008069654911217583
0.010399999999999743
140
139
34.000000000000206
0.029699983458752077
0.0007333333779326878
-0.0
141
140
34.30000000000019
0.029799813990072387
-0.00852793849396516
-0.0129999999999999
142
141
34.60000000000017
0.034399696739222836
-0.008840411549822846
-0.014799999999999258
143
142
34.95000000000015
0.024899600127542987
-0.011599008640301278
-0.017450000000000188
144
143
35.20000000000014
0.03459916288261262
-0.013652702300622543
-0.01914999999999978
145
144
35.55000000000012
0.01984988544977194
-0.012025568046635904
-0.016600000000000392
146
145
35.75000000000011
0.019649877325597715
-0.005255215724292661
-0.009599999999999831
147
146
35.950000000000095
0.029899760944208792
-0.013582103127675715
-0.02009999999999934
148
147
36.25000000000008
0.02979952543143186
-0.008844523781483815
-0.01914999999999978
149
148
36.55000000000006
0.024749679399282326
-0.006142424597101126
-0.012199999999999989
150
149
36.80000000000005
0.029549904868004233
-0.006062268635551149
-0.008650000000000269
151
150
37.10000000000003
0.029649873105246825
-0.008681876882525863
-0.012150000000000105
152
151
37.40000000000001
0.02474993503730522
-0.005933938712129105
-0.009549999999999947
153
152
37.65
0.03474995908778876
-0.0022343168021219384
-0.0034999999999998366
154
153
37.99999999999998
0.0050500000000000015
-0.0
-0.0
155
154
38.049999999999976
0.03469991460297637
-0.0046860945623006245
-0.007799999999999585
156
155
38.399999999999956
0.03469997427979884
-3.2636979271138955e-05
0.0016999999999995907
157
156
38.749999999999936
0.029499354409647533
0.0165480968971794
0.024400000000000865
158
157
39.04999999999992
0.029899976704287633
0.000703176735909139
0.003449999999999065
159
158
39.3499999999999
0.03469990694189363
0.0025097969052501057
0.007000000000000561
160
159
39.69999999999988
0.00495
0.0025999999999992696
0.0025999999999992696
161
160
39.74999999999988
0.03479962239289683
0.008087860120351564
0.015649999999999942
162
161
40.09999999999986
0.004900000000000001
0.0026000000000001577
0.0026000000000001577
163
162
40.14999999999986
0.029798893081565195
0.01200055789636778
0.02349999999999941
164
163
40.44999999999984
0.03469851212280513
0.016683503689688628
0.03140000000000054
165
164
40.79999999999982
0.019749349312203828
0.021978371188088985
0.03230000000000022
166
165
40.99999999999981
0.019599073610716465
0.019202678442095333
0.0323500000000001
167
166
41.1999999999998
0.024698353507778742
0.028542293293503995
0.045399999999999885
168
167
41.44999999999978
0.014749546988795097
0.020270177220872654
0.029650000000000176
169
168
41.599999999999774
0.00559999157788409
0.015277917236808491
0.16664999999999974
170
169
41.79999999999976
0.014799558840330273
0.07041895908747708
0.07850000000000001
171
170
41.99999999999975
0.009849939744985601
0.01647563401057983
0.02010000000000023
172
171
42.099999999999746
0.00984988655453269
0.013476902992043627
0.018349999999999866
173
172
42.19999999999974
0.019997713602806697
0.027975386300925997
0.04974999999999952
174
173
42.39999999999973
0.005947975039599051
0.019779679241458403
0.1719500000000007
175
174
42.59999999999972
0.03429144022116389
0.09437413413843654
0.1274999999999995
176
175
42.999999999999694
0.03454252333135778
0.04663766370149247
0.07940000000000058
177
176
43.349999999999675
0.034544044957662556
0.04264612470581142
0.06894999999999918
178
177
43.699999999999655
0.03484458444272002
0.039865724029459315
0.06465000000000032
179
178
44.049999999999635
0.03479714676873549
0.03200012000551666
0.04974999999999952
180
179
44.399999999999615
0.010049938457525553
0.007797760980768231
0.011350000000000193
181
180
44.49999999999961
0.03464760527434278
0.024403266321509243
0.04279999999999973
182
181
44.84999999999959
0.03489927355550611
0.01234664673725483
0.020950000000000024
183
182
45.19999999999957
0.024849982867312336
0.007303822619935119
0.009549999999999947
184
183
45.449999999999555
0.03449960432000167
0.007189624722927057
0.01655000000000051
185
184
45.799999999999535
0.0346496263002866
0.008089026185071901
0.014800000000000146
186
185
46.149999999999515
0.005000000000000001
0.0026000000000001577
0.0026000000000001577
187
186
46.19999999999951
0.03484993754862211
0.010632927810210191
0.011400000000000077
188
187
46.54999999999949
0.03464995260295316
0.001918903491158197
0.00354999999999972
189
188
46.89999999999947
0.005000000000000001
-0.0008499999999997954
-0.0008499999999997954
190
189
46.94999999999947
0.03459999080463103
-0.0001527456827412621
-0.000900000000000567
191
190
47.29999999999945
0.03464997197692855
-0.0001067822799560858
-0.0017499999999994742
192
191
47.64999999999943
0.00495
-0.0
-0.0
193
192
47.69999999999943
0.034649964636691254
0.004236074925725752
0.00694999999999979
194
193
48.04999999999941
0.03474939756531622
0.00853807160528497
0.01574999999999971
195
194
48.39999999999939
0.00495
-0.0
-0.0
196
195
48.449999999999385
0.034649474046976096
0.01111510662269577
0.017450000000000188
197
196
48.799999999999365
0.014899984092889175
0.004022650720032495
0.006050000000000111
198
197
48.949999999999356
0.03479971483534657
0.010808843205997398
0.014800000000000146
199
198
49.299999999999336
0.03474912709193818
0.012137659940891332
0.020950000000000024
200
199
49.64999999999932
0.01959989749339776
0.008492477804120213
0.011350000000000193
201
200
49.849999999999305
0.014949938750062529
0.009599999999999831
0.013099999999999667
202
201
49.9999999999993
0.019799366661842777
0.0175145197426394
0.027949999999999697
203
202
50.199999999999285
0.009799966239472517
0.008698214224197365
0.011350000000000193
204
203
50.29999999999928
0.0051526795093885065
-0.0011163033114369725
0.15450000000000053
205
204
50.49999999999927
0.02019879887694139
0.11492873157878414
0.12919999999999998
206
205
50.79999999999925
0.019849288314055868
0.02530656353932148
0.03664999999999985
207
206
50.99999999999924
0.00584920430051139
0.01545732441236325
0.20859999999999967
208
207
51.249999999999226
0.03459265547997759
0.042803879039051376
0.07160000000000016
209
208
51.599999999999206
0.026242255645902837
0.03785657246772048
0.1614
210
209
51.949999999999186
0.014849293962448322
0.11942363589675098
0.13005
211
210
52.19999999999917
0.034591985162084664
0.04670773738048328
0.07764999999999994
212
211
52.54999999999915
0.03459231457762083
0.042766580156927414
0.07234999999999986
213
212
52.89999999999913
0.03483502500862744
0.04657744270333297
0.09514999999999996
214
213
53.24999999999911
0.019847258662678745
0.040147245246108576
0.06109999999999993
215
214
53.4499999999991
0.0345963221395515
0.035230777951323344
0.055850000000000066
216
215
53.79999999999908
0.034599982594182954
0.0023630060523144314
0.0034999999999999476
217
216
54.14999999999906
0.03484952532416823
-0.004840154698757315
-0.013950000000000018
218
217
54.49999999999904
0.03459895781770199
-0.010065018709895734
-0.02179999999999993
219
218
54.84999999999902
0.009999922979676721
-0.012714250201538047
-0.01660000000000006
220
219
54.949999999999015
0.03464777286928362
-0.018384868322503745
-0.03750000000000009
221
220
55.299999999998995
0.03469754312967152
-0.01910134147510012
-0.03925000000000001
222
221
55.649999999998975
0.03459861500792546
-0.016399931992475136
-0.027000000000000135
223
222
55.999999999998956
0.039698446362655904
-0.02123504080480898
-0.03490000000000004
224
223
56.39999999999893
0.034798712258643574
-0.018164548466731767
-0.03315000000000001
225
224
56.74999999999891
0.019999513166787247
-0.008708737537807876
-0.018300000000000094
226
225
56.9499999999989
0.034749162886817946
-0.012448789263633353
-0.02090000000000014
227
226
57.29999999999888
0.03429805862347906
-0.021969594919950375
-0.03750000000000003
228
227
57.64999999999886
0.021546203614804377
-0.01670212507543195
-0.05495
229
228
57.89999999999885
0.03654888412278755
-0.04191774571645546
-0.04190000000000005
230
229
58.299999999998825
0.011547505378387456
-0.020459101433758176
-0.048899999999999944
231
230
58.449999999998816
0.03219886603079597
-0.04435345388900741
-0.042750000000000066
232
231
58.799999999998796
0.029941438772405595
-0.014333656243286697
-0.06459999999999999
233
232
59.149999999998776
0.03499651822051231
-0.06221575170690585
-0.06455000000000002
234
233
59.549999999998754
0.02644309983263739
-0.013426581639638224
-0.06279999999999998
235
234
59.84999999999874
0.015196414903372696
-0.05464821249026556
-0.0768
236
235
60.049999999998725
0.03459587339943939
-0.03297400845954801
-0.05850000000000044
237
236
60.399999999998705
0.0049499999999999995
-0.013949999999999463
-0.013949999999999463
238
237
60.4499999999987
0.03449204092165355
-0.05189023119018632
-0.08290000000000042
239
238
60.79999999999868
0.005000000000000001
-0.008750000000000036
-0.008750000000000036
240
239
60.84999999999868
0.03459644594061662
-0.03614370463223082
-0.05410000000000004
241
240
61.19999999999866
0.024749112451809434
-0.021468923084516867
-0.030549999999999855
242
241
61.449999999998646
0.03489788773008902
-0.0244049363821075
-0.03929999999999989
243
242
61.799999999998626
0.02964956113167426
-0.01599014047979086
-0.023550000000000182
244
243
62.09999999999861
0.0346496573644185
-0.005627272345114065
-0.010449999999999626
245
244
62.44999999999859
0.029649986576299515
-0.0020356663150122856
-0.0026000000000001577
246
245
62.74999999999857
0.03464996089840337
-0.0018479079725084446
0.0008999999999996788
247
246
63.09999999999855
0.03474991711193738
0.0021249641976677225
0.005250000000000199
248
247
63.44999999999853
0.03474958696868215
0.009630924690804399
0.017450000000000188
249
248
63.79999999999851
0.014849973648454307
0.0052508410986638054
0.007849999999999469
250
249
63.949999999998504
0.03469970323437121
0.009703308313956605
0.017450000000000188
251
250
64.29999999999849
0.02979995940012077
0.002167701554292023
0.0026000000000001577
252
251
64.59999999999847
0.03479990640463871
-0.0017515822361104938
-0.0026000000000001577
253
252
64.94999999999845
0.024899896283131363
-0.006280419120180625
-0.011299999999999422
254
253
65.19999999999844
0.03464817211628853
-0.016349939145931636
-0.03315000000000001
255
254
65.54999999999842
0.024699305007163205
-0.01551376055252529
-0.02525000000000066
256
255
65.7999999999984
0.03449870660927829
-0.019279703123284087
-0.030549999999999855
257
256
66.14999999999839
0.01979980718550895
-0.015460354721135161
-0.020950000000000024
258
257
66.34999999999837
0.03439915116014151
-0.012165073898676049
-0.019999999999999574
259
258
66.69999999999835
0.010049999092381858
-0.003927114427987988
-0.00435000000000052
260
259
66.79999999999835
0.03469975558433507
0.005743806205597224
0.009599999999999831
261
260
67.14999999999833
0.024799897486131317
0.01324617335936118
0.01655000000000051
262
261
67.39999999999831
0.02979943887380215
0.011309226575177966
0.02090000000000014
263
262
67.6999999999983
0.02959890901019439
0.017596614828263135
0.03049999999999997
264
263
67.99999999999828
0.0298498467380551
0.008134589837617945
0.011299999999999422
265
264
68.29999999999826
0.024799901519189566
0.007199601335632799
0.009599999999999831
266
265
68.54999999999825
0.019749603110075495
0.006557674555445203
0.017450000000000188
267
266
68.74999999999824
0.019699852454198266
0.011989213967531498
0.016600000000000392
268
267
68.94999999999823
0.010249901906787573
0.011353658400424571
0.01574999999999971
269
268
69.04999999999822
0.019849410902613638
0.013670040587778765
0.023550000000000182
270
269
69.24999999999821
0.014999755284607643
0.008070171008753846
0.014800000000000146
271
270
69.3999999999982
0.009650406945955774
0.001396425298813675
0.15614999999999934
272
271
69.64999999999819
5e-05
0.14480000000000004
0.14480000000000004
273
272
69.79999999999818
0.0
-0.0805256456124746
0.1466
274
273
69.94999999999817
0.009449823318984635
0.05921085746788235
0.06455
275
274
70.09999999999816
0.019949039978304915
0.016811406008869823
0.029749999999999943
276
275
70.29999999999815
0.005250866951666931
0.009409788268106845
0.1963499999999999
277
276
70.54999999999814
0.024096758871221365
0.027821550682545215
0.05235000000000001
278
277
70.79999999999812
0.01999811006897521
0.031495477311059394
0.04795000000000005
279
278
70.99999999999811
0.020049027719816658
0.0270155200074228
0.13169999999999993
280
279
71.2999999999981
0.004049218488807325
0.14438593711817116
0.1484000000000001
281
280
71.49999999999808
0.034733984412308135
0.05470957658871767
0.10209999999999986
282
281
71.84999999999806
0.005050000000000001
0.008750000000000036
0.008750000000000036
283
282
71.89999999999806
0.034345521503434256
0.0390500389772368
0.05759999999999965
284
283
72.24999999999804
0.034499741485897364
0.00957645234354021
0.013949999999999685
285
284
72.59999999999802
0.019999998636326444
-0.001485375009562917
-0.0017000000000000348
286
285
72.79999999999801
0.034499900614545304
-0.01250912991788411
-0.016599999999999726
287
286
73.14999999999799
0.03469899995405408
-0.015953033624934276
-0.025249999999999773
288
287
73.49999999999797
0.03459781328560924
-0.02049469069593224
-0.03665000000000007
289
288
73.84999999999795
0.029799402516646777
-0.009803237650405361
-0.021850000000000036
290
289
74.14999999999793
0.03444860472419928
-0.014075994272775616
-0.023550000000000182
291
290
74.49999999999791
0.034699798601933174
-0.006584505281629349
-0.013050000000000117
292
291
74.84999999999789
0.00485
1.1102230246251565e-16
-0.0
3.0
292
74.89999999999789
0.039799666366729984
0.037939393650751274
0.04282846142601171
293
9.0
77.04999999999777
0.03464959927211787
0.019681077402206704
0.03016977510257579
294
293
77.39999999999775
0.009999984701285165
0.005135506245971921
0.0068330061924264385
11.0
294
77.49999999999774
0.044599617882182
0.017674014992726583
0.022883880743215013
295
11.0
77.94999999999771
0.03449902219222876
0.03178909901560889
0.04181783419413243
296
295
78.2999999999977
0.005050000000000001
0.005443742177579036
0.005443742177579036
297
296
78.34999999999769
0.03459891579625829
0.02497771297714113
0.035658247129556564
298
297
78.69999999999767
0.009949939057851163
0.008014053902821061
0.011496465891306595
15.0
298
78.79999999999767
0.004900000000000001
0.00407681429932083
0.00407681429932083
299
16.0
79.04999999999765
0.024798855908711847
0.02723895449720226
0.042315995761705416
17.0
299
79.29999999999764
0.034695608474469404
0.03656948069449806
0.06200590790865679
19.0
17.0
79.64999999999762
0.03454424764087049
0.047289573883455116
0.0723472262203475
22.0
20.0
80.29999999999758
0.034640588838870896
0.06133093723650829
0.09854722428996787
29.0
27.0
81.7499999999975
0.03474987178214538
0.0037626846025040628
-0.0007096905227359507
300
33.0
83.24999999999741
0.009899991635354715
0.0002735117386833963
-0.0010133569407888565
34.0
300
83.34999999999741
0.034448575373544975
-0.010896501410087023
-0.024483416571126515
301
39.0
85.09999999999731
0.005150000000000001
0.0006048833951619592
0.0006048833951619592
40.0
301
85.1499999999973
0.013445572313983684
0.06564806821193381
0.10026142626825463
302
41.0
85.64999999999728
0.01988382909230766
0.08709879694865563
0.1474387046480583
303
302
85.94999999999726
0.016990755652426342
0.07442473946305084
0.11832887628599398
304
303
86.19999999999725
0.023676535409952897
0.09232524574130885
0.1595110815459897
305
304
86.54999999999723
0.03339297691883943
0.03773177596548383
0.08484504246999336
306
305
86.9499999999972
0.006649665857111924
0.03895366590949134
0.048903287444573174
307
306
87.0499999999972
0.03679751845024876
0.03313747617276608
0.015260089271981858
308
307
87.44999999999717
0.03474989809012282
0.0031705411729210375
-0.0019842815639763423
309
308
87.79999999999715
0.03474882181517194
0.015564424347705774
0.02579577593546656
310
309
88.14999999999714
0.014949953406892627
0.011351434079861722
0.014240731258082118
311
310
88.29999999999713
0.03489834148007669
0.02508079480844927
0.038425370535765335
312
311
88.6499999999971
0.024699461103722415
0.0183175060749301
0.025295723276408832
313
312
88.89999999999709
0.029799324855530662
0.01426995607097492
0.022122859950978846
98.0
313
89.19999999999708
0.029849963936178434
0.1886983093117074
0.18581933077579116
314
98.0
89.49999999999706
0.02969830862314155
-0.04415484117878421
-0.059415097317958576
100.0
314
89.79999999999704
0.029648116272211245
-0.018098077430729553
-0.033910025795012455
315
104.0
91.44999999999695
0.00495
-0.006362004742913818
-0.006362004742913818
105.0
315
91.49999999999694
0.029649785201962254
-0.006384342864875769
-0.010576834192850715
316
110.0
93.24999999999685
0.009899991634501178
-0.001962377127749715
-0.0032623771277497937
111.0
316
93.34999999999684
0.0348888752897475
0.014295174229158825
0.07449010982585635
317
113.0
94.39999999999678
0.011948961230138874
0.04194808039525233
0.053795534224923
318
317
94.54999999999677
0.03494036691499737
0.017482869613820284
0.07271466818986738
319
318
94.94999999999675
0.013395624924632876
0.056752996531860056
0.09233535276338678
320
319
95.14999999999674
0.03194597105270996
0.017745506049146265
0.05870438981029169
321
320
95.49999999999672
0.020032975605431082
0.08896732040041311
0.15058483375907716
322
321
95.7999999999967
0.034899965942856034
0.016462033862282954
0.019086962698974475
323
322
96.14999999999668
0.034674709810705064
0.06008483541595089
0.0960313624724356
324
323
96.54999999999666
0.0099
0.0031522103374390653
0.0031522103374390653
325
324
96.64999999999665
0.034699437399051423
0.01294824511936099
0.022908277487786677
326
325
96.99999999999663
0.03323947507379263
0.030675365552770728
0.07698122920269412
327
326
97.34999999999661
0.007949953157285977
0.02469800907376296
0.02751561645613876
328
327
97.4499999999966
0.03499917677511325
0.02250739532862589
0.03311251949112659
329
328
97.79999999999659
0.02702574401627672
0.057845506198733077
0.1291038582737727
129.0
329
98.14999999999657
0.018249795953549426
0.11981586889985252
0.12059707617788984
330
129.0
98.34999999999656
0.03306383597034067
0.050875061508231845
0.10723591456729853
331
330
98.74999999999653
0.009799991719863413
-0.0030654077076093245
-0.004352142394015601
133.0
331
98.84999999999653
0.020535888083675572
0.0787868637155551
0.13443333811875036
332
132.0
99.2499999999965
0.016749262353239064
0.04044223212796538
0.039166584763022705
333
332
99.44999999999649
0.0331951400741966
0.04480779294517756
0.14545431141146548
334
333
99.89999999999647
0.03464483394423179
0.04455938987363872
0.026561898142962725
335
334
100.29999999999644
0.01309514192357629
0.06588082024839537
0.10214855247618448
336
335
100.49999999999643
0.019983720448526764
0.07983154418276328
0.1392501263231356
337
336
100.79999999999642
0.023376399063354644
0.08793394867007187
0.15689735045670616
338
337
101.1499999999964
0.0235218032915762
0.10330562566256596
0.17607938230587994
339
338
101.49999999999638
0.02322412112589744
0.09742343324862102
0.16815516163326727
340
339
101.84999999999636
0.028513800890829964
0.1045157522109097
0.157802667392394
341
340
102.24999999999633
0.034440338146021765
-0.03863780557455154
-0.07542651848867532
342
341
102.59999999999631
0.03499241880836814
-0.03935168546053802
-0.06509616833184229
343
342
102.9499999999963
0.034798912532946244
-0.017824904491155813
-0.025807667980193294
344
343
103.29999999999627
0.03494909446906151
0.01572858030346147
0.02898633270307105
345
344
103.64999999999625
0.014999975944743995
0.005947996683494772
0.008270496910634861
346
345
103.79999999999625
0.03459796190886164
0.02166953794250137
0.03849054576624944
347
346
104.14999999999623
0.03479798225133298
0.02367892925679893
0.0403213018888664
348
347
104.4999999999962
0.03484828535369557
0.021998154424983873
0.03673981681635219
349
348
104.84999999999619
0.01979978231520297
0.006156242796348188
0.013584915632476324
350
349
105.04999999999617
0.03479891994430568
0.014479164856605387
0.02784384820353747
351
350
105.39999999999615
0.03449932284092631
0.011065824607210395
0.019076111421401976
352
351
105.74999999999613
0.03484999337570183
0.003667867183184903
0.003401224412436399
353
352
106.09999999999611
0.0049499999999999995
8.458635490171673e-05
8.458635490171673e-05
354
353
106.14999999999611
0.03449995210100653
0.0036543505578023883
0.0024283355917802396
355
354
106.49999999999609
0.03469814742727512
-0.01181350958221028
-0.031608534778438724
356
355
106.84999999999607
0.034894405297090945
-0.034169943262856606
-0.059621115216509146
357
356
107.19999999999605
0.034445807832482044
-0.029066751273975733
-0.0526381175679278
358
357
107.54999999999603
0.029747171305549925
-0.027208218735329304
-0.04840827755916344
359
358
107.84999999999602
0.034594376955794044
-0.035915839240505676
-0.06398197359835578
360
359
108.199999999996
0.01979880232674979
-0.025141724754464967
-0.0397784569326749
361
360
108.39999999999598
0.03463895585994251
-0.046542962951234834
-0.08398658560226835
362
361
108.74999999999596
0.014949497376745936
-0.020468877304101518
-0.03028609552463113
363
362
108.89999999999596
0.034488493075277904
-0.046485549042993846
-0.0875874847631799
364
363
109.24999999999594
0.019848196553211656
-0.03333719337095786
-0.05202752767135177
365
364
109.44999999999592
0.032794393267466464
-0.03642522696481354
-0.04231792979724158
366
365
109.7999999999959
0.033360979399799276
0.11873459488580806
0.1568360331299754
367
366
110.24999999999588
0.03501066445864708
0.024246917594101802
0.11228783577894763
368
367
110.69999999999585
0.0334457440588802
0.004091063651594062
-0.020522221539601482
369
368
111.04999999999583
0.03334863877393444
-0.0006286718959644944
-0.0030881130957221004
370
369
111.39999999999581
0.034599921080809705
-0.0012791530938454088
0.003948162355715823
371
370
111.7499999999958
0.03348596205460372
0.0923997435689623
0.11130536965899562
372
371
112.14999999999577
0.03464983754454274
0.000666411324956151
0.00562766962877248
368.0
372
112.49999999999575
0.009949904777947122
-0.02775121960595417
-0.02335423454106511
373
368.0
112.59999999999575
0.0332716151891507
0.07839419837072814
0.1402606652458216
374
373
112.99999999999572
0.03459992712052151
0.0038467595502904572
0.006700878453375303
375
374
113.3499999999957
0.012895698327532108
0.05952884008473891
0.09223117894533939
376
375
113.54999999999569
0.033199539105088285
0.025780173425503428
0.01508541766806104
377
376
113.89999999999567
0.030457252076291966
0.08076646036641932
0.14483554275740396
378
377
114.29999999999565
0.026896963110040167
-0.013071799441379817
0.019300844382743598
379
378
114.59999999999563
0.026560881737210388
0.10558737559740106
0.18705854638614827
380
379
114.99999999999561
0.033441897712182825
0.016041992260866778
0.06295956635519673
381
380
115.39999999999559
0.0067494956380991815
0.034310833979423805
0.046445273912651075
382
381
115.49999999999558
0.027012181403265955
0.10895070863926024
0.18579877776444684
383
382
115.89999999999556
0.02312478713441347
0.09213862403025264
0.16385593276482235
384
383
116.24999999999554
0.027215051589547557
0.0978360868177709
0.17865632426343847
385
384
116.64999999999552
0.033189624338636196
0.08114584672168157
0.08891443222223605
386
385
117.04999999999549
0.00495
5.996709122013666e-05
5.996709122002564e-05
387
386
117.09999999999549
0.034747964206532936
-0.015936873399462037
-0.033527854768628074
388
387
117.44999999999547
0.024598275880131325
-0.027364121923934115
-0.04247743811356419
389
388
117.69999999999546
0.034699951963307565
-0.0027808137884913764
-0.00040653389433387144
390
389
118.04999999999544
0.02959914119009425
0.01007632964787164
0.023062341740839543
391
390
118.34999999999542
0.03449720843692823
0.022822035765241333
0.040560669944089245
392
391
118.6999999999954
0.03474539255137815
0.036370473964915995
0.059797198734250157
393
392
119.04999999999538
0.00495
0.007041863665897985
0.007041863665897985
394
393
119.09999999999538
0.03278860303247364
0.052709329574362696
0.08498524305502375
395
394
119.44999999999536
0.03484649412822862
0.02058990324088794
0.04489104878111916
396
395
119.79999999999534
0.018289445002677318
0.050905073417175206
0.10062929421501488
38.0
396
120.04999999999532
0.024799990340836423
0.593891832989295
0.5942142119927087
40.0
38.0
120.29999999999531
0.021581395416829692
-0.06792252357660677
-0.0053171466080894625
302.0
40.0
120.59999999999529
0.029790906547604593
0.03337061180022172
0.08717361286615377
397
303.0
121.19999999999526
0.0034000000000000002
0.02528029610854121
0.02528029610854121
304.0
397
121.24999999999525
0.016990901005158196
0.07012871778482666
0.11808048830758322
307.0
305.0
121.89999999999522
0.023148198867186505
0.023115640739806764
0.05106695900542135
311.0
309.0
122.79999999999517
0.03504796675145463
0.026936939255802095
0.04104721918074272
398
312.0
123.49999999999513
0.034798193086751944
0.0260535857925972
0.04147889789597814
399
398
123.8499999999951
0.004900000000000001
0.005703816559688768
0.005703816559688768
313.0
399
123.8999999999951
0.03484842353697075
-0.016328028368571168
-0.03245929042174378
400
314.0
124.84999999999505
0.0198997555309872
-0.012455310738722414
-0.01981813292868262
100.0
400
125.04999999999504
0.02964978460072278
0.00759728230335277
0.013858329148318305
401
317.0
129.59999999999522
0.00505
-0.00012576577292833235
-0.00012576577292833235
115.0
401
129.64999999999523
0.059395837985397125
-0.01963156066723659
0.002029936334111415
402
115.0
130.24999999999537
0.009949939057851163
0.022408072621729502
0.025925660633244085
116.0
402
130.3499999999954
0.019749629537703272
0.003625854225207892
0.013235371880729208
403
116.0
130.54999999999544
0.02469913581361844
0.022903480714641766
0.034282404144500234
117.0
403
130.7999999999955
0.02474796326772969
0.025010348803261806
0.04399297090784948
404
117.0
131.04999999999555
0.005050000000000001
0.0060855859354918
0.0060855859354918
118.0
404
131.09999999999556
0.01934794647488413
0.0813070068375854
0.09621211541867503
125.0
123.0
132.39999999999586
0.034844763442841896
0.03451921491766896
0.0597685775287955
405
128.0
133.59999999999613
0.009899502729107605
0.02589916142661952
0.03612669346128694
129.0
405
133.69999999999615
0.029887521119431732
-0.038525825134148484
-0.06440334762184996
134.0
332.0
135.04999999999646
0.021849180148207546
-0.04429618807959912
-0.04707527915198639
406
135.0
135.6499999999966
0.029649956934517087
0.000936607722559657
0.001673622365627736
136.0
406
135.94999999999666
0.01999304180466127
-0.03689105542139082
-0.07846334696282753
407
136.0
136.19999999999672
0.008600000000000002
-0.019840611098135952
-0.019840611098135952
137.0
407
136.29999999999674
0.029848819699380136
-0.018662199869186935
-0.03118381181444363
408
142.0
137.64999999999705
0.00999997634924964
-0.0060693307355164094
-0.00826608076981028
143.0
408
137.74999999999707
0.019799882251935203
-0.01042439115001681
-0.014769211846309638
409
147.0
138.7499999999973
0.00495
-0.003652607624753834
-0.003652607624753834
148.0
409
138.7999999999973
0.024749979922803172
-0.007317384664155213
-0.008877384804763189
410
150.0
139.5999999999975
0.005050000000000001
-0.005400661191509393
-0.005400661191509393
151.0
410
139.6499999999975
0.019699976280302078
-0.0009418303433816888
-0.0028988097853286376
411
151.0
139.84999999999755
0.010049999092381858
-0.00804547393707633
-0.008472588365063594
152.0
411
139.94999999999757
0.024649941567299403
-0.011192779184217905
-0.014023002037870214
412
155.0
140.79999999999777
0.01484999494687543
-0.0033657765381871485
-0.003949109805354567
156.0
412
140.9499999999978
0.024649987555697847
0.0010256089102353982
0.0003433575884956852
413
156.0
141.19999999999786
0.00495
-0.004357152842113798
-0.004357152842113798
157.0
413
141.24999999999787
0.02969994200574461
-0.00023101621545684736
0.0026758859206221786
414
158.0
141.849999999998
0.005
-0.00010695367695490177
-0.00010695367695490177
159.0
414
141.89999999999802
0.029899713127669408
0.00699557944093776
0.013244156002777174
415
163.0
143.04999999999828
0.005000000000000001
0.006012914445064688
0.006012914445064688
164.0
415
143.0999999999983
0.0034000000000000002
0.021710224739075912
0.021710224739075912
416
165.0
143.49999999999838
0.02367201369209561
0.093001465427073
0.1651229440047901
417
416
143.84999999999846
0.013495313938189276
0.05775036700433933
0.09125977696383902
418
417
144.0499999999985
0.023323461494090366
0.09208132826368498
0.16604644468285024
419
418
144.39999999999858
0.019981047136214902
0.08749450136054548
0.14955391499579918
420
419
144.69999999999865
0.03814955703954135
0.03808329746499162
0.03609433365614656
421
420
145.09999999999874
0.03176201376093337
0.07585097133791141
0.1276140225449769
422
421
145.49999999999883
0.03313303040231792
0.011114234408970525
0.07788784522004111
423
422
145.89999999999893
0.009897773730818809
0.04721303859316084
0.07395303443889212
424
423
146.04999999999896
0.033442898144881994
0.02501856333776331
0.06916200625698377
425
424
146.44999999999905
0.013645696470461873
0.05246038550622334
0.08615440867861057
426
425
146.6499999999991
0.03329419525175501
0.062454828523210715
0.04490434931584808
427
426
147.0499999999992
0.019933416595327207
0.08799336033810068
0.1453950540349318
428
427
147.34999999999926
0.02347444120398515
0.08693310872576276
0.15759837751901706
429
428
147.69999999999933
0.020234073680450625
0.08199919006156087
0.13672313103170275
430
429
147.9999999999994
0.03379421981639385
0.06047078708022813
0.04837036833736974
431
430
148.3999999999995
0.033148398066856315
-0.010275309472252303
-0.0012613908674330432
432
431
148.74999999999957
0.03129651642274029
0.009143942884040968
0.047652877124069626
433
432
149.09999999999965
0.006799562102926424
0.03465169724204653
0.0461686161729018
434
433
149.19999999999968
0.03309984182854498
0.028447162389671377
0.026750261806681053
435
434
149.54999999999976
0.034649252431052005
0.00755035814437904
0.019751183581842784
436
435
149.89999999999984
0.02469948492100765
0.009198059249845764
0.01720017515523376
437
436
150.1499999999999
0.0345977404312457
0.022215006915586297
0.038974095568509226
438
437
150.49999999999997
0.03449818181297148
0.020483960612056665
0.03468028340928911
439
438
150.85000000000005
0.03449886100986108
0.015567239551305428
0.028538057919739318
440
439
151.20000000000013
0.004900000000000002
0.0060723231043278425
0.0060723231043278425
441
440
151.25000000000014
0.034999522526498586
0.006717585257784986
0.014577869257014014
442
441
151.60000000000022
0.034749132006229776
0.009357728351140099
0.020673290576581405
443
442
151.9500000000003
0.033071183035451694
0.03613360697648468
0.12014128473969415
444
443
152.3500000000004
0.0337155566199116
0.07762359407972824
0.16380936187644124
445
444
152.8000000000005
0.0034000000000000002
0.0217762209589048
0.0217762209589048
446
445
152.8500000000005
0.034794161827653575
-0.02852325749284551
-0.05518967680329817
447
446
153.20000000000059
0.0347813053600984
0.03851355731404854
0.06262610501725996
448
447
153.60000000000068
0.03294877010534672
-0.005415667105986843
0.010308763483231953
449
448
153.95000000000076
0.008549622524526547
0.007589908415568392
0.019154878531609798
450
449
154.05000000000078
0.03226970098486876
0.08233070660015229
0.11935519734637723
451
450
154.45000000000087
0.03484993234881837
-0.0061030370856378635
-0.008820325513824168
452
451
154.80000000000095
0.01479999880396962
0.0004987112077303735
-6.412663753352366e-05
453
452
154.95000000000098
0.03474868874065867
0.013860888266105098
0.02689673875165821
454
453
155.30000000000106
0.03317297946715889
0.04784641542155976
0.12542237985616855
455
454
155.70000000000115
0.038330928709096934
0.020747279761611392
0.09319903923027373
456
455
156.15000000000126
0.03638244366860994
0.026407106183478524
0.0967006307595869
457
456
156.60000000000136
0.03319411235222453
0.06397065165717608
0.05312773935842774
458
457
157.00000000000145
0.02711349323742177
0.10211606271604445
0.17613245775545616
459
458
157.40000000000154
0.0331384156085883
0.0829645800338843
0.09933691827111257
460
459
157.80000000000163
0.01149759973424025
0.019929707911858774
0.048847042848539024
461
460
157.95000000000167
0.023327641108470156
0.0877073848586869
0.15522469146034434
462
461
158.30000000000175
0.019832678260723685
0.08104093547049285
0.14129573391871486
463
462
158.6000000000018
0.02362755110170357
0.08715040109010674
0.15518042084173977
464
463
158.9500000000019
0.0201349943795228
0.07848956676994301
0.13685158509520345
465
464
159.25000000000196
0.016940572992362422
0.06924353437293629
0.11777280034102011
466
465
159.50000000000202
0.009847698140529772
0.045642448136660185
0.07325885963639411
467
466
159.65000000000205
0.014899137563814212
-0.01838439750729437
-0.0322876337097151
468
467
159.8000000000021
0.01974765591389267
-0.03306035471416413
-0.053248806536392745
469
468
160.00000000000213
0.024794368406505708
-0.04370451456974722
-0.07336089989598493
470
469
160.2500000000022
0.02964700964090167
-0.03727640281430156
-0.05417368392552735
471
470
160.55000000000226
0.02964998642857038
-0.000383366748978764
-0.0009730800774963022
472
471
160.85000000000232
0.02459984332998379
0.003784860591683925
0.009491570436756191
473
472
161.10000000000238
0.029699132924370767
0.011379360055120413
0.023480806702222745
474
473
161.40000000000245
0.02984801908703409
0.020079045109424154
0.035631999616345666
475
474
161.70000000000252
0.019749118444075293
0.013923367064681447
0.027007950221897392
476
475
161.90000000000256
0.01984984537202732
0.011719749159893045
0.014810420012548953
477
476
162.1000000000026
0.024799108743744972
0.023839681576352856
0.03315139240536702
478
477
162.35000000000267
0.024899081031539372
0.01831109810358411
0.027852508913368546
479
478
162.60000000000272
0.024799390227486878
0.015104890526483672
0.023503796372313257
480
479
162.85000000000278
0.029798525097357052
0.020449849194493108
0.03394473580956214
481
480
163.15000000000285
0.02964965178239848
0.014335733247405003
0.02259535212442021
155.0
481
163.45000000000292
0.01979986292866855
0.012189434208172756
0.018514442992213276
416.0
164.0
165.95000000000348
0.02489959975048512
0.04175531578895342
0.04992389427827071
482
416.0
166.20000000000354
0.01989977909737044
0.019014519533772756
0.023855588672335948
166.0
482
166.4000000000036
0.015149814061101649
-0.006556214535894611
-0.0005770073487987304
483
166.0
166.55000000000362
0.03484780579964953
0.04035572505541474
0.057887186875554164
484
483
166.9000000000037
0.024847020719265017
0.03048547845754257
0.052951679219298775
485
484
167.15000000000376
0.014899531624745195
0.01932250300364924
0.02838506977234001
486
485
167.3000000000038
0.01474962104399639
0.01584100792924037
0.024650330730319858
487
486
167.45000000000383
0.009899815811071142
0.018832847595429136
0.02493284759542913
488
487
167.55000000000385
0.009899864862213696
0.017852538124980555
0.023077538124980812
489
488
167.65000000000387
0.009849905754433428
0.01699058758784311
0.02129896279737853
490
489
167.7500000000039
0.006348323609427317
0.02526305272633511
0.06658603746566971
491
490
167.85000000000392
0.00015059610540507802
3.112236878539859
0.1355657803942405
175.0
491
168.00000000000395
0.009949864183129367
0.015727060581284924
0.02097831710162623
181.0
179.0
169.25000000000423
0.02969936755451318
0.01601742514954818
0.02623552812759744
492
188.0
171.65000000000478
0.02494997833941578
0.006943881867110591
0.008360715409093444
190.0
492
171.90000000000484
0.029749770085162462
-0.0033363462692186374
-0.008679874203258109
193.0
191.0
172.55000000000499
0.028625167706621196
0.05681076204024205
0.11217263451446247
493
196.0
173.70000000000525
0.034592728647057876
0.008274958359007378
0.058615321094006134
494
493
174.10000000000534
0.01679927536481146
0.03878185689379254
0.04474596311314638
495
494
174.30000000000538
0.03323029972400036
0.024944798197497953
0.09623162970949029
496
495
174.70000000000547
0.013345126512204979
0.060046999306376136
0.09509599841445393
497
496
174.90000000000552
0.03167938803788452
0.0983915831038944
0.144514529157175
498
497
175.3000000000056
0.02284913111192857
0.005037217034516317
0.02691009372497888
499
498
175.55000000000567
0.03524396012227839
0.07527464868923861
0.08923500028083531
500
499
175.95000000000576
0.034899151504387584
0.008457828230996486
0.02085269664976777
501
500
176.30000000000584
0.01494947373131189
0.009018785918724154
0.02032300909180558
502
501
176.45000000000587
0.03464510999707188
0.03198229726309834
0.05744033250170069
503
502
176.80000000000595
0.034697084290883806
0.02939584599113884
0.0502620735613927
504
503
177.15000000000603
0.014749840288595505
0.012709672432832692
0.01852441970496077
505
504
177.30000000000607
0.03484786958100054
0.022130190750290518
0.038724876862317376
506
505
177.65000000000614
0.03464841553363305
0.02590131918043098
0.042219294007044716
507
506
178.00000000000622
0.03469830121267255
0.02175269705392935
0.03781316961450476
508
507
178.3500000000063
0.034649232144689415
0.01617043268958729
0.024611112639819743
509
508
178.70000000000638
0.03459921399380647
0.020262924214835387
0.02806376846235853
510
509
179.05000000000646
0.03459955587647719
0.014348296859450271
0.02107105920983776
511
510
179.40000000000654
0.0099
2.3195077923254814e-05
2.3195077923254814e-05
223.0
511
179.50000000000657
0.02004993488329333
0.00708412861948049
0.011435752551944067
226.0
224.0
180.20000000000672
0.03142125430561483
0.03182326004355107
0.11127540156496696
512
230.0
182.05000000000715
0.035267875587521
0.11150098780927431
0.13700981582437755
513
512
182.50000000000725
0.02159746697070406
-0.00019309121129607032
0.03303702484814952
514
513
182.7500000000073
0.03541482700520562
0.10841873637718524
0.14304507073415385
515
514
183.2000000000074
0.014844198253980532
0.03428055799237495
0.07249374494866023
516
515
183.40000000000745
0.03294122941550933
0.07932187514392797
0.08294891080839095
517
516
183.80000000000754
0.019837409568876932
0.07581877738336851
0.1276945907501763
518
517
184.1000000000076
0.029847326851199674
0.1125157952285325
0.20327504912428518
519
518
184.5500000000077
0.030196699544970194
0.11735362827810514
0.21092629369589333
520
519
185.00000000000782
0.02377565980755187
0.08489769214505372
0.15375812292647706
521
520
185.3500000000079
0.035196020792900407
0.032144473277518015
0.07271273999555228
522
521
185.750000000008
0.035195254044395406
0.07027586726642387
0.08132441372589905
523
522
186.15000000000808
0.02308418845973985
0.043613756627702616
0.10539106251087316
524
523
186.45000000000815
0.03319468522502142
0.05372189687050399
0.09766903874877375
525
524
186.85000000000824
0.010098595206484935
0.04280998741771436
0.06312489203150218
526
525
187.00000000000827
0.03489558411685369
0.06664832070377091
0.06888563178552065
527
526
187.40000000000836
0.021431117698718288
0.053865602621153474
0.11481460751502315
528
527
187.70000000000843
0.03464713552277912
0.05554790887206629
0.05131002197218715
529
528
188.10000000000852
0.03664030928206664
0.036054009558121436
0.04952713217721705
530
529
188.5000000000086
0.01974999480611493
0.0013696005122976196
0.0011756764294799105
531
530
188.70000000000866
0.02672344228773991
0.06902304401365811
0.1252694840364903
532
531
189.05000000000874
0.03499994765394926
0.0036129203993828796
0.0013489203350172119
533
532
189.40000000000882
0.03464952891797585
0.00575090385213306
0.016126098555095503
534
533
189.7500000000089
0.03479846960096582
0.015665178926204337
0.030953997070839456
535
534
190.10000000000898
0.0098
0.002693894777177963
0.002693894777177963
536
535
190.200000000009
0.03969760598172906
0.024382912247150834
0.04054867148767505
537
536
190.6000000000091
0.03459893900762409
0.013657954879738643
0.02389033008018382
538
537
190.95000000000917
0.019799647487456273
0.007209578426550234
0.014974481088143587
539
538
191.15000000000921
0.03464949627466731
0.010178305782570618
0.016001466044180734
540
539
191.5000000000093
0.02469975614211311
0.01101990735400582
0.017650879218509274
541
540
191.75000000000935
0.034749136511053824
0.012794023815684508
0.01947506983262004
542
541
192.10000000000943
0.034849931875141696
0.006737446744661479
0.008116068059067949
543
542
192.4500000000095
0.009699999124061871
-0.002108238345838842
-0.0016876197894015732
544
543
192.55000000000953
0.02367615023354088
0.09144350940295576
0.1555293859045479
545
544
192.9000000000096
0.03329797319145748
0.008709672785851552
-0.006722174259149227
546
545
193.2500000000097
0.034646850943690716
-0.025850625191805143
-0.043429112898103917
547
546
193.60000000000977
0.009949923359049406
-0.00999282199146645
-0.013898098272092874
548
547
193.7000000000098
0.027181042286259713
0.027203226945033077
0.09179126550820493
549
548
194.05000000000987
0.03479435954895731
0.007576878970985579
0.0386212462924691
550
549
194.45000000000996
0.010248137355137417
0.04333419670981309
0.06727238274739511
551
550
194.60000000001
0.033493714440752366
0.06913887907442362
0.06829927555217052
552
551
195.0000000000101
0.009747865498429157
0.04893985391912947
0.07331597192761352
553
552
195.15000000001012
0.016990883550615805
0.06889839279986054
0.1153069971951779
554
553
195.40000000001018
0.034547568354503816
0.034889501301378356
0.047375530220477025
555
554
195.80000000001027
0.006749495638099182
0.03855210927869068
0.05068654921191795
556
555
195.9000000000103
0.038741288393595134
0.07876005790001672
0.07168029956389788
557
556
196.3500000000104
0.024669737896416903
0.06446182810550694
0.1397889515210302
558
557
196.70000000001048
0.02829454829176715
0.05851866263889427
0.09878467897342125
196.0
558
197.05000000001056
0.010197849607736951
0.0663616689659765
0.09122317315806594
495.0
493.0
197.50000000001066
0.02711174911584944
0.12278982807677163
0.20623170843417427
499.0
497.0
198.5500000000109
0.023148457795894944
0.01962714584326175
0.04633026694779385
502.0
500.0
199.35000000001108
0.014749865130932856
0.01479174524716292
0.019687674634353773
505.0
503.0
200.10000000001125
0.0396993862983832
0.013304824043381014
0.020876171803429433
559
511.0
202.60000000001182
0.014849973575671683
0.003648561524567273
0.005376170279327297
223.0
559
202.75000000001185
0.029799907844516013
-0.005342412908678262
-0.0024684202980477243
560
223.0
203.05000000001192
0.01504999613501229
-0.02455636638369446
-0.02366151588174109
226.0
560
203.20000000001195
0.034990201053182034
-0.030895893510126782
-0.08452122070292162
561
230.0
205.00000000001236
0.009997972309594049
-0.049554931005807434
-0.07384832600139157
231.0
561
205.1500000000124
0.02989039682345338
-0.0804946378316503
-0.1050555124359791
238.0
236.0
207.20000000001286
0.0394845363858538
-0.03632724348969241
-0.07829962004186353
240.0
238.0
207.60000000001295
0.044599969418009866
-0.0018150853250498145
-0.0012363295859154633
248.0
246.0
209.90000000001348
0.006799456401422284
0.033873014281905256
0.046150935628348044
562
262.0
214.15000000001444
0.034746015381683044
0.03412830700273606
0.07546110975822629
563
562
214.55000000001453
0.013445203098576572
0.0550927530276315
0.09061319733278772
564
563
214.75000000001458
0.01669028289781576
0.07034686933390351
0.11756653622864328
565
564
215.00000000001464
0.03514798326289239
0.0339042107115525
0.038001588539638836
566
565
215.40000000001473
0.0034500000000000004
0.029612156128209055
0.029612156128209055
567
566
215.45000000001474
0.02013425957882392
0.08028117148469074
0.1384876979683439
568
567
215.7500000000148
0.0234237584947168
0.09696113938031914
0.16541910684611671
569
568
216.1000000000149
0.033337871203996984
0.08363192399720354
0.10085461581095989
570
569
216.50000000001498
0.02474960693542222
0.00341211683441045
0.013712145781611063
571
570
216.75000000001504
0.03602721287343928
0.10217632473229532
0.12870153006678542
572
571
217.20000000001514
0.03474861052522677
0.012505638457237955
0.026650673009394166
573
572
217.55000000001522
0.014899621043735108
0.017308618578130597
0.026117344154614197
574
573
217.70000000001525
0.03489598025750922
0.023361289428696308
0.05032935470610089
575
574
218.05000000001533
0.03474480832647589
0.03310766801431764
0.06162437263769227
576
575
218.4000000000154
0.024899020320343523
0.017616843728945675
0.02857747482747619
0.0
576
218.65000000001547
0.03474850498770627
0.00601254346682345
0.02097604209716608
577
2.0
219.60000000001568
0.03459882484927751
0.0064884231346409305
0.01855588837100597
578
577
219.95000000001576
0.03444973072189111
0.0030352833532247825
0.007217640691900229
0.0
578
220.30000000001584
0.01499996392989614
-0.8844753292261256
-0.882095329831122
4.0
0.0
220.45000000001588
0.01849134358981589
0.08642568708602005
0.12124367333568231
11.0
293.0
222.7500000000164
0.03312937924381094
0.008941319988177598
0.08142518972051382
579
11.0
223.1500000000165
0.03334972751620456
0.051781686404519744
0.0468370824866986
580
579
223.50000000001657
0.01673904977698795
0.07986957508627324
0.12918555104605778
581
580
223.75000000001663
0.03379652112678777
0.04848039750386168
0.08224058386780397
582
581
224.15000000001672
0.010148458057092823
0.047619585290433974
0.0692422749972128
583
582
224.30000000001675
0.02685866619929301
0.11039696738172555
0.19362108226570696
584
583
224.70000000001684
0.02008483107286061
0.08198603680085981
0.138410462493064
585
584
225.0000000000169
0.03472413657250075
0.10637768820629478
0.1237276370089786
586
585
225.450000000017
0.007949550619347647
0.005685527300640203
0.018984988792521307
587
586
225.55000000001704
0.034947068048690626
0.06670752114014578
0.06632638021840753
588
587
225.95000000001713
0.021447155750324822
-0.006695562764615026
0.027630886918711184
589
588
226.20000000001718
0.03309895287572003
0.011741569693298537
-0.0008094236962570278
590
589
226.55000000001726
0.03489991417313223
0.00017966641519784332
0.0041671315127067565
591
590
226.90000000001734
0.034799205949938364
0.01040858998304639
0.023115239309236646
592
591
227.25000000001742
0.013599902383084983
0.03148646556083268
0.033673955093253216
593
592
227.40000000001746
0.03484919422719634
0.016424606143549347
0.0246485512746224
594
593
227.75000000001754
0.03469829070905652
0.019165726869367017
0.032342888556806226
595
594
228.10000000001762
0.016896340754916552
0.033026379498640956
0.0528064841409388
596
595
228.30000000001766
0.03494990745167599
-0.0021767713729916593
-0.006154668951054543
597
596
228.65000000001774
0.03207010161470973
0.07376465201840388
0.11072675931507492
598
597
229.05000000001783
0.03309871313200439
-0.010970843861156432
-0.0011480357596034274
599
598
229.4000000000179
0.0034500000000000004
0.031460677340664045
0.031460677340664045
600
599
229.45000000001792
0.03339177093072402
0.0747262657042218
0.08174046508247956
601
600
229.850000000018
0.018489047838471894
0.037231751939673874
0.08840618286498136
602
601
230.10000000001807
0.033297107244646275
0.0034090249033580378
-0.017099923113240045
603
602
230.45000000001815
0.03639569020774978
0.01560750629651908
0.013523458376231368
604
603
230.85000000001824
0.03464454078593417
-0.03467557732471738
-0.05996582834659314
605
604
231.20000000001832
0.014749726662768336
-0.010411387177500231
-0.018230716861499907
606
605
231.35000000001835
0.034847423260257734
-0.02920322685146637
-0.0476785762915366
607
606
231.70000000001843
0.034698743593983984
-0.0177815872996665
-0.02934636170824456
608
607
232.0500000000185
0.03469891426793124
-0.015079483874607114
-0.02506615254282485
609
608
232.4000000000186
0.005050000000000001
-0.005225995851767973
-0.005225995851767973
610
609
232.4500000000186
0.034749475491364944
-0.0077891779624397195
-0.01636271297459624
611
610
232.80000000001868
0.03469933460043618
-0.008990723541339118
-0.019867752834651142
612
611
233.15000000001876
0.03489927356518312
-0.009109554094214989
-0.01812909836855514
613
612
233.50000000001884
0.014899923442223469
-0.009820145289155313
-0.013887763467796965
614
613
233.65000000001888
0.033233042583552426
0.017970617077040174
0.08306703811666116
615
614
234.05000000001897
0.006699535629245932
0.035183299512712374
0.0471340539024534
616
615
234.150000000019
0.03659611743464706
0.02734912503988607
0.004493363072521017
617
616
234.55000000001908
0.01339509058915557
0.06414639664436494
0.09866485176860174
618
617
234.75000000001913
0.03168838076511223
0.08242416256487317
0.08477889176640163
619
618
235.15000000001922
0.014949994929975353
-0.012737730931116076
-0.012158299559813734
620
619
235.30000000001925
0.016890920936609696
0.0670784599501304
0.11431671271947152
621
620
235.5500000000193
0.03339041207501153
0.08078014609791362
0.09175717106345616
622
621
235.9500000000194
0.014543260401508981
0.039759303956500514
0.08209816059229791
623
622
236.15000000001945
0.033239138110245973
0.08073536767775025
0.08564619016131525
624
623
236.55000000001954
0.009999904306597994
-0.013149008134479612
-0.017480257855371217
625
624
236.65000000001956
0.020183284468108426
0.09006900309922417
0.14756061574961077
626
625
236.95000000001963
0.023375610325278462
0.08738320515537579
0.15622043368972616
627
626
237.3000000000197
0.023447766568928108
-0.00045850449931039705
-0.021753104831177872
628
627
237.55000000001976
0.02168090637240661
0.04512182329288006
0.10910408171529351
629
628
237.85000000001983
0.016992455079348222
0.06226956961501884
0.10649226163736492
630
629
238.1000000000199
0.013545317857309032
0.06112428632847333
0.09603102759049476
631
630
238.30000000001993
0.020137170393786413
0.07619949122405067
0.12654581849205027
632
631
238.60000000002
0.03478411098824269
0.08517010894596089
0.12311145933307754
633
632
239.0000000000201
0.00495
0.009605694817652388
0.009605694817652388
634
633
239.0500000000201
0.0347936806998102
0.038852643194882575
0.06639556927361845
635
634
239.40000000002019
0.009799954422531516
0.014442304579219467
0.017461182033743583
636
635
239.5000000000202
0.03469822455707208
0.022041599684305524
0.03664183086388029
637
636
239.8500000000203
0.01479998892136696
0.007855410238848393
0.008716220830486954
245.0
637
240.00000000002032
0.0347495289265438
-0.012068337162911114
-0.01738615864551285
638
260.0
244.95000000002145
0.00829940580705155
0.011094383233766436
0.025823418407521004
261.0
638
245.05000000002147
0.016790423738942184
0.08585275609337373
0.1347945470035432
562.0
261.0
245.30000000002153
0.02689922312784437
0.042725861671416954
0.042771799784805
567.0
565.0
246.4500000000218
0.03814563494588421
0.05901398821986159
0.08419954819142017
571.0
569.0
247.65000000002206
0.02469941532161768
0.014263280582837323
0.025135251315546725
574.0
572.0
248.45000000002224
0.03469523942908828
0.02819960694130441
0.05133378945808342
639
576.0
249.70000000002253
0.01009990333999793
0.0066531494042840755
0.011028149404284093
640
639
249.80000000002255
0.03479827345014948
0.021148776480317544
0.03530681699521132
641
640
250.15000000002263
0.03479904058310949
0.012503943648056515
0.02381490393625363
642
641
250.5000000000227
0.03474890477406731
0.018905968310727328
0.03158786264102664
643
642
250.8500000000228
0.03454877139608244
0.019108530204605678
0.029795344108576538
644
643
251.20000000002287
0.019949773052768557
0.013545288648853404
0.019241019141447824
3.0
644
251.4000000000229
0.03469982260446617
0.010997700541566235
0.01520050619018809
7.0
5.0
252.45000000002315
0.014949968673469758
0.0022791194550337845
0.0051888194780267405
295.0
12.0
254.30000000002357
0.02479964683084429
0.00487278137307845
0.012351718995220695
13.0
295.0
254.55000000002363
0.014899938500549522
0.012354803872631992
0.016428296621818994
297.0
13.0
254.70000000002366
0.014949988808697771
-0.00025156443692830877
0.0014875662170046322
15.0
297.0
254.8500000000237
