0
5.5
5.5
17.824386579623276
26.649999999999835
0.000000000000000000e+00 1.000000000000000000e+00 2.000000000000000000e+00 5.770000000000000000e+02 5.780000000000000000e+02 6.400000000000000000e+02 6.410000000000000000e+02 6.420000000000000000e+02 6.430000000000000000e+02 6.440000000000000000e+02 
1
4.650794751056123
10.066536267208175
18.624386579623277
13.399999999999899
3.000000000000000000e+00 4.000000000000000000e+00 5.000000000000000000e+00 6.000000000000000000e+00 
2
3.9693653337311705
2.8085688815617567
18.615150760811808
16.449999999999914
7.000000000000000000e+00 8.000000000000000000e+00 9.000000000000000000e+00 2.930000000000000000e+02 2.940000000000000000e+02 
3
3.496324478565035
8.777469241110644
18.66145155475599
5.599999999999974
1.000000000000000000e+01 1.100000000000000000e+01 
4
3.254428563586668
6.268847977779586
18.674436562755425
1.0
1.200000000000000000e+01 
5
3.0391336738267603
4.070744343027321
18.65911699788119
1.0
1.300000000000000000e+01 1.400000000000000000e+01 
6
2.7925297056441374
1.563478293904223
18.686456263325454
2.8500000000000147
1.500000000000000000e+01 1.600000000000000000e+01 
7
2.440205185029599
9.106115630681348
18.819480357428425
3.400000000000013
1.700000000000000000e+01 1.800000000000000000e+01 
8
1.9397325558689138
5.3563132734498335
19.074829618083324
9.749999999999961
1.900000000000000000e+01 2.000000000000000000e+01 2.100000000000000000e+01 
9
1.020184741748949
0.41377535162709167
19.396032024163805
8.39999999999997
2.200000000000000000e+01 2.300000000000000000e+01 
10
0.635978785241673
8.962180011702682
19.489466080457724
6.9499999999999975
2.400000000000000000e+01 2.500000000000000000e+01 
11
10.909123234177162
5.886496381404326
19.658732687393346
9.399999999999984
2.600000000000000000e+01 2.700000000000000000e+01 2.800000000000000000e+01 
12
9.53446577865992
1.4716754546158755
20.159372870926433
16.049999999999994
2.900000000000000000e+01 3.000000000000000000e+01 3.100000000000000000e+01 
13
7.323020866988914
7.780372585587283
20.33881224961737
2.9000000000000004
3.200000000000000000e+01 3.300000000000000000e+01 3.000000000000000000e+02 
14
5.8562660196738205
4.030004563353922
20.261540074646877
1.0
3.400000000000000000e+01 3.500000000000000000e+01 
15
4.665371259999404
0.8005384231360781
20.12178701427257
1.0
3.600000000000000000e+01 3.700000000000000000e+01 
16
3.7786093049954514
9.153383794016621
19.910143995194225
1.0
3.800000000000000000e+01 3.900000000000000000e+01 3.010000000000000000e+02 
17
2.6775160681861667
5.239976147920921
19.64752625009526
1.0
4.000000000000000000e+01 4.100000000000000000e+01 
18
2.0374467087610735
2.820064436058691
19.65510342543079
1.0
4.200000000000000000e+01 
19
1.4931941134347047
0.6859824186673329
19.624538758171433
1.0
4.300000000000000000e+01 
20
1.090025085595038
9.873640912876102
19.562284238503764
1.0
4.400000000000000000e+01 
21
0.7866769885393248
8.213996157671803
19.293721655921576
1.0
4.500000000000000000e+01 
22
0.4752793671682265
6.6797764046201085
19.255855964602276
1.0
4.600000000000000000e+01 
23
0.22601152341277264
5.433647862061516
19.333794123912636
1.0
4.700000000000000000e+01 
24
10.977984326300758
4.204355793406247
19.33427392813408
1.0
4.800000000000000000e+01 
25
10.734842431038155
2.9796741458801344
19.310665826590203
1.0
4.900000000000000000e+01 
26
10.54723810613731
2.0708920822162127
19.285615090722466
1.0
5.000000000000000000e+01 
27
10.32370731112665
0.9523667089673464
19.132849632118294
1.0
5.100000000000000000e+01 
28
10.147076724190315
10.978011569942929
18.966246197911946
1.0
5.200000000000000000e+01 
29
9.999878725185383
9.907923614849697
18.767826051596714
1.0
5.300000000000000000e+01 
30
9.892167646503466
8.88332227107426
18.631761022929986
1.0
5.400000000000000000e+01 
31
9.801106417553916
7.85276434529785
18.556907902342612
1.0
5.500000000000000000e+01 
32
9.729121655844637
6.890952917400862
18.466735901798533
1.0
5.600000000000000000e+01 
33
9.667530322056873
5.945513835151644
18.43744226739728
1.0
5.700000000000000000e+01 
34
9.60791414398134
5.002392448797254
18.386024502752857
1.0
5.800000000000000000e+01 
35
9.569848904211371
4.368757139833045
18.384636300849685
1.0
5.900000000000000000e+01 
36
9.533859912983791
3.7441968450182905
18.36614572558549
1.0
6.000000000000000000e+01 
37
9.514719111541044
3.431012325317221
18.36446649694586
1.0
6.100000000000000000e+01 
38
9.48151498893815
2.7582656892808863
18.90661531441969
1.0
6.200000000000000000e+01 
39
9.481327165374747
2.746792361540136
19.432651543198965
1.0
6.300000000000000000e+01 
40
9.481156551342217
2.753051296061817
19.96368673254093
1.0
6.400000000000000000e+01 
41
9.48292231240879
2.754677118162791
20.759927014207314
1.0
6.500000000000000000e+01 
42
9.48119206173494
2.7439871234065283
21.548843609737588
1.0
6.600000000000000000e+01 
43
9.483796192124405
2.7441009411254007
22.082544882404903
1.0
6.700000000000000000e+01 
44
9.485741427300528
2.744803100765996
22.615567449169433
1.0
6.800000000000000000e+01 
45
9.481794589247816
2.735253838944476
23.403915167620482
1.0
6.900000000000000000e+01 7.000000000000000000e+01 
46
9.487120990061214
2.7280090202594955
26.074096204083503
1.0
7.100000000000000000e+01 
47
9.486853162510052
2.7261175015552337
26.58512358332372
1.0
7.200000000000000000e+01 
48
9.484719231741906
2.7231795618815657
27.130902355846455
1.0
7.300000000000000000e+01 
49
9.487505409193329
2.7223927009608766
27.673641656922754
1.0
7.400000000000000000e+01 
50
9.493166575949944
2.7179427971285843
28.213461637437877
1.0
7.500000000000000000e+01 
51
9.493218579472927
2.71820647810049
28.461922179614763
1.0
7.600000000000000000e+01 
52
9.487738900303945
2.7185669926039426
28.98794305172038
1.0
7.700000000000000000e+01 
53
9.488418015647351
2.7160391948206914
29.52855998420539
1.0
7.800000000000000000e+01 
54
9.488615401153222
2.7145791962718935
30.0764527611477
1.0
7.900000000000000000e+01 
55
9.48872540498079
2.712818047355185
30.597018763053512
1.0
8.000000000000000000e+01 
56
9.001921495748523
3.0944915140464477
31.020628086435543
1.0
8.100000000000000000e+01 8.500000000000000000e+01 
57
8.501459667807149
3.509557528810328
31.854386577178232
1.0
8.200000000000000000e+01 8.400000000000000000e+01 
58
8.187191474706761
3.9928693987110933
32.75455424771139
1.0
8.300000000000000000e+01 
59
6.1232744390285045
6.841421720620515
31.305543320335133
1.0
8.600000000000000000e+01 
60
5.690741236494489
7.235098464290976
30.96086552580794
1.0
8.700000000000000000e+01 
61
5.057356330533261
7.719320347464237
30.497980678754015
1.0
8.800000000000000000e+01 
62
4.19312331796667
8.249146977179937
29.94819558561626
1.0
8.900000000000000000e+01 
63
3.2777645629545153
8.690966874223403
29.316538016061546
1.0
9.000000000000000000e+01 
64
2.5218182637401467
8.965538450849856
28.827451749272633
1.0
9.100000000000000000e+01 9.200000000000000000e+01 
65
10.877530743434116
9.441118603919428
27.969393562555055
1.0
9.300000000000000000e+01 
66
9.870487429888975
9.442734614235123
27.35865468580263
1.0
9.400000000000000000e+01 
67
7.9528835556801685
9.39214348838541
26.96172536790906
1.0
9.500000000000000000e+01 
68
6.5889000244768505
9.35235673094224
26.3638952958901
1.0
9.600000000000000000e+01 
69
4.512879767460488
9.145349803270635
25.92885496848844
1.0
9.700000000000000000e+01 9.800000000000000000e+01 3.130000000000000000e+02 3.140000000000000000e+02 4.000000000000000000e+02 
70
1.0111479548554985
8.316349573457432
25.177729140451756
1.0
9.900000000000000000e+01 1.000000000000000000e+02 1.010000000000000000e+02 
71
7.325552570513937
6.7064342535076635
24.659028647560596
1.0
1.020000000000000000e+02 1.030000000000000000e+02 1.040000000000000000e+02 3.150000000000000000e+02 
72
2.228892149599451
4.465010670232524
24.232623174668937
1.0
1.050000000000000000e+02 1.060000000000000000e+02 1.070000000000000000e+02 
73
7.761871070817913
1.6235816918765997
23.916605366605815
1.0
1.080000000000000000e+02 1.090000000000000000e+02 1.100000000000000000e+02 3.160000000000000000e+02 
74
2.495061108487957
9.487130713567486
23.757037901474433
1.0
1.110000000000000000e+02 1.120000000000000000e+02 1.130000000000000000e+02 3.170000000000000000e+02 4.010000000000000000e+02 
75
9.139430471160576
6.293347628799154
23.43285846295924
1.0
1.140000000000000000e+02 1.150000000000000000e+02 4.020000000000000000e+02 
76
6.588493340230352
4.596691216097959
23.701937977215557
1.0
1.160000000000000000e+02 4.030000000000000000e+02 
77
5.0126993225195395
3.649158741888545
23.902290108566245
1.0
1.170000000000000000e+02 4.040000000000000000e+02 
78
4.221534363482633
3.1984273226284614
24.037467928617858
1.0
1.180000000000000000e+02 
79
3.426321096142612
2.796621746344534
24.714711327224656
1.0
1.190000000000000000e+02 
80
2.2346086279769715
2.4605527428815224
25.49785793627679
1.0
1.200000000000000000e+02 
81
1.3129764253752723
2.2536686863286075
25.692130770730436
1.0
1.210000000000000000e+02 
82
0.09906198823136503
2.033925890007683
25.911776458028392
1.0
1.220000000000000000e+02 
83
0.03273687391181057
2.0331851204502414
26.732737991249408
1.0
1.230000000000000000e+02 1.240000000000000000e+02 
84
7.889974888565621
2.1632778908029238
27.52171755682477
1.0
1.250000000000000000e+02 1.260000000000000000e+02 
85
3.5257338064222257
2.707266037413948
28.173834811631725
1.0
1.270000000000000000e+02 1.280000000000000000e+02 4.050000000000000000e+02 
86
10.842289737650711
3.5056089587531867
28.78776596269011
1.0
1.290000000000000000e+02 1.300000000000000000e+02 1.310000000000000000e+02 
87
5.817011253841279
5.17086894333157
29.197402430219036
1.0
1.320000000000000000e+02 3.320000000000000000e+02 
88
4.652657003209282
5.583577345879879
28.782196675031596
1.0
1.330000000000000000e+02 1.340000000000000000e+02 
89
1.8179158677965774
6.26630358175745
28.51298913298473
1.0
1.350000000000000000e+02 4.060000000000000000e+02 
90
10.687521600129232
6.747790487144062
28.124566740718713
1.0
1.360000000000000000e+02 4.070000000000000000e+02 
91
8.833823082229294
7.060912060432635
28.11162030936697
1.0
1.370000000000000000e+02 1.380000000000000000e+02 
92
6.3819966958982945
7.397522520078951
27.764024133905757
1.0
1.390000000000000000e+02 
93
4.201329556728402
7.637669709121342
27.77757987496483
1.0
1.400000000000000000e+02 
94
2.332016878746526
7.84407633697617
27.725327793606176
1.0
1.410000000000000000e+02 
95
0.431535860948262
8.02937559908884
27.61334653571263
1.0
1.420000000000000000e+02 4.080000000000000000e+02 
96
9.237966524248886
8.205334005767511
27.515467070955953
1.0
1.430000000000000000e+02 
97
7.650507906996342
8.318469895250258
27.402387208623317
1.0
1.440000000000000000e+02 
98
5.443607809151609
8.443978040813496
27.30197768694391
1.0
1.450000000000000000e+02 
99
4.181098249773525
8.506695323554757
27.246038992805005
1.0
1.460000000000000000e+02 
100
2.9200867118051526
8.555500555103581
27.18308492485853
1.0
1.470000000000000000e+02 4.090000000000000000e+02 
101
1.031245692643711
8.592904490788115
27.10055482616774
1.0
1.480000000000000000e+02 
102
10.1407855215458
8.57533662268158
27.03545518589045
1.0
1.490000000000000000e+02 
103
8.544500619218514
8.554187659003759
26.962011655175985
1.0
1.500000000000000000e+02 4.100000000000000000e+02 
104
6.657583379313555
8.532805001553815
26.924238348200568
1.0
1.510000000000000000e+02 4.110000000000000000e+02 
105
4.764067694614248
8.495143275603017
26.880712289409495
1.0
1.520000000000000000e+02 
106
3.187362335479894
8.454561379489396
26.836705908404163
1.0
1.530000000000000000e+02 1.540000000000000000e+02 
107
0.6550328540037003
8.368645952131267
26.81071173030101
1.0
1.550000000000000000e+02 4.120000000000000000e+02 
108
9.438270176442261
8.27340084742097
26.7829338339821
1.0
1.560000000000000000e+02 4.130000000000000000e+02 
109
7.214119499769416
8.20658582717176
26.79686030387802
1.0
1.570000000000000000e+02 
110
5.328059566938581
8.1731263224539
26.88999888082634
1.0
1.580000000000000000e+02 4.140000000000000000e+02 
111
3.413533687250358
8.155391519997313
26.897811355341858
1.0
1.590000000000000000e+02 1.600000000000000000e+02 
112
0.8987172887926946
8.131315095096614
26.93450453655077
1.0
1.610000000000000000e+02 1.620000000000000000e+02 
113
9.354487872731076
8.110457920078701
27.022255073888918
1.0
1.630000000000000000e+02 4.150000000000000000e+02 
114
7.454510042282811
8.12960305697646
27.147659694140216
1.0
1.640000000000000000e+02 
115
5.243579619564536
8.190887786876546
27.264776005545098
1.0
1.650000000000000000e+02 
116
3.974040900188313
8.255049754456026
27.430043197718344
1.0
1.660000000000000000e+02 
117
2.725721870401809
8.346049300763463
27.567286641064058
1.0
1.670000000000000000e+02 
118
1.1729723183611815
8.484063884214608
27.754929965364884
1.0
1.680000000000000000e+02 
119
0.23539834617734834
8.58438312638821
27.885225464369327
1.0
1.690000000000000000e+02 
120
10.592872537780341
8.645119183047516
28.509212697495776
1.0
1.700000000000000000e+02 
121
9.98964343600155
8.826702233388964
29.170564040436957
1.0
1.710000000000000000e+02 
122
9.3989919235939
9.00521733443783
29.23203685828042
1.0
1.720000000000000000e+02 
123
8.813869353506252
9.189333527588532
29.283949588434652
1.0
1.730000000000000000e+02 
124
7.630600829960853
9.626513086526689
29.46915599112576
1.0
1.740000000000000000e+02 
125
7.018635714337931
9.884606722789613
30.213599010007893
1.0
1.750000000000000000e+02 
126
5.595876811775832
0.0015981861729994495
31.043095337271126
1.0
1.760000000000000000e+02 1.770000000000000000e+02 
127
2.5460910192177013
2.9427171308968676
31.777574872802155
1.0
1.780000000000000000e+02 1.790000000000000000e+02 1.800000000000000000e+02 
128
10.504825116875235
6.806200021785177
32.42728623425091
1.0
1.810000000000000000e+02 1.820000000000000000e+02 1.830000000000000000e+02 
129
7.200163771573851
0.5605444733455769
32.779851470159265
1.0
1.840000000000000000e+02 1.850000000000000000e+02 1.860000000000000000e+02 
130
4.895449288245628
4.54176463306039
32.97031180185378
1.0
1.870000000000000000e+02 1.880000000000000000e+02 1.890000000000000000e+02 4.920000000000000000e+02 
131
2.7330471620855166
8.638151883673588
33.12942466297902
1.0
1.900000000000000000e+02 1.910000000000000000e+02 1.920000000000000000e+02 
132
0.7505204892765416
1.8085266157357105
33.222679811788055
1.0
1.930000000000000000e+02 1.940000000000000000e+02 1.950000000000000000e+02 
133
9.781593963597063
6.0129624062878975
33.433482039749435
1.0
1.960000000000000000e+02 1.970000000000000000e+02 
134
8.531659571567765
8.822728862685654
33.568020859438036
1.0
1.980000000000000000e+02 
135
7.6416034598491525
10.79339800512031
33.66161424253386
1.0
1.990000000000000000e+02 
136
6.851953902503814
1.820047715513455
33.77023291535955
1.0
2.000000000000000000e+02 
137
6.418994954456853
2.978936001562571
33.84978518608681
1.0
2.010000000000000000e+02 
138
6.100511101691341
3.856083069873546
33.907196737826624
1.0
2.020000000000000000e+02 
139
5.713064057140118
5.03241521494584
34.05809534628936
1.0
2.030000000000000000e+02 
140
5.527992694169428
5.63209163424624
34.132778099758376
1.0
2.040000000000000000e+02 
141
5.3551301178645305
6.225527257399545
34.7644049991549
1.0
2.050000000000000000e+02 
142
5.299142480931644
7.194104336816766
35.69142000124557
1.0
2.060000000000000000e+02 
143
5.262786928883368
8.457552216097874
35.86996502881595
1.0
2.070000000000000000e+02 
144
5.262686785334412
9.131605323054266
0.7777124983923942
1.0
2.080000000000000000e+02 
145
5.602281191939417
10.966822126115858
1.3046922947842963
1.0
2.090000000000000000e+02 
146
6.013346031866048
1.8869448558768083
1.8680121355659254
1.0
2.100000000000000000e+02 
147
6.284960656027966
2.4579585492289744
2.7852762611236317
1.0
2.110000000000000000e+02 2.120000000000000000e+02 
148
8.384207306416187
6.181758788782494
3.462983303416725
1.0
2.130000000000000000e+02 2.140000000000000000e+02 
149
10.360169315828882
8.850508016166884
4.186782494376398
1.0
2.150000000000000000e+02 2.160000000000000000e+02 2.170000000000000000e+02 2.180000000000000000e+02 2.190000000000000000e+02 
150
6.095346291164034
3.9159561757426236
4.365416169523418
1.0
2.200000000000000000e+02 2.210000000000000000e+02 2.220000000000000000e+02 
151
10.28849724868736
8.71397832254207
3.857617265492131
1.0
2.230000000000000000e+02 2.240000000000000000e+02 2.250000000000000000e+02 
152
3.042388393286269
1.9801942512390118
3.464230785089267
1.0
2.260000000000000000e+02 2.270000000000000000e+02 2.280000000000000000e+02 5.600000000000000000e+02 
153
6.055112369290385
6.831034533789142
2.988898913156617
1.0
2.290000000000000000e+02 2.300000000000000000e+02 5.610000000000000000e+02 
154
7.311557734373114
9.529394994665932
2.4694193236532542
1.0
2.310000000000000000e+02 2.320000000000000000e+02 
155
8.59091563779851
2.175646251442967
1.8223662185636131
1.0
2.330000000000000000e+02 2.340000000000000000e+02 
156
9.40954679392182
5.930754987983011
1.1392987709397309
1.0
2.350000000000000000e+02 
157
9.528277746536062
6.761164179877449
0.6450552901883055
1.0
2.360000000000000000e+02 2.370000000000000000e+02 
158
9.662910376619452
9.198133042857119
0.27211119753869384
1.0
2.380000000000000000e+02 2.390000000000000000e+02 
159
9.445352738091579
0.5798296291927074
35.84872128423297
1.0
2.400000000000000000e+02 2.410000000000000000e+02 
160
9.214899782160964
4.438302769472171
35.463168668860995
1.0
2.420000000000000000e+02 2.430000000000000000e+02 
161
8.822180497410177
8.513784526110895
35.27388478159882
1.0
2.440000000000000000e+02 2.450000000000000000e+02 
162
8.274495587335458
1.5218543158579498
35.34501017924188
1.0
2.460000000000000000e+02 2.470000000000000000e+02 
163
7.886972842255689
5.934389703269602
35.45961740755965
1.0
2.480000000000000000e+02 2.490000000000000000e+02 
164
7.670069841330311
9.101148955451732
35.59848709679647
1.0
2.500000000000000000e+02 2.510000000000000000e+02 
165
7.446794092331273
2.2184677070126533
35.71813690115415
1.0
2.520000000000000000e+02 2.530000000000000000e+02 
166
7.279472888751931
6.025375060986156
35.68860083608299
1.0
2.540000000000000000e+02 2.550000000000000000e+02 
167
7.057325425560091
9.818044569048219
35.43688112389715
1.0
2.560000000000000000e+02 2.570000000000000000e+02 
168
6.7350928171496305
2.2717779004070184
35.26517550375527
1.0
2.580000000000000000e+02 2.590000000000000000e+02 
169
6.436990523821816
5.074362002731729
35.21235071010768
1.0
2.600000000000000000e+02 6.380000000000000000e+02 
170
6.202306217709703
7.273871100972567
35.31494271390287
1.0
2.610000000000000000e+02 
171
6.053230269828052
8.859217631329491
35.41928603703149
1.0
2.620000000000000000e+02 
172
5.913017145692586
10.751400925540178
35.5315437528245
1.0
2.630000000000000000e+02 
173
5.806071037052698
1.6413273682958853
35.68643963232258
1.0
2.640000000000000000e+02 
174
5.727380806587482
3.5412757285146705
35.765360648110374
1.0
2.650000000000000000e+02 
175
5.671391243854011
5.127330629230324
35.80823534632732
1.0
2.660000000000000000e+02 
176
5.630627177264984
6.39212322551688
35.828409551052665
1.0
2.670000000000000000e+02 
177
5.608040217617741
7.657396373578397
35.98278205413757
1.0
2.680000000000000000e+02 
178
5.60408659764669
8.293332488391272
0.028137414562362517
1.0
2.690000000000000000e+02 
179
5.6190993832990355
9.582421008969714
0.15951445082277038
1.0
2.700000000000000000e+02 
180
5.644800340580563
10.53301870451248
0.23291966740358783
1.0
2.710000000000000000e+02 
181
5.674575935326205
0.45961587252660774
0.8487148802052851
1.0
2.720000000000000000e+02 
182
5.663429279149718
0.4589633443030221
1.6373578985663944
1.0
2.730000000000000000e+02 
183
5.661058800756638
0.46151690884191465
2.446164088347811
1.0
2.740000000000000000e+02 
184
5.7849818313983
0.6892122444596769
2.975114207212601
1.0
2.750000000000000000e+02 
185
6.378950554547918
1.7727403104563408
3.112461725068548
1.0
2.760000000000000000e+02 
186
6.689582228496771
2.3212211264567637
3.9352661157665434
1.0
2.770000000000000000e+02 
187
7.4789080014402565
3.2035464368947686
4.37536375077935
1.0
2.780000000000000000e+02 
188
8.34234558290731
4.069056552533758
4.657284228879533
1.0
2.790000000000000000e+02 
189
9.496622538257927
5.12057495252912
5.210123956896049
1.0
2.800000000000000000e+02 
190
9.471053669892765
5.105050199561955
6.192987274531652
1.0
2.810000000000000000e+02 2.820000000000000000e+02 
191
0.6547247042905975
6.109798441318745
6.742990807115604
1.0
2.830000000000000000e+02 2.840000000000000000e+02 2.850000000000000000e+02 
192
5.979414644344584
7.77343336780428
7.246646777194286
1.0
2.860000000000000000e+02 2.870000000000000000e+02 2.880000000000000000e+02 2.890000000000000000e+02 
193
3.100105908416773
9.921528806867062
7.065202282187228
1.0
2.900000000000000000e+02 2.910000000000000000e+02 2.920000000000000000e+02 
194
2.9960899628182402
5.1590679738730145
18.07466702241429
1.0
2.950000000000000000e+02 2.960000000000000000e+02 
195
2.9504249248097585
2.6494547052400885
18.20758005916457
1.0
2.970000000000000000e+02 2.980000000000000000e+02 
196
2.1174368106621686
10.415497184462186
18.163986482286305
1.0
2.990000000000000000e+02 
197
1.6847269072772226
2.4676651412325024
19.435566172771892
1.0
3.020000000000000000e+02 
198
1.3540435517012943
1.291167912721916
20.135125965984464
1.0
3.030000000000000000e+02 3.970000000000000000e+02 
199
1.0006654036905123
0.374169268741799
20.730214388323706
1.0
3.040000000000000000e+02 
200
0.4707650135313015
10.168370733671711
21.460081614739416
1.0
3.050000000000000000e+02 3.060000000000000000e+02 
201
10.342025258420088
7.976181138430003
22.03273001534182
1.0
3.070000000000000000e+02 3.080000000000000000e+02 3.090000000000000000e+02 3.100000000000000000e+02 
202
5.421380269411167
2.507709931095629
22.346743391911488
1.0
3.110000000000000000e+02 3.120000000000000000e+02 3.980000000000000000e+02 3.990000000000000000e+02 
203
8.15306306423725
5.128819973246904
24.052020527514575
1.0
3.180000000000000000e+02 3.190000000000000000e+02 
204
5.386510260893744
3.7775290763158997
24.83707798707477
1.0
3.200000000000000000e+02 3.210000000000000000e+02 
205
2.315087897768523
2.868529249200349
25.951757266902696
1.0
3.220000000000000000e+02 3.230000000000000000e+02 3.240000000000000000e+02 
206
8.41799360979604
2.3800617932072186
26.739607212143436
1.0
3.250000000000000000e+02 3.260000000000000000e+02 3.270000000000000000e+02 
207
3.5669741169365485
2.292504105032361
27.316142141169983
1.0
3.280000000000000000e+02 3.290000000000000000e+02 
208
9.167704653486375
3.095330010576106
28.22447078846247
1.0
3.300000000000000000e+02 3.310000000000000000e+02 
209
2.883959187712172
5.758018833920576
29.77681110669844
1.0
3.330000000000000000e+02 
210
0.9817619488992915
6.703003150267154
30.30556442277473
1.0
3.340000000000000000e+02 3.350000000000000000e+02 
211
9.61424970141981
8.348841467662123
30.936779378908756
1.0
3.360000000000000000e+02 
212
8.69857739520991
9.087539287245042
31.63542751453565
1.0
3.370000000000000000e+02 
213
7.758286523173812
10.114735520231354
32.4255712905412
1.0
3.380000000000000000e+02 
214
7.03120031829253
0.3120121168322558
33.320995435161166
1.0
3.390000000000000000e+02 
215
6.521054334866413
1.6230452489672476
34.217726535353115
1.0
3.400000000000000000e+02 
216
6.181529312920711
3.2210356351038625
35.22097303394604
1.0
3.410000000000000000e+02 3.420000000000000000e+02 3.430000000000000000e+02 3.440000000000000000e+02 3.450000000000000000e+02 
217
4.313147327833245
1.7978525692510234
34.7126392696748
1.0
3.460000000000000000e+02 3.470000000000000000e+02 3.480000000000000000e+02 3.490000000000000000e+02 
218
3.2774597231423774
9.614292421693115
35.47831367009378
1.0
3.500000000000000000e+02 3.510000000000000000e+02 3.520000000000000000e+02 3.530000000000000000e+02 
219
2.971964863018227
5.5802472105856005
35.75790420758968
1.0
3.540000000000000000e+02 3.550000000000000000e+02 3.560000000000000000e+02 
220
2.654478918932967
1.2171419101353762
35.34777354574379
1.0
3.570000000000000000e+02 3.580000000000000000e+02 
221
2.1804821190566037
5.2666290790276635
34.95400462314594
1.0
3.590000000000000000e+02 3.600000000000000000e+02 
222
1.5534287913976619
8.658378749622939
34.50933620852658
1.0
3.610000000000000000e+02 3.620000000000000000e+02 
223
0.8618142287191921
0.662206024967628
34.03276039425322
1.0
3.630000000000000000e+02 3.640000000000000000e+02 
224
10.746748464634663
3.898710129840408
33.448936300640256
1.0
3.650000000000000000e+02 3.660000000000000000e+02 3.670000000000000000e+02 
225
8.394433202361256
9.71476040996741
34.592927047917996
1.0
3.680000000000000000e+02 3.690000000000000000e+02 3.700000000000000000e+02 3.710000000000000000e+02 3.720000000000000000e+02 
226
6.559949262276895
9.78076141791459
35.43324214780666
1.0
3.730000000000000000e+02 3.740000000000000000e+02 3.750000000000000000e+02 
227
6.4772837667412455
4.002296779040965
0.436334936837
1.0
3.760000000000000000e+02 3.770000000000000000e+02 3.780000000000000000e+02 
228
7.156442538114536
9.639997001086769
1.1610910770747056
1.0
3.790000000000000000e+02 
229
7.558869077512039
0.21353878839570184
2.098437814336693
1.0
3.800000000000000000e+02 3.810000000000000000e+02 
230
8.416137435017994
2.5293824942960836
2.588839612794224
1.0
3.820000000000000000e+02 
231
9.191247679924137
3.9503445283231704
3.528837530614961
1.0
3.830000000000000000e+02 
232
10.049165444402092
5.0506110723415
4.314606747877863
1.0
3.840000000000000000e+02 
233
0.23126801242352069
6.146012298004958
5.216891817792992
1.0
3.850000000000000000e+02 3.860000000000000000e+02 
234
2.1087102039267047
7.331086271718905
5.8114098563350565
1.0
3.870000000000000000e+02 3.880000000000000000e+02 
235
5.227160955490708
9.26550097494211
5.485463950389938
1.0
3.890000000000000000e+02 3.900000000000000000e+02 
236
8.484468322270128
0.5192907322487144
5.563784216953581
1.0
3.910000000000000000e+02 3.920000000000000000e+02 3.930000000000000000e+02 
237
1.2497690663261496
3.0678673401778402
6.074928449962317
1.0
3.940000000000000000e+02 3.950000000000000000e+02 
238
5.094710608093126
4.775669365889254
6.763003444305267
1.0
3.960000000000000000e+02 
239
4.922041121824875
8.008825983045593
27.363963191358128
1.0
4.160000000000000000e+02 4.820000000000000000e+02 
240
3.459641655601817
8.157236996253866
28.15786661913897
1.0
4.170000000000000000e+02 
241
2.6552971632796893
8.330269296594015
28.609519657724007
1.0
4.180000000000000000e+02 
242
1.2996411387772047
8.757755146145211
29.38479191357297
1.0
4.190000000000000000e+02 
243
0.2538607420094834
9.225144341889202
30.14072673576418
1.0
4.200000000000000000e+02 4.210000000000000000e+02 
244
7.595119711259597
0.08039684350406295
30.98344901584816
1.0
4.220000000000000000e+02 4.230000000000000000e+02 
245
5.504861716445268
1.8284270682268184
31.61851513208663
1.0
4.240000000000000000e+02 4.250000000000000000e+02 
246
3.660901874923911
3.9771889448233226
32.45424825524343
1.0
4.260000000000000000e+02 4.270000000000000000e+02 
247
2.0625231080166078
6.772749872017825
33.47711291412524
1.0
4.280000000000000000e+02 
248
1.5783307866303473
8.095586116639229
34.30350619664858
1.0
4.290000000000000000e+02 
249
1.3215843062287482
9.29528416611514
35.073670374431
1.0
4.300000000000000000e+02 4.310000000000000000e+02 4.320000000000000000e+02 4.330000000000000000e+02 
250
0.9658974894427093
4.883041190967604
35.86390717305937
1.0
4.340000000000000000e+02 4.350000000000000000e+02 4.360000000000000000e+02 
251
1.2144013824803137
10.47303319838914
0.25877184352109084
1.0
4.370000000000000000e+02 4.380000000000000000e+02 4.390000000000000000e+02 4.400000000000000000e+02 
252
1.849741006528025
6.416247295561261
0.66180548418068
1.0
4.410000000000000000e+02 4.420000000000000000e+02 4.430000000000000000e+02 
253
2.57770670000398
1.9932721030388523
1.184142611799945
1.0
4.440000000000000000e+02 4.450000000000000000e+02 
254
3.120398482972565
4.225250038363545
2.0967854351338118
1.0
4.460000000000000000e+02 4.470000000000000000e+02 4.480000000000000000e+02 4.490000000000000000e+02 
255
5.344212818802105
10.784304775337876
2.147870154864338
1.0
4.500000000000000000e+02 4.510000000000000000e+02 4.520000000000000000e+02 
256
7.444589468769136
4.287696955449187
2.7135387019795525
1.0
4.530000000000000000e+02 4.540000000000000000e+02 
257
9.350209158193065
8.154214345375022
3.280123183583492
1.0
4.550000000000000000e+02 4.560000000000000000e+02 
258
0.9732406560904956
0.34710201543858044
4.221102260621714
1.0
4.570000000000000000e+02 4.580000000000000000e+02 
259
3.7492447577150907
2.824422723152921
5.450205428238603
1.0
4.590000000000000000e+02 4.600000000000000000e+02 
260
6.120485745392566
4.167889245986374
6.195095440682237
1.0
4.610000000000000000e+02 
261
7.416170601609172
4.7172403245645
7.034717628902598
1.0
4.620000000000000000e+02 
262
8.584219396768642
5.027066075012798
7.8063086326660525
1.0
4.630000000000000000e+02 
263
10.015031510101569
5.220001609763428
8.609419104897125
1.0
4.640000000000000000e+02 
264
0.25729762762140984
5.238193491152928
9.317545778188357
1.0
4.650000000000000000e+02 
265
1.2849941797388342
5.1605272729192535
9.911114301696715
1.0
4.660000000000000000e+02 
266
1.897101091268806
5.067087149188576
10.253990357414795
1.0
4.670000000000000000e+02 
267
2.693940847015843
4.902349177829334
10.26818347347848
1.0
4.680000000000000000e+02 
268
3.9293511324117505
4.687689271629296
9.950798351409176
1.0
4.690000000000000000e+02 
269
5.491819877769173
4.501085505692149
9.561408874036157
1.0
4.700000000000000000e+02 
270
7.375276084945269
4.3921078563627285
9.225458180554007
1.0
4.710000000000000000e+02 
271
9.268232594592519
4.331768350085021
9.206575808179506
1.0
4.720000000000000000e+02 
272
10.842581941588113
4.282607705497776
9.2315624835647
1.0
4.730000000000000000e+02 
273
1.743976167816105
4.213314799792442
9.331293427641077
1.0
4.740000000000000000e+02 
274
3.642657054554838
4.110007583344693
9.485492887283677
1.0
4.750000000000000000e+02 
275
4.896895365112468
4.016706262255584
9.589626118928038
1.0
4.760000000000000000e+02 
276
6.156020342854083
3.900354574752283
9.669720501888621
1.0
4.770000000000000000e+02 
277
7.7394302141778
3.7349592152144107
9.775550440285626
1.0
4.780000000000000000e+02 
278
9.303725390021825
3.549591213750687
9.870494373223398
1.0
4.790000000000000000e+02 
279
10.871248536963208
3.347125137702826
9.970175569354327
1.0
4.800000000000000000e+02 
280
1.7441565199589135
3.080132184141692
10.081792304413302
1.0
4.810000000000000000e+02 
281
1.98570552672488
8.011698129786577
27.11197382350061
1.0
4.830000000000000000e+02 
282
10.772453743558714
8.061520078795489
27.29339700462149
1.0
4.840000000000000000e+02 
283
9.18582231367071
8.13592468731066
27.519413335533386
1.0
4.850000000000000000e+02 
284
8.240248882268116
8.21610066954937
27.6503522406989
1.0
4.860000000000000000e+02 
285
7.29924788010957
8.311024751388649
27.738768693545953
1.0
4.870000000000000000e+02 
286
6.676305979199505
8.379926116612824
27.824765476727748
1.0
4.880000000000000000e+02 
287
6.053576529569484
8.457685572624845
27.930783508290112
1.0
4.890000000000000000e+02 
288
5.433247141697056
8.545822721018876
28.026534131728848
1.0
4.900000000000000000e+02 
289
4.819996842308233
8.642328573658963
28.115177900282717
1.0
4.910000000000000000e+02 
290
8.229269991380963
7.292119141361548
33.557207049086166
1.0
4.930000000000000000e+02 4.940000000000000000e+02 
291
7.066651649392394
10.24490752816187
34.13461870111725
1.0
4.950000000000000000e+02 4.960000000000000000e+02 
292
6.306099303362604
2.144842474316522
35.08993555230861
1.0
4.970000000000000000e+02 4.980000000000000000e+02 
293
6.180863703561419
5.579748568119385
35.944768623917895
1.0
4.990000000000000000e+02 5.000000000000000000e+02 5.010000000000000000e+02 
294
6.5372283199425745
10.844743321727858
0.5925694754322084
1.0
5.020000000000000000e+02 5.030000000000000000e+02 5.040000000000000000e+02 
295
7.200816036502329
5.153053393363028
1.114931793627385
1.0
5.050000000000000000e+02 5.060000000000000000e+02 5.070000000000000000e+02 
296
8.496680282420218
0.6183794803903986
1.5422885285873762
1.0
5.080000000000000000e+02 5.090000000000000000e+02 5.100000000000000000e+02 5.110000000000000000e+02 5.590000000000000000e+02 
297
7.4530949270670215
10.492042968402119
2.3930842574822924
1.0
5.120000000000000000e+02 5.130000000000000000e+02 
298
9.085597283249893
2.5654196318350775
3.162443128091283
1.0
5.140000000000000000e+02 5.150000000000000000e+02 
299
10.919577833855142
4.9907305682255405
4.2582187740875135
1.0
5.160000000000000000e+02 5.170000000000000000e+02 
300
2.2722986461634807
7.129123482877798
5.300627351162555
1.0
5.180000000000000000e+02 
301
3.7827212896338054
8.063648345689586
6.356184199929268
1.0
5.190000000000000000e+02 
302
5.493926804914827
8.70026709806189
7.450139662151608
1.0
5.200000000000000000e+02 
303
6.926117600378928
8.960165636272052
8.264381556213765
1.0
5.210000000000000000e+02 5.220000000000000000e+02 
304
0.027337390633202174
8.905764257686585
9.12048421115227
1.0
5.230000000000000000e+02 
305
1.644997379895491
8.747139767096403
9.544919234122254
1.0
5.240000000000000000e+02 5.250000000000000000e+02 
306
4.319020213237862
8.384117402161575
10.310779847571762
1.0
5.260000000000000000e+02 5.270000000000000000e+02 
307
7.696454032734508
7.472682941985177
11.145837256135101
1.0
5.280000000000000000e+02 5.290000000000000000e+02 5.300000000000000000e+02 
308
1.772920464005845
5.243585224491254
11.650132944688028
1.0
5.310000000000000000e+02 
309
3.240464935421423
4.531076145055402
12.215809245433075
1.0
5.320000000000000000e+02 5.330000000000000000e+02 5.340000000000000000e+02 5.350000000000000000e+02 
310
9.24646461083852
0.8176892618193417
12.459159017332006
1.0
5.360000000000000000e+02 5.370000000000000000e+02 5.380000000000000000e+02 
311
3.1619815278760717
8.988749315343467
12.680241226927572
1.0
5.390000000000000000e+02 5.400000000000000000e+02 
312
6.132271317675777
6.807619949617507
12.77514019089985
1.0
5.410000000000000000e+02 5.420000000000000000e+02 5.430000000000000000e+02 
313
10.010449293313773
3.818469302068701
12.848148988040146
1.0
5.440000000000000000e+02 
314
0.1659446358630352
2.8371448559864274
13.54726270650936
1.0
5.450000000000000000e+02 5.460000000000000000e+02 5.470000000000000000e+02 
315
3.460133302018291
10.510919297327149
13.35101165246257
1.0
5.480000000000000000e+02 
316
4.732634803726466
9.295921666672216
13.697129207985965
1.0
5.490000000000000000e+02 5.500000000000000000e+02 
317
6.522756768569614
7.250819972508827
14.222311711548757
1.0
5.510000000000000000e+02 5.520000000000000000e+02 
318
7.946569560157611
5.023972701231224
14.99080254048498
1.0
5.530000000000000000e+02 
319
8.389926572629687
4.115433663171863
15.593567695005959
1.0
5.540000000000000000e+02 5.550000000000000000e+02 
320
9.236044248077397
1.7242754722625784
16.13986284801554
1.0
5.560000000000000000e+02 5.570000000000000000e+02 
321
9.683484453393351
8.987336819837585
17.272475203159683
1.0
5.580000000000000000e+02 
322
5.9134526204393945
8.226211547417432
35.2294179673166
1.0
5.620000000000000000e+02 5.630000000000000000e+02 
323
5.706818923981984
0.23695727848063752
0.10390161216673843
1.0
5.640000000000000000e+02 
324
5.747177499313195
1.2663095922574352
0.7168141393119889
1.0
5.650000000000000000e+02 5.660000000000000000e+02 
325
6.07797578922691
3.6558514028306837
0.9701055156656186
1.0
5.670000000000000000e+02 
326
6.324430408517311
4.877063934649078
1.686223438108088
1.0
5.680000000000000000e+02 
327
6.774767889295797
6.217512597469667
2.50392340410897
1.0
5.690000000000000000e+02 5.700000000000000000e+02 
328
8.405375577078328
9.26993683925398
3.0940004253912736
4.649999999999906
5.710000000000000000e+02 5.720000000000000000e+02 5.730000000000000000e+02 
329
0.04622936328433713
2.743158353944855
3.8691139514059047
16.449999999999857
5.740000000000000000e+02 5.750000000000000000e+02 5.760000000000000000e+02 6.390000000000000000e+02 
330
2.9511108557685857
5.741462040609555
18.53757605161073
1.0
5.790000000000000000e+02 5.800000000000000000e+02 
331
2.602368460603515
2.6170131921018847
19.16162869479838
1.0
5.810000000000000000e+02 5.820000000000000000e+02 
332
2.0035851704752896
10.951241229024264
19.82671986220239
1.0
5.830000000000000000e+02 
333
1.4553374684406393
9.421286764375445
20.745681770177704
1.0
5.840000000000000000e+02 
334
0.9161494106403374
8.3428259847654
21.391100760646786
1.0
5.850000000000000000e+02 5.860000000000000000e+02 
335
10.307607551394714
6.305169715102473
22.060829224710993
1.0
5.870000000000000000e+02 5.880000000000000000e+02 
336
7.91708077951842
3.8619278391515515
22.50026072102323
1.0
5.890000000000000000e+02 5.900000000000000000e+02 5.910000000000000000e+02 5.920000000000000000e+02 
337
2.7895345393446283
10.00523014406909
22.884664979105576
1.0
5.930000000000000000e+02 5.940000000000000000e+02 5.950000000000000000e+02 
338
9.74548646177465
6.577786130090309
23.416010394117578
1.0
5.960000000000000000e+02 5.970000000000000000e+02 5.980000000000000000e+02 5.990000000000000000e+02 
339
4.2587279584912565
3.138046184522725
24.023905965696322
1.0
6.000000000000000000e+02 6.010000000000000000e+02 
340
1.3211593028583484
1.9054194674148084
24.975506038151195
1.0
6.020000000000000000e+02 6.030000000000000000e+02 6.040000000000000000e+02 6.050000000000000000e+02 
341
5.247965649700206
10.876644802244359
24.929994999742448
1.0
6.060000000000000000e+02 6.070000000000000000e+02 6.080000000000000000e+02 6.090000000000000000e+02 
342
10.165762690518577
8.139487462730052
24.457095973290777
1.0
6.100000000000000000e+02 6.110000000000000000e+02 6.120000000000000000e+02 6.130000000000000000e+02 
343
3.3689313956599243
5.019505045739066
24.273624511821932
1.0
6.140000000000000000e+02 6.150000000000000000e+02 
344
1.0388499137384222
3.9554207835899806
24.87822493909662
1.0
6.160000000000000000e+02 6.170000000000000000e+02 
345
9.080203295275632
3.0689342694401054
25.494794350889343
1.0
6.180000000000000000e+02 6.190000000000000000e+02 
346
6.302574315018699
2.6386527597649514
26.02591343850971
1.0
6.200000000000000000e+02 
347
5.162839618124145
2.502583642440696
26.534234127162048
1.0
6.210000000000000000e+02 6.220000000000000000e+02 
348
2.150730368329033
2.5275202341797858
27.431580138237027
1.0
6.230000000000000000e+02 6.240000000000000000e+02 
349
10.57363735616043
2.8554321228355106
27.881357981962992
1.0
6.250000000000000000e+02 
350
9.236589665659546
3.0627458263757754
28.454872447671704
1.0
6.260000000000000000e+02 
351
7.864650622729541
3.460068773501378
29.222177488515676
1.0
6.270000000000000000e+02 
352
6.606004537019098
3.959789458995621
29.23507137754355
1.0
6.280000000000000000e+02 
353
5.273060514774333
4.457502812378279
29.593533018375783
1.0
6.290000000000000000e+02 
354
4.36507640358491
4.921998614914294
30.11935719263377
1.0
6.300000000000000000e+02 
355
3.6772641851653463
5.343023358516849
30.59945541636569
1.0
6.310000000000000000e+02 
356
2.732436299599191
6.088757779643776
31.246048369370126
1.0
6.320000000000000000e+02 6.330000000000000000e+02 
357
1.1359791094865073
7.772339308040414
31.959755192885876
1.0
6.340000000000000000e+02 6.350000000000000000e+02 
358
10.544718801860482
9.764799051648502
32.397772738996196
1.0
6.360000000000000000e+02 6.370000000000000000e+02 
-
13
13
