5.0
5.0
18.0
0
4.946494748830655
2.8600390423825157
18.392094966690102
0
4.786812028968819
0.6525500488415894
18.562216203072527
0
4.620700109013429
9.751406268289818
18.644696642524753
1
4.416324560090847
7.54930177276241
18.671741875695012
1
4.20225790218597
5.337001949459757
18.651385754712326
1
3.9957005017536753
3.1283437549189133
18.630847397857814
1
3.9422327436506537
2.495578604385263
18.624077727187903
2
3.740185493413236
0.2873355921308314
18.701841368511698
2
3.527943333004985
9.088648920716842
18.66924687232141
2
3.467376132415538
8.465281293271424
18.679794431924748
3
3.254428563586668
6.268847977779586
18.674436562755425
3
3.224794648230744
5.952834097652896
18.669448078987454
4
3.0135951827194534
3.7566641572224553
18.673267881595372
5
2.7925297056441374
1.563478293904223
18.686456263325454
5
2.763416304521099
1.2497844004940366
18.682293084225446
6
2.5411169730534997
10.046308827360797
18.760949618113393
6
2.401205917342708
8.786522226221404
18.832875710448405
7
2.1222497518930448
6.596998400313105
18.983554833971294
7
1.8887206522422861
5.0398295121974765
19.09263234043354
8
1.5037670370765124
2.8689318013695257
19.25233932399695
8
1.077569151287241
0.7216825110177814
19.400625733049075
8
0.9699596902922236
0.1280030526766993
19.399201088349777
9
0.635978785241673
8.962180011702682
19.489466080457724
9
0.5763916704396292
8.636841322786282
19.52371685020259
10
0.06378352352595407
6.480737123982369
19.655002027869244
10
10.830612975702262
5.5747380025722935
19.67082311086558
11
10.232499692511883
3.4693752219722063
19.96950985908588
11
9.53446577865992
1.4716754546158755
20.159372870926433
11
9.41682838423434
1.2032028226616376
20.20290946190331
12
8.441273413528037
10.405784278454703
20.343622614661825
12
7.5570701793959625
8.364806654485644
20.346917268336668
12
7.208367129194194
7.492323149244612
20.33612785076831
13
6.410847621432687
5.471244761273262
20.299797561922567
13
5.74615573443253
3.7438625984952925
20.260397020698
14
4.9756097802917845
1.6946296379238657
20.176466217680918
14
4.561081135555635
0.5063016627544545
20.107300998686423
15
3.8712544254691847
9.446081459742421
19.93811580026515
15
3.6871706765327232
8.860137961671565
19.89837893589286
16
3.073862174123387
6.7468759768254
19.724433510620923
16
2.59819734966408
4.936937389553828
19.69648162179059
17
2.0374467087610735
2.820064436058691
19.65510342543079
17
1.9583893096603324
2.5083747503655585
19.651240241907253
18
1.4221328957142538
0.3897208885112824
19.610360324703397
19
1.0314282706693478
9.569288183974981
19.551416903697806
20
0.7273624234170883
7.91334339965867
19.283242634818393
21
0.410506210825049
6.366661320885429
19.24975205327936
22
0.16173127912637364
5.128088114326957
19.343416495886014
23
10.916144574850701
3.901908351293006
19.331376013568846
24
10.67042561681364
2.6711129786014998
19.309738098825303
25
10.484586449199188
1.7749553178103996
19.251258371278915
26
10.277757399028346
0.7031979861244402
19.13391281012938
27
10.109283647292486
10.729522109004463
18.89044040563861
28
9.962556268362514
9.575449559521685
18.710806456487685
29
9.860973166598889
8.525290080627704
18.619668823990942
30
9.774812246508047
7.521734087827682
18.53142892618332
31
9.707295610747508
6.575775250572885
18.468670326088496
32
9.644398408839155
5.632695464852959
18.388873100164815
33
9.589571673010177
4.684761722435206
18.3871795570075
34
9.549825362182169
4.0496864554542205
18.368634576222743
35
9.514719111541044
3.431012325317221
18.36446649694586
36
9.494032556977645
3.103647879928861
18.363257033927187
37
9.48060111225841
2.747444949231728
19.18345028231344
38
9.481169405179234
2.7536261763419936
19.693349337449707
39
9.481721040271626
2.7483008906242916
20.22323414631242
40
9.483307109762666
2.752057021653262
21.01988243966977
41
9.481046040363994
2.7452428312333246
21.821389507183238
42
9.483755404364924
2.7406266975495326
22.357724833667056
43
9.483192477838863
2.7427487336996648
22.879103540991277
44
9.482123165928504
2.736945867771334
23.666928579947424
45
9.483523657638283
2.729543623610452
25.792269027336005
45
9.486885613561919
2.725040754957119
26.329561758343406
46
9.483689647813065
2.726122915651442
26.860286017748507
47
9.4879230370399
2.721573119168736
27.395476710277947
48
9.493473715237334
2.72115824817498
27.94026166719754
49
9.493218579472927
2.71820647810049
28.461922179614763
50
9.487119055628728
2.7200477611078866
28.72173632046254
51
9.488268899574589
2.71551730419152
29.25464793256652
52
9.488285745304527
2.7162425290287704
29.78939611257016
53
9.488771540659489
2.7120984120058083
30.331612579394097
54
9.48868001205716
2.712690579263809
30.8678871195809
55
8.762967809724021
3.2936788784105557
31.079080870001018
56
8.507307241200397
3.5041633751248202
32.107582139940156
57
8.026726985287414
4.248078358550276
32.79396643560992
58
7.291145906362748
5.460173285552846
32.37220928962803
57
6.546714323255328
6.401135603907503
31.677769592161706
56
5.981326836009903
6.977400097293515
31.190341938043005
59
5.539690035669747
7.3565190200725805
30.834497947765154
60
4.894363351498139
7.832186920589496
30.385850784037203
61
4.010983632740975
8.345731082668653
29.815356323328032
62
3.090929040678449
8.763623395104657
29.18926735812552
63
2.3301246049203175
9.022571805207416
28.71568985170686
64
0.3403004832747212
9.395652848592691
28.158909765495185
64
10.675147996435811
9.45272559772173
27.83400251784494
65
9.657250133248354
9.435975402969014
27.2470724226081
66
7.626298515904816
9.391192309720662
26.931040496308228
67
6.272624312997208
9.321312227772598
26.359087989392847
68
4.318636014993949
9.11584655809184
25.837801192733785
69
2.2940464885958565
8.704156807730069
25.438997940262517
69
0.7132442538321482
8.217987647844485
25.179570624031793
70
9.637000449767188
7.549075630108846
25.11532301580595
70
7.610411813325653
6.812850678091946
24.667409395630628
70
7.041980119251454
6.596167621181685
24.61613110061961
71
5.041932553954958
5.751704103145822
24.443373046397074
71
3.0693737965234726
4.854141536280601
24.310626477511057
71
1.9495314233962833
4.327079380942871
24.224304871117404
72
0.018862518726195265
3.364369802523358
24.096942529274745
72
9.115943878975877
2.3649741692890744
24.009986977208776
72
7.494051043868176
1.4739458858114993
23.919973086275657
73
5.640746253714645
0.39930473121048027
23.807099526250582
73
3.7934044107469678
10.287358091478447
23.734949387449493
73
2.327987340624847
9.383813255287887
23.640917419498034
74
0.6374972456060832
8.09355490699516
23.307379219415118
74
9.906407464835903
6.827324634648117
23.385355739835013
74
8.886588047940677
6.121797985900194
23.46190665126654
75
7.112180689643848
4.931410523554449
23.642123292619587
75
6.330339819941528
4.436417606120743
23.713287007128542
76
4.754417294031968
3.5006080743659087
23.94899084186391
77
3.9479356828648706
3.0511158682474715
24.068692863409296
78
3.422318881271848
2.794978086251507
24.985319496316496
79
1.9360896689466496
2.3910552821747966
25.58243914545414
80
1.010961288346817
2.19218496405427
25.754131477727036
81
0.01301732995299365
2.0232087633627454
26.217961794788152
82
0.03310886650238798
2.0295541923074025
26.9816339875878
83
8.853999806195368
2.108667166539834
27.332071195788103
83
7.567265430016001
2.1904373812584086
27.575568179373
84
5.381706147584357
2.4191299197121623
27.899479330872655
84
3.2245687360288597
2.7598113688246912
28.225505860188314
85
1.0649375511383115
3.201429896781254
28.545404889806427
85
10.541696572133493
3.59097525247103
28.86099756694823
86
8.46165356384364
4.241568802708505
29.037448887862833
86
6.402300551584629
4.9591458548474545
29.215112269082898
86
5.523885001027754
5.275486185574198
29.19389762810978
87
4.4657782880724595
5.639754685513157
28.66194092232842
88
2.428971944457041
6.120848813464606
28.517881104563855
88
1.5170029943962393
6.334921052747093
28.51015939864101
89
10.361794373715123
6.807374086143578
28.126138199765435
90
8.523050124417296
7.1102401121741625
28.100003845557207
91
6.3819966958982945
7.397522520078951
27.764024133905757
91
6.081221164129574
7.430048255404037
27.777737086802574
92
3.8891531597361517
7.672745131240825
27.766638529012504
93
2.0093799120183573
7.87777733965361
27.715838213326858
94
0.11766514149462326
8.058948315633856
27.60607676169173
95
8.927139494622274
8.229727761076795
27.497767198473642
96
7.341849558898858
8.336159726667901
27.406674694994717
97
5.131642331748762
8.461337305883395
27.31158500398861
98
3.8642661274100165
8.519112313365639
27.223868391367947
99
2.609933419508194
8.56422961317191
27.179113093728443
100
0.711890339889826
8.59340624716696
27.086260887952253
101
9.821310556293799
8.56825848075782
27.007609786364874
102
8.227707751544354
8.550919197907385
26.96369198229783
103
6.339884775788043
8.527871829278402
26.927414724927953
104
4.445610445836195
8.48801702504485
26.866846354499838
105
2.8659000480957006
8.445232416712688
26.820721256097002
106
0.6550328540037003
8.368645952131267
26.81071173030101
106
0.3355337358079873
8.354275282814285
26.81278747549078
107
9.121264138462134
8.259409120837061
26.788247259901397
108
6.905518901855989
8.199954299187393
26.79261664733275
109
5.021567195118036
8.169140640545466
26.905495498813913
110
3.109027071777085
8.150973270245636
26.910607974170038
111
0.8987172887926946
8.131315095096614
26.93450453655077
111
0.5764494383471417
8.127799532167874
26.94727337703879
112
9.354487872731076
8.110457920078701
27.022255073888918
112
9.047926492887129
8.111836274107404
27.032399831591142
113
7.142164272498883
8.13349531405208
27.14315456046915
114
4.925696436720238
8.20557042432305
27.304962325400567
115
3.6666336942488336
8.27807994377169
27.456443488270835
116
2.4219169647127745
8.36918734970729
27.606056691698647
117
0.8562820951934913
8.518595891372176
27.793726472927204
118
10.931783800815705
8.619734179822995
27.918132646129354
119
10.586707251419018
8.643424596146303
28.805451590077492
120
9.706148752608364
8.914254378980939
29.178125839161364
121
9.11475887633991
9.0907978881768
29.24962029772765
122
8.522596880499766
9.284209270042487
29.322170194100643
123
7.347478690365142
9.747877893978497
29.547600089208316
124
7.022336865855081
9.88703089494175
30.468642592295588
125
5.363388096325369
0.19407101164803264
31.10813679077223
126
3.7947611034495985
1.6259659442765946
31.502893849845538
126
2.338700245960176
3.172135827134534
31.824698616943557
127
0.9555654763545767
4.813805805143208
32.14221113301212
127
10.683701795712603
6.551139028024801
32.40506375019729
127
10.32585981360724
7.061400823778543
32.46711292536657
128
9.115169489660124
8.781382705691112
32.66988249616288
128
7.852237404960641
10.506299870923865
32.75064824228694
128
7.0365642779312
0.8264599098521572
32.792768260609364
129
5.952520080026156
2.6707143147789196
32.886883785932824
129
4.895449288245628
4.54176463306039
32.97031180185378
129
4.746897513164854
4.812033895541652
32.98567346775414
130
3.7271503840324014
6.723233592583254
33.072818722090226
130
2.7330471620855166
8.638151883673588
33.12942466297902
130
2.592854329305048
8.912008764061312
33.128426905296045
131
1.638997755932532
10.830969426638779
33.17251878924349
131
0.7505204892765416
1.8085266157357105
33.222679811788055
131
0.6197180591029134
2.090435009879155
33.233498510286935
132
10.686095439055785
4.038155151696382
33.31825246529572
132
9.781593963597063
6.0129624062878975
33.433482039749435
132
9.655556493379134
6.300034473402018
33.43978619146738
133
8.785213968856695
8.267580168446388
33.552303709561
133
8.402311839917122
9.097850797927212
33.58383768094714
134
7.521263057352187
0.08295505669096248
33.65995447293203
135
6.741361274910352
2.1142294644186
33.7842304517032
136
6.313326720514167
3.2680267805587633
33.8492134595476
137
5.999111013869128
4.149331117872164
33.92645977895591
138
5.617863073012501
5.3337668840341905
34.094081142983704
139
5.438329711020459
5.921889108317279
34.16542665115738
140
5.357779623652865
6.223223297140143
35.038415734335466
141
5.287800085369883
7.506918081121754
35.72857693646252
142
5.256755455126954
8.770994327075126
35.91632296719536
143
5.261915824262858
9.130238294073116
1.050981172450455
144
5.6665679152684225
0.28303777261819296
1.3429336130684804
145
6.010358813670713
1.8890600239260222
2.1492504025340575
146
6.415781437375022
2.7265600909122467
2.822865733842415
147
7.422500010586443
4.615030888821759
3.1612119164519
147
8.552270730634692
6.435115382418422
3.4983396981935373
148
9.796844090098917
8.188020004991973
3.945742741723717
148
10.551939395323744
9.050082658840733
4.244834176450441
149
1.150428057563615
10.245100396589574
4.5720249204608825
149
2.830673684058264
0.6875372234442827
4.5919165708955925
149
4.373893346297752
2.1893759322930055
4.5092793127525
149
5.882946693572915
3.7019050002676996
4.411084046015384
149
6.313819803414985
4.141497259392853
4.329071695919087
150
7.764537948352892
5.709182592291781
4.169055961922703
150
9.1669790121951
7.330093442549463
3.980902927987426
150
10.470160766802005
8.931266860863625
3.8473679611914395
151
1.0919611572318617
10.489254947484556
3.6981916778726944
151
2.5212456306733344
1.2197329525077305
3.5300685345242826
151
3.216277773006455
2.242013162064205
3.43571665000562
152
4.382181196779305
4.052235819164028
3.3422812946529072
152
5.491179992116893
5.864351375169073
3.1544347748326373
152
6.154139400591486
7.014814175080849
2.8578639345986874
153
7.111266971603845
9.061354598938436
2.6191377923067156
153
7.390536825519759
9.714268535570254
2.3376465007032996
154
8.061898322361898
0.6069006229920804
2.1031327157043873
154
8.653153558029231
2.3735014695076635
1.7234893083674772
155
9.119198746174959
4.5087004595830535
1.352302592877026
155
9.446592220400772
6.136466644798471
0.9908669325561406
156
9.559182767353734
7.075461841290872
0.5914139826924925
157
9.662910376619452
9.198133042857119
0.27211119753869384
157
9.657916824883598
9.481393863008513
0.2033400049695604
158
9.445352738091579
0.5798296291927074
35.84872128423297
158
9.416686523842142
0.9164659245938105
35.8195476453894
159
9.297276025249746
3.1708641121457353
35.59027663227714
159
9.188672640309198
4.746116307405742
35.47450890878519
160
8.993640183568743
6.962780005142884
35.32870699170109
160
8.784149276863323
8.816040184014698
35.272205670774774
161
8.464208744018874
10.944792325734852
35.30073074729953
161
8.24447397494165
1.8398322564350598
35.34740271786465
162
8.042332180669591
4.041571693027977
35.41415820873949
162
7.862455127218361
6.254047311360228
35.47616687169779
163
7.707743942145417
8.469082776294117
35.578600751206665
163
7.649314580371355
9.415588549418622
35.618672749129466
164
7.5230021109966625
0.6289088233161706
35.70928743538709
164
7.431780586413944
2.533863829743459
35.72099094102417
165
7.333585548421447
4.75831488788614
35.71735301361584
165
7.267336447674179
6.349749652437225
35.66681711866107
166
7.148899968329566
8.56184057463149
35.527594933171365
166
7.033007258940316
10.131082748234459
35.43350415028592
167
6.833539202197603
1.3226879259767492
35.331442008329
167
6.704014867408228
2.580418506735983
35.261653363442896
168
6.473092791199467
4.756561026477607
35.22140348284938
168
6.400421032870958
5.3932923550511775
35.21958787579763
169
6.1686312702072925
7.590715872068206
35.32312798950647
170
6.030837896871647
9.169659195634399
35.44128908733353
171
5.891028595373711
0.06778372548988609
35.5684423429733
172
5.793022764545917
1.9574321184041197
35.71803923236053
173
5.71660231978142
3.862207977605669
35.76769556790603
174
5.660354925116559
5.446044152007843
35.81112917850722
175
5.621102978748019
6.708198484631003
35.911350443543945
176
5.605757690793567
7.963575948161338
35.99002157001905
177
5.604858365224212
8.623429662604508
0.07423445311017796
178
5.625715312127113
9.890031399333823
0.18733174108729345
179
5.6561311689501785
10.848272956347964
0.2585717871523745
180
5.672166829420438
0.45942746539888857
1.1129848108232308
181
5.662926513651273
0.4624430887745734
1.8971864396250924
182
5.660667323686089
0.4623230712626767
2.697682163811317
183
5.940835785943143
0.980874058514098
3.033212358995205
184
6.536988703955565
2.0541661684166193
3.1522202943474067
185
6.6887469122183685
2.321035644723302
4.2131207946807
186
7.685864466273142
3.416933177369841
4.45814347125034
187
8.569094535131224
4.2819177702661415
4.692385657326581
188
9.46245652157181
5.092989125970109
5.38382773119585
189
9.689667942864137
5.222048979368358
6.183599157761435
190
0.6547247042905975
6.109798441318745
6.742990807115604
190
0.948027297504088
6.218896704206727
6.788672263882177
191
2.981196866609985
6.912337018105045
7.097630400693344
191
5.067031169582431
7.516436610912065
7.229641454856456
191
6.283274397119194
7.858933456069627
7.258984571246804
192
8.378223499573174
8.441163391039456
7.243525503556338
192
10.45354801693649
8.985213501726722
7.183137479172013
192
1.5976614459975842
9.468360601914648
7.090315916129308
192
3.403515606841866
10.013282405301636
7.028966710272446
193
5.458607735965285
10.68149935135275
6.973373114277915
193
7.520136463556089
0.3636043034278047
6.948925806593166
193
3.13835526509821
6.8984028958315955
18.13415317466696
2
3.1041045220967334
4.6794515866128945
18.21830926771323
2
2.992315278861985
4.853335379482752
18.068231211503978
194
2.9504249248097585
2.6494547052400885
18.20758005916457
194
2.945328630148341
2.3235850352349754
18.229225978651417
195
2.856718859888995
0.11845771915385472
18.36283802351098
195
2.1112118420378057
10.10753794268051
18.17619678727549
196
5.784280962698361
3.3340365894165336
19.93126279405669
13
2.4532773502012817
5.0128008889603235
18.779735848038996
16
1.637827421729419
2.263638226072943
19.55778653288723
197
1.290448096339507
1.1101528741077322
20.25702447755861
198
0.920867678289419
0.19072049628279664
20.82566925345199
199
0.398341896110997
10.003485423647486
21.561476487480775
200
10.466055968747574
8.147552681190014
21.891164056177324
200
10.212715583405378
7.816123951512265
22.1255600708238
201
8.696944168051573
6.145266665630046
22.171584283057726
201
7.279258973475118
4.546403000479705
22.1621322341717
201
5.838458907742838
2.955811521250245
22.29054416156636
201
5.206841595049837
2.2815187843288594
22.360701113616827
202
3.6979124977410285
0.7422453207889819
22.53238324515795
202
3.169412486198487
9.752547272331
23.79357304468411
69
0.3184786640791415
7.8154974430586766
25.042313688247262
69
2.2351849052244535
3.1233955839582137
23.447558648362936
71
3.0959603685340404
8.576117727733713
22.83542328989567
73
8.508065097834665
5.341814525290716
23.836038876347896
74
7.868367938608591
4.975866590825354
24.094633442351956
203
5.951920810388747
4.005131408734994
24.487005802757345
203
5.196547302397979
3.709148622615313
24.971188446712752
204
3.3081848569923196
3.0849896262673893
25.29079770630282
204
2.108530847640933
2.8329763455849006
26.091676034772
205
10.911517619715548
2.5561328790537017
26.213337322018695
205
8.727556903799744
2.3941951835840602
26.72299393060655
205
8.09757721665861
2.3663686152254257
26.739226076041454
206
5.882930595363153
2.294952813606773
26.84033639442349
206
3.7647758518980474
2.2851189753754224
27.21744803163609
206
3.267947736533295
2.3082787223377665
27.343026631697697
207
1.034830147606662
2.453529562721249
27.481523984835064
207
8.853923731480732
3.152603870226959
28.196732463712944
208
6.845805074021463
3.6110318052747674
28.768770055070394
208
3.5301758717091287
5.446050067311971
29.563814380795968
87
2.604602111038198
5.89790094548871
29.72866758713242
209
0.8100577370636712
6.811453357456406
30.44297676285208
210
10.094371298739256
8.02931589849566
30.538723249361325
210
9.45886524266919
8.463761806933768
31.06234745166404
211
8.556408897090318
9.21675926258435
31.758738418595687
212
7.641263303838237
10.2717774345385
32.54018205316711
213
6.944654597322305
0.49576675470098475
33.45183329122226
214
6.46390094559456
1.8133679418177215
34.34221796912874
215
6.144173682491296
3.529788418899634
35.174136825684904
216
5.846756349608887
5.693611615596845
34.84611066473508
216
5.412771540650143
7.866127484708176
34.576268392003705
216
4.926550063920319
10.013025529283798
34.504131437843256
216
4.4463376189343435
1.1787833748727836
34.68010163860932
216
4.252166472836135
2.1078907340287083
34.731389423160415
217
3.87597512559533
4.267155728263391
34.95395471846197
217
3.5725962136405203
6.461310114321742
35.20950657172321
217
3.3553603409169668
8.670554468805816
35.430442523200895
217
3.2523052763656883
9.933076174128493
35.52172279200009
218
3.122715029189359
1.1479075895179287
35.67220368128851
218
3.038058006293065
3.351950652561019
35.75350714728406
218
2.971964863018227
5.5802472105856005
35.75790420758968
218
2.9641701874845436
5.892309769974866
35.75689099531028
219
2.8924222162734785
8.094576003138126
35.75358394855383
219
2.7977486158785254
10.310838258482978
35.586996180459465
219
2.6261665443421207
1.5299354270722518
35.320063839425174
220
2.3922905110818586
3.7104413900908915
35.11102285790065
220
2.1330732414569002
5.586568679262816
34.911821683851784
221
1.7555366447625689
7.737240442392575
34.640684426795886
221
1.48476496230851
8.960920942396564
34.46800264712162
222
1.0019462764513296
0.04506610586538895
34.10823915342865
222
0.7826147161093284
0.9707524123862472
34.000147983957454
223
0.09330082370905446
3.0433024586831507
33.61957991219558
223
10.618962438980104
4.184606787562768
33.385108870061416
224
9.744817017185516
6.018740703996441
33.24306631314301
224
9.01716609427108
7.9161091315703995
34.05690164871634
224
8.3412290758361
9.90306524857564
34.72019723554872
225
7.8967414943026695
0.9598493766645018
34.654221913198164
225
7.472325184308409
3.0265953286099503
34.68219010529125
225
7.039056191637924
5.1700487844502945
34.749774429610525
225
6.781246854350597
7.261781810236852
35.34933362764156
225
6.534239032886216
10.098326769084427
35.48697986403933
226
6.432726115537936
1.1866817376760088
0.05530563000828126
226
6.454266645982624
3.398568777500568
0.05590885293051784
226
6.490151627929233
4.1974963451942235
0.5270856974130669
227
6.676370334750638
6.295468402213932
0.541127635951772
227
6.912949539825005
8.177272842237564
1.2298443023194223
227
7.192362527290084
9.848405695913772
1.2990430363475847
228
7.627049577055455
0.4112533443712678
2.2072439664203207
229
8.335891571995715
2.345433048638059
2.47976988621608
229
8.503744690681764
2.717972330386746
2.713634229110891
230
9.310354744317511
4.125243018535936
3.6203704777101056
231
10.180963235855932
5.190250176279811
4.439520335341281
232
0.3894745466630043
6.264560444629627
5.3461882613096785
233
2.1087102039267047
7.331086271718905
5.8114098563350565
233
2.3708122785699706
7.4861738622990845
5.81323055531987
234
4.213288141446417
8.601912921255707
5.648090461549941
234
5.48749288640979
9.437351181548538
5.4550168821873175
235
7.258063295489739
10.650815246345294
5.479144466996736
235
8.714910815594514
0.6932880679173055
5.595942404007043
236
10.376555882698526
1.9740635372392705
5.768215324399862
236
1.2497690663261496
3.0678673401778402
6.074928449962317
236
1.5215760302033106
3.2061292284660006
6.11546055013875
237
3.364676674329136
4.068724522274954
6.56793550789795
237
5.384880527076369
4.883634228202706
6.806990741159057
238
0.4965792195763101
10.266821048621129
20.30948463891709
198
2.268868063517725
10.034337763648795
22.546622251436503
202
0.8032408678359697
8.496978277974009
22.701908957734865
202
9.271341916183834
7.207146652764221
25.06397905448796
69
7.393513724969496
3.9631234647690414
22.84317234927569
74
5.8911463979695915
3.408888991953641
23.179077267219085
75
4.8703559342864935
3.013407109476562
23.170036259851337
76
3.5179523921703195
1.8571222762869608
23.299160334251475
77
9.97606414739065
2.7960709240011536
28.45476067450209
85
10.661749099256033
6.0752314994773515
27.685275843862158
89
8.468848225473106
6.236859833766145
27.569137232614256
90
9.093677016328702
7.797884632017471
26.84346512939299
95
0.6694926914755559
7.985705957577249
26.903529191108092
100
6.382957840920476
7.767108506100631
26.15490761228927
103
4.6633597950741414
7.742414151169207
26.010451516712077
104
9.396957830885576
7.636420736577444
25.966470459800576
107
7.262709216838325
7.648092691320091
26.000372775353114
108
3.0317644386094056
7.639937010242731
26.08592934683022
110
6.894000377646985
7.894433979891222
26.931005018542976
113
4.698965076698906
8.015260977731021
27.443003172161315
239
3.257772104456447
8.194786388480646
28.257034333481993
240
2.458114343002228
8.383387421031733
28.70742712765008
241
1.1150368679590517
8.829573195480307
29.520041948577653
242
0.08375386341865587
9.308507501214102
30.263036349444224
243
9.089458006854548
10.224445534293034
30.359495235751666
243
7.3507889025287
0.27437222798821037
30.969864878209663
244
5.789340088385505
1.54597470959123
31.370953888147202
244
5.372804405776259
1.9654849654879931
31.75695705844874
245
4.030577867639031
3.4826309065205825
32.121226871923774
245
3.5465670898610684
4.138487777204117
32.56521460546012
246
2.5331890953185128
5.897962070428283
32.80321971161255
246
1.9856408754360793
6.958640875031884
33.59597699595656
247
1.5202889553765133
8.299687254025125
34.437413431928235
248
1.297406268223622
9.4944958793676
35.163333475128006
249
1.2694982303000475
0.5719135774824102
35.405672658147445
249
1.1139222811888474
2.690970619720265
35.45240599124469
249
0.9725660593235466
4.672925412528627
35.74119909010219
249
0.959000503460997
5.090609152785955
35.97881818641696
250
0.9863430333957608
7.188080807685914
0.10171723935642296
250
1.0703180681271984
9.315996128840592
0.20204744409841924
250
1.2573527426818818
10.776288630909098
0.26458268251248196
251
1.5007433077784644
2.027950642050575
0.4468142794774095
251
1.6588030379396894
4.225637570088526
0.5776072662408815
251
1.849741006528025
6.416247295561261
0.66180548418068
251
1.8840057908572674
6.724782839001772
0.6849978958005631
252
2.1105867915349696
8.94095312113801
0.6944818095633225
252
2.365303499513704
0.13886259130250478
0.7442419352629033
252
2.615733027287728
2.20542971648933
1.3195341264362295
253
3.120398482972565
4.225250038363545
2.0967854351338118
253
3.187162428507981
4.418009817461982
2.1962187828756843
254
3.8943374673168103
6.479992028626366
1.8602337436348004
254
4.5684694510657575
8.53388996564266
2.1315062777982847
254
5.237141025684388
10.479398263893177
2.1599874715721583
254
5.413476620949755
10.979783068298874
2.253130197364288
255
6.228988324863451
1.7822496853895307
2.812378826605139
255
7.183453852428736
3.7330947063285373
2.725051052957247
255
7.576420880787474
4.568341076922582
2.70308233463951
256
8.511158849671592
6.524671669580836
2.7878959806421055
256
9.454034145317804
8.321662211941161
3.3869534281646265
257
10.608238534671543
10.003619176440198
3.8625745489428676
257
1.1469153350511312
0.5137150669847439
4.366005241514554
258
2.6746113492947203
1.9229906247597972
4.61737666798668
258
3.9241317360374524
2.9425419972136604
5.54513643723795
259
5.672778379365223
3.9416219722105446
6.067053846473751
259
6.303568377458378
4.255027360838918
6.344425506553487
260
7.608526571127463
4.782475207039841
7.1594603373282375
261
8.783987281341485
5.062827746607082
7.924309090624284
262
10.222740518648088
5.232148244874774
8.746714102018498
263
0.45936996229491744
5.233017766784967
9.445149364328465
264
1.4933009598536438
5.131238240229408
10.041019302197688
265
2.087315925904848
5.030196854641469
10.391298951470665
266
3.003947819160997
4.844529072221212
10.176257379892892
267
4.234503820672218
4.64178362850551
9.887618334763848
268
5.8027892286217595
4.4784137001654365
9.484563349973467
269
7.692453463873845
4.380849777155851
9.20320592042588
270
9.584894833821824
4.321561493821999
9.205254669109314
271
0.15452307764171058
4.274353328527249
9.256355510447998
272
2.050331699833113
4.199796297233891
9.360837604255106
273
3.9545079263669694
4.08852521032621
9.510430306644459
274
5.210954981892995
3.991215548750863
9.625117034450097
275
6.476455211025033
3.868634118907565
9.660212354569587
276
8.04370657800975
3.7000625446311988
9.782530938922612
277
9.621751055067719
3.510505705538467
9.874846144407691
278
0.1823245551273327
3.304332304878
9.952778863596233
279
2.049894703687769
3.031339386219181
10.084220355487167
280
2.5360405263285846
8.005991149822195
27.104449661789822
239
1.6677842858345353
8.013430312471343
27.137771152214228
281
10.454197022054547
8.072205405404208
27.3233221278844
282
8.873215513378238
8.16325358598908
27.56449981666123
283
7.925045592224217
8.248127118626993
27.67978009095777
284
6.9911143846570205
8.344340422436314
27.77291366643849
285
6.362961143948274
8.416789336964877
27.878492543879627
286
5.742118392820582
8.50155110982007
27.97199951867018
287
5.122645998039473
8.594333517303163
28.06081807790993
288
4.72850312517716
8.652880134893307
28.408623113017743
289
1.7568774946070942
6.867685794115091
32.277019375082844
130
8.10613601118705
7.577494676651151
33.592605303737436
290
7.294252500352192
9.560249984589126
33.91516592976007
290
6.975362250076666
10.550346109976136
34.13456872947176
291
6.418580648557924
1.539089800573131
34.69761885649621
291
6.277195506916847
2.3460847736498134
35.198377970451524
292
6.184208135412337
4.318489001968468
35.95247544755683
292
6.179503599636518
5.767792078984067
0.0826345145379177
293
6.321383158411294
7.990115671554049
0.507770915356379
293
6.487438729393999
10.214130700279988
0.5752448477733989
293
6.564651244401791
0.1661866897243951
0.6611525520910797
294
6.797314116141287
2.3579075642824945
0.8816830661974835
294
7.102155385207292
4.543831707350901
1.0730868483350307
294
7.25336135546206
5.464078290478697
1.1390088384021024
295
7.6616466024677745
7.639547747958375
1.2759086230488554
295
8.09452368903078
9.788725271403878
1.433721417470533
295
8.567244768928148
0.9324978509990163
1.5624133897488224
296
9.092650336496552
3.059563768761583
1.6107088185087517
296
9.641545475671341
5.1775494265152435
1.6793312846054684
296
10.211260694834747
7.283319961202476
1.7134199113445847
296
7.529950723144388
10.677705943129741
2.5042286183735483
297
8.530133662186769
1.5770417894665263
3.1304167645305174
297
9.182008730961037
2.736683605177077
3.3024310977610005
298
10.464965795002453
4.4498923447757175
3.9790903661233576
298
0.05057308971686347
5.132814986776965
4.352069506408917
299
1.5085661795011713
6.495242312679682
4.749739743382077
299
2.4292129852069846
7.242335521244603
5.401053732312907
300
3.967214754328796
8.14528593751719
6.455676422805716
301
5.691335470346108
8.748356381866525
7.571750357336095
302
7.1287277496715955
8.979974224770842
8.388168682798081
303
9.27377473455932
9.099452311452268
8.79037822576474
303
0.3585030274972376
8.862462709889016
9.138232009256674
304
1.8575274932762764
8.726079127374891
9.677660234824751
305
3.920103601333225
8.455569104659764
10.118414333340759
305
4.53221084483649
8.340582680496912
10.414764028790458
306
6.633815809362481
7.7807990311763415
10.692956423012598
306
7.891432730620076
7.40098222078099
11.24479158236142
307
9.861387188248852
6.572694547306309
11.448278101910724
307
0.9328080257642883
5.6374279452229015
11.661953100897358
307
2.0553666197667955
5.1141879234515555
11.636926448455933
308
3.5017547276971417
4.372164321606186
12.246002869713736
309
5.35525567314081
3.2480086890025808
12.235297792561788
309
7.186570781162786
2.1255662057408964
12.317312333368749
309
8.998243080749459
0.976181048650576
12.452721592379838
309
9.486770358033427
0.6670817417709465
12.455029538270832
310
0.4111186401361284
10.633045335035012
12.593476015447349
310
2.4192885220082228
9.511629217357438
12.637702152881774
310
3.4210173944208746
8.803733229344756
12.695755914371881
311
5.147173701081535
7.538487644747918
12.727731823861452
311
6.375850351196222
6.62938255584778
12.794754002166076
312
8.081425082501607
5.323970943868412
12.850697417537662
312
9.774660747037377
3.9976421766537706
12.86588770311281
312
10.255112644417878
3.634512231695899
12.853114037109291
313
0.3088389023766074
2.6956013175188582
13.647309596447032
314
1.7238093233057548
1.2289385186217188
13.591239431905388
314
3.2415724241169848
10.723328314331784
13.380394310013822
314
3.683136770290375
10.299810928605924
13.31651039199666
315
4.870307992238689
9.150642033211389
13.80790548626372
316
6.27117579508192
7.568689033647641
14.019872848691124
316
6.651221298754159
7.084295987503757
14.355792033183976
317
7.736437704924592
5.359996664934799
14.705262959589147
317
8.038473692579707
4.853412377136692
15.103096419785999
318
8.467692316595082
3.9319558859962713
15.713299483198476
319
9.175815702366508
1.9151457460587404
16.003388013977013
319
9.292699724307205
1.5297845113635202
16.267968979208618
320
9.631278728562389
10.342547353523456
16.64704395204431
320
9.690404205384471
8.764069408053983
17.39718184746912
321
9.94370190242364
9.496472340540166
1.5244478782294735
296
1.5899968710749262
0.045676974334489584
2.934514654638428
152
7.554360613826212
10.750583988915828
1.5409656357504105
153
5.8888381267801275
8.43443332406062
35.35216097378981
322
5.720670186995919
10.61395152714209
35.76725594433847
322
5.7086895283430295
0.4500579306096817
0.22975266360274516
323
5.7699503605810305
1.4681608376091684
0.8267594252886985
324
6.07797578922691
3.6558514028306837
0.9701055156656186
324
6.110007197515626
3.863827298982934
1.1208337434571396
325
6.37831047766457
5.070920690438914
1.79242053434696
326
6.853053884487164
6.402248946221555
2.603304991568449
327
7.809153981233964
8.204421820146017
3.0777729425773837
327
8.550904192692126
9.534452606360457
3.1364585371142413
328
9.585761466392235
0.3184233113639712
3.733561637008206
328
10.670321460823217
2.2475139555646155
3.7887822701296843
328
0.22809988208703125
2.9829369568052524
3.909983646215033
329
1.5833070114355206
4.650634077438748
4.145266171980912
329
3.0268824457922525
6.23392959630876
4.452103912043381
329
5.605405728968048
9.916268247791717
17.66445187231426
0
5.695797715804662
7.70911670854753
17.8037470207442
0
2.934417829738156
5.537692341850303
18.65405866011173
330
2.7068687820209503
3.4364948303173657
18.66439092094819
330
2.562574729841889
2.4145357445946334
19.276587366463637
331
2.1058001748051116
0.35061497543890363
19.60187071086152
331
1.9485597591353976
10.753354617533294
19.932401577155716
332
1.3752992166254527
9.237309133366345
20.84658857436787
333
0.8116437330182167
8.16664835779882
21.496144292833343
334
10.501886372223492
6.53380384243637
22.074280788941017
334
10.18630643331017
6.16305957133965
22.191216594410786
335
8.68909109565256
4.646081292931048
22.497420359193526
335
7.770310004816966
3.7141389607660207
22.66276637800517
336
6.28698025200616
2.3300982414753935
22.62136883141185
336
4.73472788255407
0.8353414199965903
22.627886988426752
336
3.1731229177222025
10.358106879176045
22.716995991949048
336
2.5558332627789913
9.800147927193905
22.87940803846665
337
0.9622309899264885
8.384777791525892
22.980718775397406
337
10.320094249666848
7.0049363497590935
23.146065560907164
337
9.490228637212425
6.393132317164007
23.419072385665846
338
7.708378677216977
5.160901358432437
23.406240534514428
338
6.047870916767628
4.131972221935799
23.983696356413184
338
4.2587279584912565
3.138046184522725
24.023905965696322
338
4.075537099068405
3.0382647692051705
24.190249389714992
339
2.1827113006034775
2.229187584497797
24.620645492204865
339
1.1203866109913085
1.8368808800074041
25.10520113543162
340
10.13622686488381
1.272287765965384
25.052402315637757
340
7.9158404021990325
0.7024192125465902
25.197305753543837
340
5.835294419468993
0.0642676771957178
24.961971611039417
340
4.956705555007567
10.777860134915777
24.891131319821127
341
2.9095833608350876
10.022138046623388
24.69529325259561
341
0.9969576738460824
9.183128808893054
24.57283821323198
341
10.165762690518577
8.139487462730052
24.457095973290777
341
9.872969873316528
7.9958924504975135
24.430335029065226
342
7.882958612647345
7.097510927946376
24.39580165500863
342
5.904557922511241
6.206173919356731
24.34226811520346
342
3.927216576048453
5.289816086241875
24.307351700502863
342
3.093165489475984
4.8877941571754455
24.26097978296626
343
1.2290023638796237
4.02720067145264
24.752339182771177
343
0.850366114710918
3.887054545896601
25.0016710320031
344
9.6639270844858
3.2331902025970063
25.062797042617667
344
8.877817781585236
3.0250306320266107
25.613840260353385
345
6.932769494984987
2.727862108594052
26.062849050481425
345
5.991672092517385
2.5923486197984835
26.04629069806674
346
4.949687027810185
2.4873296879459605
26.67288145592869
347
2.856009551071728
2.5024693990096214
27.122639185305694
347
1.9426600311385123
2.5396077200897786
27.557258384333274
348
10.889997951841291
2.8149050647430114
27.93136278330968
348
10.257508549465207
2.898946831700701
27.836039412216557
349
9.034937356577332
3.110362876895362
28.566836931758814
350
7.67668795903495
3.5310047244500877
29.325472466337867
351
6.319748875969491
4.063803852917416
29.161787803653645
352
5.087646943357518
4.54364763484473
29.722354123964926
353
4.185412061039146
5.022480942815764
30.240332583506746
354
3.509711886830157
5.462359564385816
30.721567254791783
355
2.581934072362623
6.223018164049762
31.340920315567317
356
1.1359791094865073
7.772339308040414
31.959755192885876
356
0.9365291828059665
8.006728433545895
32.002219814870436
357
10.698317878123815
9.571076318156532
32.33616096434842
357
10.387679243299042
9.96133658038916
32.42207091914574
358
9.092016670299977
0.5420548082141738
32.57933319133561
358
5.535004139157812
7.256785375415765
34.90763324882405
169
4.183785327703942
8.134889860894265
3.9994677464539157
329
4.573230600443682
8.613865681835996
4.051593845394081
0
5.981551785596943
10.233965950021584
4.228559657265812
0
7.42889182562077
0.8215607283647823
4.367745544443206
0
8.911820792584088
2.3674576134939724
4.526369270464072
0
10.448239873768049
3.843957425628912
4.655836157249285
0
-
32.0
0
