0
-17.548149006436205
6.181005688490874
-0.3937415597849385
0
0.000000000000000000e+00 

0
-1
-1
1
-18.33153137658914
7.536482792617672
2.1457416325228746
1
1.000000000000000000e+00 
0.000000000000000000e+00 
0
-1
-1
2
-19.252975382114798
9.022149279080665
2.1209541346346477
2
2.000000000000000000e+00 
1.000000000000000000e+00 
0
-1
-1
3
-20.20659179749445
10.554192884360738
2.125073676876798
3
3.000000000000000000e+00 
2.000000000000000000e+00 
0
-1
-1
4
-21.342570188088615
12.372049984844502
2.119490014060262
4
4.000000000000000000e+00 
3.000000000000000000e+00 
0
-1
-1
5
-21.786403404696618
13.45526956547716
1.956536015686627
5
5.000000000000000000e+00 
4.000000000000000000e+00 
0
-1
-1
6
-21.981272390692958
14.52449235325684
1.7458649551256218
6
6.000000000000000000e+00 2.690000000000000000e+02 
5.000000000000000000e+00 
0
-1
-1
7
-21.7748517758817
15.635572984187693
1.5709772417472587
7
7.000000000000000000e+00 
6.000000000000000000e+00 
0
-1
-1
8
-21.699695277010964
17.742854245557123
1.5780542114314353
8
8.000000000000000000e+00 
7.000000000000000000e+00 2.680000000000000000e+02 
0
-1
-1
9
-21.686419158439517
19.861705129895707
1.5776970710294296
9
9.000000000000000000e+00 1.050000000000000000e+02 
8.000000000000000000e+00 1.040000000000000000e+02 
0
-1
-1
10
-21.20806417591493
21.434263325468894
1.363160063999635
10
1.000000000000000000e+01 1.060000000000000000e+02 
9.000000000000000000e+00 6.700000000000000000e+01 
0
-1
-1
11
-20.53834491818925
23.003841379824557
1.2443052734604645
11
1.100000000000000000e+01 
1.000000000000000000e+01 4.860000000000000000e+02 
0
-1
-1
12
-20.096159920458753
23.966758963658258
1.1987225555394256
12
1.200000000000000000e+01 6.800000000000000000e+01 1.380000000000000000e+02 
1.100000000000000000e+01 1.370000000000000000e+02 
0
-1
-1
13
-19.832672578294705
24.479965337279896
1.1751399007178662
13
1.300000000000000000e+01 4.870000000000000000e+02 
1.200000000000000000e+01 
0
-1
-1
14
-19.476353069757508
25.25910949895074
1.1245165727385698
14
1.400000000000000000e+01 
1.300000000000000000e+01 
0
-1
-1
15
-18.36601797411688
26.915669203060787
1.0108821636957415
15
1.500000000000000000e+01 
1.400000000000000000e+01 
0
-1
-1
16
-17.935207200495217
27.544130213853737
1.0282873382521203
16
1.600000000000000000e+01 
1.500000000000000000e+01 
0
-1
-1
17
-17.483888836346193
28.227899421664524
1.0386037289220809
17
1.700000000000000000e+01 
1.600000000000000000e+01 
0
-1
-1
18
-16.935601296245345
29.01833396800069
1.0132216331048085
18
1.800000000000000000e+01 2.570000000000000000e+02 
1.700000000000000000e+01 7.200000000000000000e+01 2.560000000000000000e+02 
0
-1
-1
19
-16.17181181196139
30.427962408141045
0.9687658185450497
19
1.900000000000000000e+01 1.140000000000000000e+02 4.930000000000000000e+02 
1.800000000000000000e+01 1.130000000000000000e+02 4.920000000000000000e+02 
0
-1
-1
20
-14.784300611472283
32.070985395749474
0.9643028863584182
20
2.000000000000000000e+01 
1.900000000000000000e+01 1.150000000000000000e+02 4.940000000000000000e+02 
0
-1
-1
21
-13.835923439093943
32.865477731122496
0.8952160772555452
21
2.100000000000000000e+01 1.160000000000000000e+02 2.530000000000000000e+02 4.950000000000000000e+02 
2.000000000000000000e+01 2.520000000000000000e+02 
0
-1
-1
22
-12.310859743543169
34.58135428659182
0.9264254150409963
22
2.200000000000000000e+01 7.300000000000000000e+01 2.510000000000000000e+02 
2.100000000000000000e+01 1.170000000000000000e+02 2.500000000000000000e+02 
0
-1
-1
23
-10.311603846758636
36.73758421126975
0.7380316303829153
23
2.300000000000000000e+01 1.180000000000000000e+02 
2.200000000000000000e+01 7.400000000000000000e+01 
0
-1
-1
24
-8.840511047368576
37.91490168169274
0.677214295092394
24
2.400000000000000000e+01 7.500000000000000000e+01 2.480000000000000000e+02 
2.300000000000000000e+01 1.450000000000000000e+02 
0
-1
-1
25
-6.916521875191792
38.813691526243645
0.6681699157467826
25
2.500000000000000000e+01 
2.400000000000000000e+01 
0
-1
-1
26
-4.9417697710745445
39.86556028259823
0.5447704670647298
26
2.600000000000000000e+01 1.200000000000000000e+02 2.450000000000000000e+02 
2.500000000000000000e+01 7.700000000000000000e+01 2.440000000000000000e+02 
0
-1
-1
27
-4.3609977998350695
40.596928374761546
0.40146737014189815
27
2.700000000000000000e+01 7.800000000000000000e+01 
2.600000000000000000e+01 
0
-1
-1
28
-1.6705445086081716
41.199630525969944
0.15222657478547919
28
2.800000000000000000e+01 2.420000000000000000e+02 
2.700000000000000000e+01 2.410000000000000000e+02 
0
-1
-1
29
-0.5385166980419496
41.14252987147618
0.0581414789016646
29
2.900000000000000000e+01 5.020000000000000000e+02 
2.800000000000000000e+01 7.900000000000000000e+01 1.230000000000000000e+02 
0
-1
-1
30
1.0948218186667986
41.1297892478467
0.035635919137772254
30
3.000000000000000000e+01 1.460000000000000000e+02 
2.900000000000000000e+01 
0
-1
-1
31
2.318125029928989
40.714268692079656
-0.0988205807560725
31
3.100000000000000000e+01 
3.000000000000000000e+01 
0
-1
-1
32
4.4569882033564285
40.07233473399892
-0.22593617113988063
32
3.200000000000000000e+01 8.000000000000000000e+01 
3.100000000000000000e+01 
0
-1
-1
33
7.185065585592833
38.77855093461567
-0.4683904856088785
33
3.300000000000000000e+01 8.200000000000000000e+01 
3.200000000000000000e+01 8.100000000000000000e+01 
0
-1
-1
34
9.530817386685179
37.14045484993434
-0.685950023320472
34
3.400000000000000000e+01 
3.300000000000000000e+01 8.300000000000000000e+01 
0
-1
-1
35
9.724127220778493
37.10506265185853
-0.7006464605991097
35
3.500000000000000000e+01 
3.400000000000000000e+01 
0
-1
-1
36
10.407968906794867
36.3429096595365
-0.8258270364326634
36
3.600000000000000000e+01 
3.500000000000000000e+01 1.250000000000000000e+02 
0
-1
-1
37
12.801869546009137
32.16171297803221
-1.0134379026911045
37
3.700000000000000000e+01 
3.600000000000000000e+01 
0
-1
-1
38
14.305261785335148
29.108305476440897
-1.1099776088455635
38
3.800000000000000000e+01 
3.700000000000000000e+01 
0
-1
-1
39
14.667794064244884
26.73555645298179
-1.4985934763655364
39
3.900000000000000000e+01 
3.800000000000000000e+01 
0
-1
-1
40
14.452940575335298
22.197693073593385
-1.744459050387099
40
4.000000000000000000e+01 8.400000000000000000e+01 
3.900000000000000000e+01 
0
-1
-1
41
13.485956869147362
19.514874113049952
-1.931506531819571
40
4.100000000000000000e+01 
4.000000000000000000e+01 
0
-1
-1
42
13.191995466101769
18.344824050805574
-1.918042531751763
41
4.200000000000000000e+01 
4.100000000000000000e+01 8.400000000000000000e+01 
0
-1
-1
43
11.509233172002432
15.198281100057516
-2.183097938104706
42
4.300000000000000000e+01 8.500000000000000000e+01 
4.200000000000000000e+01 
0
-1
-1
44
9.65784845293438
12.885315171099563
-2.2688921788030663
42
4.400000000000000000e+01 
4.300000000000000000e+01 
0
-1
-1
45
7.3701605827667755
10.507348401046222
-2.4473830847975817
43
4.500000000000000000e+01 
4.400000000000000000e+01 8.500000000000000000e+01 
0
-1
-1
46
3.826338864269143
7.643075501366713
-2.507570163365741
43
4.600000000000000000e+01 8.600000000000000000e+01 
4.500000000000000000e+01 
0
-1
-1
47
2.037597285310787
6.863244550406194
-2.6088271407895918
44
4.700000000000000000e+01 
4.600000000000000000e+01 
0
-1
-1
48
0.3130213701187731
5.583148089684149
-2.6124970739237128
45
4.800000000000000000e+01 8.700000000000000000e+01 1.260000000000000000e+02 
4.700000000000000000e+01 8.600000000000000000e+01 
0
-1
-1
49
0.056984179338772534
5.50295203380384
-2.698006943260043
46
4.900000000000000000e+01 8.800000000000000000e+01 
4.800000000000000000e+01 
0
-1
-1
50
-1.4846436788510873
4.784534398533655
-2.8134878325298187
47
5.000000000000000000e+01 1.270000000000000000e+02 2.940000000000000000e+02 
4.900000000000000000e+01 8.700000000000000000e+01 8.900000000000000000e+01 2.930000000000000000e+02 
0
-1
-1
51
-3.7235236645439875
4.474178577089843
-2.9188623052886844
48
5.100000000000000000e+01 9.000000000000000000e+01 
5.000000000000000000e+01 1.280000000000000000e+02 
0
-1
-1
52
-8.287064968498761
4.318203141271026
-3.139976651412457
49
5.200000000000000000e+01 9.200000000000000000e+01 4.680000000000000000e+02 
5.100000000000000000e+01 9.100000000000000000e+01 4.670000000000000000e+02 
0
-1
-1
53
-12.486884716077967
3.496402501871143
3.140383791661428
50
5.300000000000000000e+01 4.700000000000000000e+02 
5.200000000000000000e+01 9.300000000000000000e+01 4.690000000000000000e+02 
0
-1
-1
54
-13.54701395208751
3.8988594018189326
2.90305287246182
51
5.400000000000000000e+01 
5.300000000000000000e+01 
0
-1
-1
55
-15.333620162978757
4.544682112549205
2.640296472320153
52
5.500000000000000000e+01 
5.400000000000000000e+01 
0
-1
-1
56
-17.986107830947866
6.149941740109119
2.53591907776603
53
5.600000000000000000e+01 9.400000000000000000e+01 1.290000000000000000e+02 
5.500000000000000000e+01 
0
-1
-1
57
-18.989305070478615
7.038135548193979
2.3709360605916547
54
5.700000000000000000e+01 1.310000000000000000e+02 
5.600000000000000000e+01 1.300000000000000000e+02 
0
-1
-1
58
-19.73824190645363
8.044321361209127
2.1931136704623064
55
5.800000000000000000e+01 9.600000000000000000e+01 
5.700000000000000000e+01 9.500000000000000000e+01 
0
-1
-1
59
-20.264052011932712
8.812240278632183
2.092068616030673
1
5.900000000000000000e+01 
5.800000000000000000e+01 
0
-1
-1
60
-20.74874851733611
9.794198470022334
1.991483036139558
2
6.000000000000000000e+01 
5.900000000000000000e+01 
0
-1
-1
61
-21.0996096852325
10.753708153353271
1.8799713732194352
3
6.100000000000000000e+01 9.900000000000000000e+01 1.320000000000000000e+02 
6.000000000000000000e+01 9.800000000000000000e+01 
0
-1
-1
62
-21.218836244922734
11.89699424794193
1.6936970542823495
56
6.200000000000000000e+01 
6.100000000000000000e+01 
0
-1
-1
63
-21.42864087426198
14.169672192466212
1.6333190447960662
57
6.300000000000000000e+01 1.340000000000000000e+02 4.800000000000000000e+02 
6.200000000000000000e+01 1.010000000000000000e+02 4.790000000000000000e+02 
0
-1
-1
64
-21.504565123207534
15.53771804032076
1.6487522266540253
6
6.400000000000000000e+01 
6.300000000000000000e+01 
0
-1
-1
65
-21.607276528378875
16.627421770828576
1.6885941182682787
58
6.500000000000000000e+01 1.020000000000000000e+02 4.820000000000000000e+02 
6.400000000000000000e+01 1.340000000000000000e+02 4.810000000000000000e+02 
0
-1
-1
66
-21.71717497099482
18.775955238361195
1.6280603041382096
8
6.600000000000000000e+01 1.040000000000000000e+02 
6.500000000000000000e+01 1.030000000000000000e+02 
0
-1
-1
67
-21.68532835049298
20.42479045765267
1.5764382320543544
9
6.700000000000000000e+01 1.350000000000000000e+02 4.840000000000000000e+02 
6.600000000000000000e+01 1.050000000000000000e+02 4.830000000000000000e+02 
0
-1
-1
68
-19.550516325100148
24.987120973621472
1.0797724162300761
59
6.900000000000000000e+01 
6.800000000000000000e+01 
0
-1
-1
69
-18.873926045874597
26.097116163253844
1.0163354241920903
60
7.000000000000000000e+01 
6.900000000000000000e+01 
0
-1
-1
70
-18.21184740950094
27.174355747060574
1.0107505969976645
61
7.100000000000000000e+01 
7.000000000000000000e+01 
0
-1
-1
71
-17.563743337229713
28.2259918853862
1.0079881324316438
62
7.200000000000000000e+01 
7.100000000000000000e+01 
0
-1
-1
72
-11.173848787022166
36.08705239209546
0.8835729441934663
63
7.400000000000000000e+01 1.440000000000000000e+02 4.970000000000000000e+02 
7.300000000000000000e+01 4.960000000000000000e+02 
0
-1
-1
73
-8.430925161134594
38.10722615938416
0.5370836308652427
64
7.600000000000000000e+01 
7.500000000000000000e+01 1.190000000000000000e+02 2.470000000000000000e+02 
0
-1
-1
74
-7.329942079393699
38.76417601316267
0.4962720158856696
65
7.700000000000000000e+01 
7.600000000000000000e+01 
0
-1
-1
75
-2.630453035781547
41.298984971179436
0.3258673165241443
66
7.900000000000000000e+01 1.220000000000000000e+02 2.430000000000000000e+02 
7.800000000000000000e+01 1.210000000000000000e+02 2.420000000000000000e+02 
0
-1
-1
76
5.6564669294950205
39.69701653703526
-0.3110454080741792
67
8.100000000000000000e+01 1.240000000000000000e+02 
8.000000000000000000e+01 
0
-1
-1
77
8.774538205752656
37.69628250246414
-0.6223288847370254
68
8.300000000000000000e+01 1.250000000000000000e+02 
8.200000000000000000e+01 1.240000000000000000e+02 
0
-1
-1
78
-0.5621323281481586
5.15296772894506
-2.7150586465679183
46
8.900000000000000000e+01 
8.800000000000000000e+01 1.260000000000000000e+02 
0
-1
-1
79
-6.888671465649839
4.1273275297877685
-3.0927939670898583
48
9.100000000000000000e+01 
9.000000000000000000e+01 
0
-1
-1
80
-10.081477435483158
3.6925967400743667
-3.1194549200531245
49
9.300000000000000000e+01 
9.200000000000000000e+01 
0
-1
-1
81
-19.087026661552258
7.138009153640088
2.3536848559737478
69
9.500000000000000000e+01 
9.400000000000000000e+01 1.310000000000000000e+02 
0
-1
-1
82
-19.93118828958476
8.461469664337253
2.1432171359972783
70
9.700000000000000000e+01 
9.600000000000000000e+01 
0
-1
-1
83
-20.82654810981903
9.967242489476899
2.0695197370595575
71
9.800000000000000000e+01 
9.700000000000000000e+01 
0
-1
-1
84
-21.303588947255072
12.19532691180309
1.757970617594673
4
1.000000000000000000e+02 
9.900000000000000000e+01 
0
-1
-1
85
-21.495080659498313
13.514337478900476
1.7253279609090266
72
1.010000000000000000e+02 
1.000000000000000000e+02 1.330000000000000000e+02 
0
-1
-1
86
-21.661777321399878
17.605903609965974
1.7165129557682144
7
1.030000000000000000e+02 
1.020000000000000000e+02 
0
-1
-1
87
-20.48469703072007
22.480867956490385
1.0957538177682578
73
1.070000000000000000e+02 
1.060000000000000000e+02 
0
-1
-1
88
-19.62589064212618
24.24381128171045
1.211241818969958
74
1.080000000000000000e+02 
1.070000000000000000e+02 
0
-1
-1
89
-19.19378959077168
25.071549212523717
1.2077429389616705
75
1.090000000000000000e+02 
1.080000000000000000e+02 
0
-1
-1
90
-18.280796348978047
27.072415497022206
1.200224996468863
76
1.100000000000000000e+02 
1.090000000000000000e+02 
0
-1
-1
91
-17.855619296926655
27.928413509389735
1.2209559733346038
77
1.110000000000000000e+02 
1.100000000000000000e+02 
0
-1
-1
92
-17.418654234653182
28.745090482323874
1.196773370598626
78
1.120000000000000000e+02 
1.110000000000000000e+02 
0
-1
-1
93
-16.833485716187766
29.537274846878205
1.0645730459720726
79
1.130000000000000000e+02 
1.120000000000000000e+02 1.430000000000000000e+02 
0
-1
-1
94
-15.388613661276157
31.164514260302465
0.998092098752219
80
1.150000000000000000e+02 
1.140000000000000000e+02 
0
-1
-1
95
-13.118757836536915
33.75249895313422
1.0085043061205852
81
1.170000000000000000e+02 
1.160000000000000000e+02 
0
-1
-1
96
-9.72359767913732
37.174874124171154
0.687336570588922
82
1.190000000000000000e+02 1.450000000000000000e+02 
1.180000000000000000e+02 1.440000000000000000e+02 
0
-1
-1
97
-3.697321087963931
40.88333348123771
0.4430388219581239
83
1.210000000000000000e+02 
1.200000000000000000e+02 
0
-1
-1
98
-1.7050202795433855
41.23824817754584
0.11728924169226196
84
1.230000000000000000e+02 
1.220000000000000000e+02 5.010000000000000000e+02 
0
-1
-1
99
-2.694271418573427
4.722443107047578
-2.9422694654603787
47
1.280000000000000000e+02 
1.270000000000000000e+02 
0
-1
-1
100
-18.374230415761957
6.4340738878129065
2.4930720630659584
85
1.300000000000000000e+02 
1.290000000000000000e+02 
0
-1
-1
101
-21.335006993104017
12.554101585635426
1.7944747192101675
86
1.330000000000000000e+02 
1.320000000000000000e+02 
0
-1
-1
102
-21.19184175609847
21.158817121378284
1.3464447355920142
10
1.360000000000000000e+02 
1.350000000000000000e+02 
0
-1
-1
103
-20.458126292004174
23.032777275798566
1.2079641892710766
11
1.370000000000000000e+02 
1.360000000000000000e+02 
0
-1
-1
104
-19.647691612282298
24.802489612846433
1.2174637321652453
87
1.390000000000000000e+02 
1.380000000000000000e+02 
0
-1
-1
105
-19.16537872558782
25.828840827805156
1.2107661320201066
88
1.400000000000000000e+02 
1.390000000000000000e+02 
0
-1
-1
106
-18.528815285260954
26.817583272543455
1.0728602438617223
89
1.410000000000000000e+02 
1.400000000000000000e+02 
0
-1
-1
107
-17.94264497050974
27.698450360711288
1.061765593893444
90
1.420000000000000000e+02 
1.410000000000000000e+02 
0
-1
-1
108
-17.37831831177118
28.583623558544616
1.081146152858984
91
1.430000000000000000e+02 
1.420000000000000000e+02 
0
-1
-1
109
4.247440061701578
41.279415607638384
0.04669146014742925
92
1.470000000000000000e+02 2.380000000000000000e+02 
1.460000000000000000e+02 
0
-1
-1
110
6.374784048510493
41.229988236553034
-0.007955891616569667
93
1.480000000000000000e+02 
1.470000000000000000e+02 
0
-1
-1
111
8.2955240555252
41.22309073530069
-0.023648180729041096
94
1.490000000000000000e+02 
1.480000000000000000e+02 2.370000000000000000e+02 
0
-1
-1
112
9.808963497966534
41.57019953283553
-0.04175815009625336
95
1.500000000000000000e+02 
1.490000000000000000e+02 
0
-1
-1
113
10.630753927940294
41.739790238032455
-0.05816079194529013
96
1.510000000000000000e+02 
1.500000000000000000e+02 
0
-1
-1
114
11.575750738886454
42.00273907446555
0.16648645890101932
97
1.520000000000000000e+02 
1.510000000000000000e+02 
0
-1
-1
115
12.196809787702424
42.35345587119935
0.24561821423940994
98
1.530000000000000000e+02 
1.520000000000000000e+02 
0
-1
-1
116
12.819697597766309
42.900318761835564
0.5422980011928096
99
1.540000000000000000e+02 
1.530000000000000000e+02 
0
-1
-1
117
13.772202522168262
43.82473450292213
0.6744902176230375
100
1.550000000000000000e+02 
1.540000000000000000e+02 
0
-1
-1
118
14.443076369863535
44.567152919034115
0.7181587250330768
101
1.560000000000000000e+02 
1.550000000000000000e+02 
0
-1
-1
119
15.132659403088468
45.53547657110065
0.8782721865816706
102
1.570000000000000000e+02 
1.560000000000000000e+02 
0
-1
-1
120
15.201761586108525
45.747364757294946
0.8750694758875921
103
1.580000000000000000e+02 1.590000000000000000e+02 
1.570000000000000000e+02 
0
-1
-1
121
16.305156275551862
46.948267684816315
0.8803289248378258
104

1.580000000000000000e+02 
0
-1
-1
122
15.9994346450882
46.86058834273777
0.8832474571735871
105
1.600000000000000000e+02 3.410000000000000000e+02 
1.590000000000000000e+02 3.400000000000000000e+02 
0
-1
-1
123
16.504443950611098
47.597370942006954
0.840822755059619
106
1.610000000000000000e+02 
1.600000000000000000e+02 
0
-1
-1
124
17.149187921302655
48.31609433268741
0.7506370241913373
107
1.620000000000000000e+02 
1.610000000000000000e+02 
0
-1
-1
125
17.840690521721946
49.012702000424234
0.7020014222997382
108
1.630000000000000000e+02 
1.620000000000000000e+02 
0
-1
-1
126
18.64186197313634
49.79278746714108
0.700545710320555
109
1.640000000000000000e+02 
1.630000000000000000e+02 
0
-1
-1
127
19.46742172534777
50.61707961700169
0.7172475881506093
110
1.650000000000000000e+02 
1.640000000000000000e+02 
0
-1
-1
128
21.03846005697832
52.05235821179453
0.7230482995093344
111
1.660000000000000000e+02 
1.650000000000000000e+02 
0
-1
-1
129
21.68690094269132
52.78481563647598
0.755803681001461
112
1.670000000000000000e+02 
1.660000000000000000e+02 
0
-1
-1
130
22.356960763748194
53.56742662847031
0.7786340466992439
113
1.680000000000000000e+02 
1.670000000000000000e+02 
0
-1
-1
131
23.114698405903326
54.45274204453624
0.7933053662753848
114
1.690000000000000000e+02 
1.680000000000000000e+02 3.490000000000000000e+02 
0
-1
-1
132
24.11952109706756
55.3757715951799
0.7554781202259722
115
1.700000000000000000e+02 
1.690000000000000000e+02 
0
-1
-1
133
24.93207922927958
56.197372225595004
0.7476776949076289
116
1.710000000000000000e+02 3.500000000000000000e+02 
1.700000000000000000e+02 
0
-1
-1
134
26.20662635683793
57.19236238347369
0.6348738802457057
117
1.720000000000000000e+02 
1.710000000000000000e+02 
0
-1
-1
135
27.372561758410576
58.02265761747218
0.5562198576200927
118
1.730000000000000000e+02 
1.720000000000000000e+02 
0
-1
-1
136
28.467916105823782
58.8066800854863
0.5537810063735356
119
1.740000000000000000e+02 
1.730000000000000000e+02 
0
-1
-1
137
29.52606444232528
59.54841470684673
0.5364240245905434
120
1.750000000000000000e+02 
1.740000000000000000e+02 
0
-1
-1
138
30.670456019412462
60.342782950338496
0.5376405868082909
121
1.760000000000000000e+02 
1.750000000000000000e+02 
0
-1
-1
139
31.969481301238783
61.2274143236847
0.5366014059320131
122
1.770000000000000000e+02 
1.760000000000000000e+02 
0
-1
-1
140
33.236694947977824
62.10481327497311
0.5447690844170752
123
1.780000000000000000e+02 
1.770000000000000000e+02 
0
-1
-1
141
34.37363677738456
62.905189043181394
0.5459278111523804
124
1.790000000000000000e+02 
1.780000000000000000e+02 
0
-1
-1
142
35.413961941129116
63.6401454106759
0.5395578309119262
125
1.800000000000000000e+02 
1.790000000000000000e+02 
0
-1
-1
143
37.37161000263032
65.19780558769884
0.7209521113182267
126
1.810000000000000000e+02 
1.800000000000000000e+02 
0
-1
-1
144
38.27023833050437
66.21409689418547
0.8539961978339483
127
1.820000000000000000e+02 
1.810000000000000000e+02 
0
-1
-1
145
39.25735108627535
67.34469661252476
0.8616741488622062
127
1.830000000000000000e+02 
1.820000000000000000e+02 
0
-1
-1
146
40.172332175110476
68.42526576942507
0.8822860621207957
128
1.840000000000000000e+02 
1.830000000000000000e+02 
0
-1
-1
147
41.137531954140755
69.57901512740285
0.8893188391802103
128
1.850000000000000000e+02 
1.840000000000000000e+02 
0
-1
-1
148
42.06209645531894
70.6642514723967
0.878742678174557
129
1.860000000000000000e+02 3.640000000000000000e+02 
1.850000000000000000e+02 3.630000000000000000e+02 
0
-1
-1
149
43.74331230556168
73.41097743658793
1.0010773186135116
129
1.870000000000000000e+02 
1.860000000000000000e+02 3.650000000000000000e+02 
0
-1
-1
150
43.465534875272425
72.79558948803506
1.025173876875187
130
1.880000000000000000e+02 3.660000000000000000e+02 3.690000000000000000e+02 
1.870000000000000000e+02 3.680000000000000000e+02 
0
-1
-1
151
45.307362651798364
76.95136636917252
1.335633197723085
131
1.890000000000000000e+02 
1.880000000000000000e+02 3.700000000000000000e+02 
0
-1
-1
152
45.72459522518355
78.51663544907487
1.6213562548943599
132
1.900000000000000000e+02 
1.890000000000000000e+02 
0
-1
-1
153
45.44133278477595
79.48836244395417
1.9774617192146555
133
1.910000000000000000e+02 3.710000000000000000e+02 
1.900000000000000000e+02 
0
-1
-1
154
43.86532666525254
81.45587964376689
2.123099843229528
134
1.920000000000000000e+02 
1.910000000000000000e+02 
0
-1
-1
155
42.42963460896528
83.03812306302778
2.3495706288064895
135
1.930000000000000000e+02 3.730000000000000000e+02 
1.920000000000000000e+02 3.720000000000000000e+02 
0
-1
-1
156
40.89502449469853
84.30335860076632
2.7575660415538215
136
1.940000000000000000e+02 
1.930000000000000000e+02 3.740000000000000000e+02 
0
-1
-1
157
40.00880531656317
84.66160046174065
3.081209586285514
137
1.950000000000000000e+02 3.750000000000000000e+02 
1.940000000000000000e+02 
0
-1
-1
158
39.008945594115374
84.81350429264938
-3.0328892733235597
138
1.960000000000000000e+02 
1.950000000000000000e+02 
0
-1
-1
159
37.16354236065206
84.4645305886016
-2.7643379497517673
139
1.970000000000000000e+02 
1.960000000000000000e+02 
0
-1
-1
160
36.409027612836965
83.88897153038205
-2.3139194134685916
140
1.980000000000000000e+02 
1.970000000000000000e+02 
0
-1
-1
161
35.31024484192071
82.52699161891286
-2.115603552297987
141
1.990000000000000000e+02 
1.980000000000000000e+02 
0
-1
-1
162
33.433338668533786
79.01969972715814
-2.0246072620201825
141
2.000000000000000000e+02 
1.990000000000000000e+02 
0
-1
-1
163
32.93457241707874
78.27247503410405
-2.0197150090406724
142
2.010000000000000000e+02 
2.000000000000000000e+02 
0
-1
-1
164
32.15299802978134
76.51946210085839
-1.842596413067207
143
2.020000000000000000e+02 
2.010000000000000000e+02 
0
-1
-1
165
30.906251771418926
72.49600183193452
-1.8834977397456325
143
2.030000000000000000e+02 
2.020000000000000000e+02 
0
-1
-1
166
30.5232186008838
71.70703893478174
-1.9028171252154453
144
2.040000000000000000e+02 
2.030000000000000000e+02 
0
-1
-1
167
29.060238018354646
67.73892053879887
-1.8793326430355966
144
2.050000000000000000e+02 
2.040000000000000000e+02 
0
-1
-1
168
28.82905009316569
66.96051649540829
-1.7614370494470002
145
2.060000000000000000e+02 
2.050000000000000000e+02 
0
-1
-1
169
28.361384894854297
64.93025651431608
-1.7542690923297433
146
2.070000000000000000e+02 
2.060000000000000000e+02 
0
-1
-1
170
27.849478498177547
62.963162547337035
-1.7952650697243986
147
2.080000000000000000e+02 
2.070000000000000000e+02 
0
-1
-1
171
27.593751499860836
62.182329541094845
-1.785866227350044
148
2.090000000000000000e+02 
2.080000000000000000e+02 
0
-1
-1
172
27.183081601418934
61.34591713178345
-1.9134968783891755
149
2.100000000000000000e+02 
2.090000000000000000e+02 
0
-1
-1
173
26.74494107309134
60.460840464481024
-1.921434499579593
150
2.110000000000000000e+02 
2.100000000000000000e+02 
0
-1
-1
174
26.321706097735024
59.562468154487846
-1.90534044174731
151
2.120000000000000000e+02 
2.110000000000000000e+02 
0
-1
-1
175
25.91421673110191
58.69345147780191
-1.9009947460993195
152
2.130000000000000000e+02 
2.120000000000000000e+02 
0
-1
-1
176
25.514823574179474
57.874412810755246
-1.9094371845483553
153
2.140000000000000000e+02 
2.130000000000000000e+02 
0
-1
-1
177
25.03325457020948
57.073984243084226
-1.9865813752696213
154
2.150000000000000000e+02 
2.140000000000000000e+02 
0
-1
-1
178
24.51556444368385
56.23704965991254
-2.0022598467457757
155
2.160000000000000000e+02 
2.150000000000000000e+02 
0
-1
-1
179
23.996432192074252
55.390108809580695
-1.9995584995818407
156
2.170000000000000000e+02 
2.160000000000000000e+02 
0
-1
-1
180
23.504742416558457
54.6100567287111
-2.002720299168867
157
2.180000000000000000e+02 
2.170000000000000000e+02 
0
-1
-1
181
23.049348724269002
53.87783412979378
-1.990280616286865
158
2.190000000000000000e+02 
2.180000000000000000e+02 
0
-1
-1
182
22.082624817611002
52.04017307003876
-1.9925198717269095
159
2.200000000000000000e+02 
2.190000000000000000e+02 
0
-1
-1
183
21.56555535464011
51.185904093705574
-1.9944226261293738
160
2.210000000000000000e+02 
2.200000000000000000e+02 
0
-1
-1
184
21.079645255532498
50.354989548538484
-1.9775199740296503
161
2.220000000000000000e+02 
2.210000000000000000e+02 
0
-1
-1
185
20.598836450075005
49.547683099678395
-1.9816373121129982
162
2.230000000000000000e+02 
2.220000000000000000e+02 
0
-1
-1
186
20.10894346760115
48.70121063322575
-1.9744660380963022
163
2.240000000000000000e+02 
2.230000000000000000e+02 
0
-1
-1
187
19.592326821316945
47.873499900390925
-2.002533762736091
164
2.250000000000000000e+02 
2.240000000000000000e+02 
0
-1
-1
188
19.067759529192266
47.12855627923862
-2.042423148789105
165
2.260000000000000000e+02 
2.250000000000000000e+02 
0
-1
-1
189
18.567623771050833
46.430292275771635
-2.041808563489878
166
2.270000000000000000e+02 
2.260000000000000000e+02 
0
-1
-1
190
18.049315301996543
45.776762770229666
-2.079136686832437
103
2.280000000000000000e+02 
2.270000000000000000e+02 
0
-1
-1
191
17.4463715859898
45.14777592650047
-2.164820608515777
104
2.290000000000000000e+02 
2.280000000000000000e+02 
0
-1
-1
192
16.096120495486847
43.548198573838256
-2.181889106948923
103
2.300000000000000000e+02 
2.290000000000000000e+02 
0
-1
-1
193
15.52496791352537
42.94667524491729
-2.1522736034980654
102
2.310000000000000000e+02 
2.300000000000000000e+02 
0
-1
-1
194
14.865169825684369
42.24589271500072
-2.168558106095946
167
2.320000000000000000e+02 
2.310000000000000000e+02 
0
-1
-1
195
14.044530286947401
41.63932586944192
-2.3353171899309446
168
2.330000000000000000e+02 
2.320000000000000000e+02 
0
-1
-1
196
13.246766200989963
41.303803313924334
-2.5233213991610226
169
2.340000000000000000e+02 
2.330000000000000000e+02 
0
-1
-1
197
12.394948992043485
41.09079136853053
-2.6682618692514817
170
2.350000000000000000e+02 
2.340000000000000000e+02 
0
-1
-1
198
10.511975371451008
41.06163984274546
-3.012829996847085
171
2.360000000000000000e+02 
2.350000000000000000e+02 
0
-1
-1
199
9.435272272179313
41.191255167554985
-3.0713048336065625
172
2.370000000000000000e+02 
2.360000000000000000e+02 
0
-1
-1
200
1.8657829224965545
41.288311580915575
-3.052324780543276
173
2.390000000000000000e+02 
2.380000000000000000e+02 
0
-1
-1
201
0.7004724976303895
41.33598830398488
-3.0501260025418917
173
2.400000000000000000e+02 
2.390000000000000000e+02 
0
-1
-1
202
-0.5320084063090593
41.34731270271194
-3.0200770763246707
173
2.410000000000000000e+02 
2.400000000000000000e+02 
0
-1
-1
203
-3.9856633631519465
40.49060802132553
-2.5434773876326533
174
2.440000000000000000e+02 
2.430000000000000000e+02 
0
-1
-1
204
-6.542288805547779
39.24963570408472
-2.6378356654590682
175
2.460000000000000000e+02 
2.450000000000000000e+02 
0
-1
-1
205
-7.521587756670128
38.632939280075774
-2.5885072414476404
176
2.470000000000000000e+02 
2.460000000000000000e+02 
0
-1
-1
206
-10.93575276399367
36.26808210823431
-2.4804009675760756
177
2.490000000000000000e+02 
2.480000000000000000e+02 
0
-1
-1
207
-11.668407437295002
35.45669003815384
-2.257841009417334
178
2.500000000000000000e+02 
2.490000000000000000e+02 
0
-1
-1
208
-13.072275068713417
33.68095064211886
-2.1571292364756633
179
2.520000000000000000e+02 
2.510000000000000000e+02 
0
-1
-1
209
-15.05208374994412
31.304698498221207
-2.1185021786051434
180
2.540000000000000000e+02 
2.530000000000000000e+02 
0
-1
-1
210
-15.702822451411796
30.61585208426589
-2.2046403340200627
80
2.550000000000000000e+02 
2.540000000000000000e+02 
0
-1
-1
211
-16.366973555647462
29.933670851648806
-2.2174510604231434
181
2.560000000000000000e+02 
2.550000000000000000e+02 
0
-1
-1
212
-17.495398325124334
28.521474239518582
-2.115739333427015
182
2.580000000000000000e+02 
2.570000000000000000e+02 
0
-1
-1
213
-18.091272964791607
27.673292338577625
-2.0840679656046692
183
2.590000000000000000e+02 
2.580000000000000000e+02 
0
-1
-1
214
-18.65870559180692
26.803203970875302
-2.0482326733997627
184
2.600000000000000000e+02 
2.590000000000000000e+02 
0
-1
-1
215
-19.228818661091182
25.89712198684937
-2.0324600514960784
185
2.610000000000000000e+02 
2.600000000000000000e+02 
0
-1
-1
216
-19.752166098048058
25.007641215745743
-1.9993268517610487
186
2.620000000000000000e+02 
2.610000000000000000e+02 
0
-1
-1
217
-20.27263844973107
24.07205195122403
-1.976164822390011
12
2.630000000000000000e+02 
2.620000000000000000e+02 
0
-1
-1
218
-20.73378626963673
23.07021243006725
-1.9005214212861763
11
2.640000000000000000e+02 
2.630000000000000000e+02 
0
-1
-1
219
-21.006542504936476
22.04809588037054
-1.7277006917766748
10
2.650000000000000000e+02 
2.640000000000000000e+02 
0
-1
-1
220
-21.247770647122245
21.002064739612734
-1.6939850376912553
187
2.660000000000000000e+02 
2.650000000000000000e+02 
0
-1
-1
221
-21.47303092970248
19.977277398227194
-1.681631043888794
187
2.670000000000000000e+02 
2.660000000000000000e+02 
0
-1
-1
222
-21.682225994306283
18.904464292074376
-1.6597852183027249
188
2.680000000000000000e+02 
2.670000000000000000e+02 
0
-1
-1
223
-21.675755791142418
12.296988520620754
-1.3585055412451985
189
2.700000000000000000e+02 
2.690000000000000000e+02 
0
-1
-1
224
-21.35496854669698
11.176443375122183
-1.161544474047414
190
2.710000000000000000e+02 
2.700000000000000000e+02 
0
-1
-1
225
-20.986325746536757
10.259729499306069
-1.0377771262340916
191
2.720000000000000000e+02 
2.710000000000000000e+02 
0
-1
-1
226
-20.593792556563226
9.326466373819656
-1.024900060942342
192
2.730000000000000000e+02 
2.720000000000000000e+02 
0
-1
-1
227
-20.108786581643958
8.321228513686062
-0.9857925754449948
193
2.740000000000000000e+02 
2.730000000000000000e+02 
0
-1
-1
228
-19.527476590937468
7.4626489108030825
-0.8354288841842112
194
2.750000000000000000e+02 
2.740000000000000000e+02 
0
-1
-1
229
-18.90720325082134
6.755217430994863
-0.7050529134860937
195
2.760000000000000000e+02 
2.750000000000000000e+02 
0
-1
-1
230
-18.208545114938744
6.068806208550417
-0.6398110015878009
54
2.770000000000000000e+02 
2.760000000000000000e+02 
0
-1
-1
231
-17.28565095605299
5.564280594080168
-0.3911232973816545
53
2.780000000000000000e+02 
2.770000000000000000e+02 
0
-1
-1
232
-16.419331507573943
5.115818828212913
-0.36427512435703635
196
2.790000000000000000e+02 
2.780000000000000000e+02 
0
-1
-1
233
-15.580779314883657
4.689284351933434
-0.3548388371861804
196
2.800000000000000000e+02 
2.790000000000000000e+02 
0
-1
-1
234
-13.472752754526095
3.8522092419122633
-0.32079312372261215
196
2.810000000000000000e+02 
2.800000000000000000e+02 
0
-1
-1
235
-12.514519289235697
3.402415905229562
-0.3361196369808088
197
2.820000000000000000e+02 
2.810000000000000000e+02 
0
-1
-1
236
-11.60406114568887
3.0210055201193238
-0.2927292932510729
197
2.830000000000000000e+02 
2.820000000000000000e+02 
0
-1
-1
237
-10.734763902419912
2.853201519986298
-0.1023516572709989
51
2.840000000000000000e+02 
2.830000000000000000e+02 
0
-1
-1
238
-9.942519223373214
2.7499098021346366
-0.04351188531395758
198
2.850000000000000000e+02 
2.840000000000000000e+02 
0
-1
-1
239
-8.978980214402934
2.6625174936577762
-0.01968842599268064
198
2.860000000000000000e+02 
2.850000000000000000e+02 
0
-1
-1
240
-7.99205054959564
2.905874236322539
0.2706075389300189
199
2.870000000000000000e+02 
2.860000000000000000e+02 
0
-1
-1
241
-7.081714879314026
3.1183744121238393
0.2600563568963501
199
2.880000000000000000e+02 
2.870000000000000000e+02 
0
-1
-1
242
-6.201487590410706
3.374593186598722
0.306474844307997
199
2.890000000000000000e+02 
2.880000000000000000e+02 
0
-1
-1
243
-5.2947522513286085
3.62748085872099
0.29608234226402214
199
2.900000000000000000e+02 
2.890000000000000000e+02 
0
-1
-1
244
-4.359043461970784
3.8960515378109273
0.30202844689836594
48
2.910000000000000000e+02 
2.900000000000000000e+02 
0
-1
-1
245
-3.4391658342220315
4.160690529210006
0.30219096760995423
48
2.920000000000000000e+02 
2.910000000000000000e+02 
0
-1
-1
246
-2.5366927365087664
4.437176845030126
0.3167105098211449
48
2.930000000000000000e+02 
2.920000000000000000e+02 
0
-1
-1
247
0.6847970262877887
5.9292571782797445
0.6131240484951772
200
2.950000000000000000e+02 
2.940000000000000000e+02 
0
-1
-1
248
1.5975119792106052
6.473911959056204
0.6562482317898808
200
2.960000000000000000e+02 
2.950000000000000000e+02 
0
-1
-1
249
2.474923243176213
7.120018513116591
0.7475289120596844
200
2.970000000000000000e+02 
2.960000000000000000e+02 
0
-1
-1
250
3.2356288831838182
7.814203438214493
0.8525619534810562
45
2.980000000000000000e+02 
2.970000000000000000e+02 
0
-1
-1
251
3.964761441833234
8.55468345429345
0.9021534365902875
43
2.990000000000000000e+02 
2.980000000000000000e+02 
0
-1
-1
252
4.701169695612474
9.307833480486128
0.9037034535650437
43
3.000000000000000000e+02 
2.990000000000000000e+02 
0
-1
-1
253
5.4698687413910525
10.103389774358671
0.9050067661441484
43
3.010000000000000000e+02 
3.000000000000000000e+02 
0
-1
-1
254
6.215661684073791
10.896249657311902
0.9181671429543217
43
3.020000000000000000e+02 
3.010000000000000000e+02 
0
-1
-1
255
6.925423122823977
11.671629077262729
0.9327339589978785
43
3.030000000000000000e+02 
3.020000000000000000e+02 
0
-1
-1
256
7.573243597551504
12.41934313909324
0.9620993606022927
43
3.040000000000000000e+02 
3.030000000000000000e+02 
0
-1
-1
257
8.214555129811078
13.178266347638527
0.972497044789318
43
3.050000000000000000e+02 
3.040000000000000000e+02 
0
-1
-1
258
8.890963642188296
14.002746028712362
0.980504050437403
42
3.060000000000000000e+02 
3.050000000000000000e+02 
0
-1
-1
259
9.57536506221571
14.850814391446463
0.9858412795667353
201
3.070000000000000000e+02 
3.060000000000000000e+02 
0
-1
-1
260
10.216539564731399
15.671450800173206
1.00265990391103
201
3.080000000000000000e+02 
3.070000000000000000e+02 
0
-1
-1
261
10.813300187938754
16.477318676053088
1.0283922481166394
201
3.090000000000000000e+02 
3.080000000000000000e+02 
0
-1
-1
262
11.409265155556913
17.289804667349017
1.031326575696926
201
3.100000000000000000e+02 
3.090000000000000000e+02 
0
-1
-1
263
11.851259182313164
18.190090132825635
1.195637946847799
202
3.110000000000000000e+02 
3.100000000000000000e+02 
0
-1
-1
264
12.214163552735233
19.113429366460473
1.271136554664018
41
3.120000000000000000e+02 
3.110000000000000000e+02 
0
-1
-1
265
12.477728415457968
20.117526039796992
1.3774815734478985
41
3.130000000000000000e+02 
3.120000000000000000e+02 
0
-1
-1
266
12.713832066914218
21.04072829888336
1.3850515862067652
202
3.140000000000000000e+02 
3.130000000000000000e+02 
0
-1
-1
267
12.909135723271678
21.906992922453224
1.4124489115539482
203
3.150000000000000000e+02 
3.140000000000000000e+02 
0
-1
-1
268
13.084226061061653
22.836806655921826
1.4419985409725926
203
3.160000000000000000e+02 
3.150000000000000000e+02 
0
-1
-1
269
13.076679203036994
23.852596355361822
1.61751618597315
204
3.170000000000000000e+02 
3.160000000000000000e+02 
0
-1
-1
270
13.043757981734133
24.90698704639906
1.638081277710595
204
3.180000000000000000e+02 
3.170000000000000000e+02 
0
-1
-1
271
13.01283345838893
25.861492501221704
1.638859131349192
204
3.190000000000000000e+02 
3.180000000000000000e+02 
0
-1
-1
272
13.005855657583279
27.79947181707558
1.6068713231408513
39
3.200000000000000000e+02 
3.190000000000000000e+02 
0
-1
-1
273
13.012665437882532
28.788123896369132
1.6004135887204114
39
3.210000000000000000e+02 
3.200000000000000000e+02 
0
-1
-1
274
13.01083845246966
29.801343595316656
1.6072259524486072
39
3.220000000000000000e+02 
3.210000000000000000e+02 
0
-1
-1
275
12.821787150573904
30.715849318186535
1.7919136475543234
38
3.230000000000000000e+02 
3.220000000000000000e+02 
0
-1
-1
276
12.353953624536814
31.387420842952345
2.1580138944912157
205
3.240000000000000000e+02 
3.230000000000000000e+02 
0
-1
-1
277
11.936385674471971
32.17783124271395
2.048249139629376
205
3.250000000000000000e+02 
3.240000000000000000e+02 
0
-1
-1
278
11.557223830470956
33.239597476367585
1.9208903848854186
206
3.260000000000000000e+02 
3.250000000000000000e+02 
0
-1
-1
279
11.179284349195244
34.330001961417985
1.911911132609743
206
3.270000000000000000e+02 
3.260000000000000000e+02 
0
-1
-1
280
10.89596397276916
35.17989608182516
1.8949169738159577
206
3.280000000000000000e+02 
3.270000000000000000e+02 
0
-1
-1
281
10.717269504596372
35.994921755094005
1.7956592956323787
207
3.290000000000000000e+02 
3.280000000000000000e+02 
0
-1
-1
282
10.639921281199591
36.98610823152282
1.6699584646082122
208
3.300000000000000000e+02 
3.290000000000000000e+02 
0
-1
-1
283
10.57947631709827
38.014080015287
1.6515739651557981
209
3.310000000000000000e+02 
3.300000000000000000e+02 
0
-1
-1
284
10.598735926675552
38.79734698420579
1.5735295322841094
210
3.320000000000000000e+02 
3.310000000000000000e+02 
0
-1
-1
285
10.75043482344734
39.41027734178061
1.378615024450429
211
3.330000000000000000e+02 
3.320000000000000000e+02 
0
-1
-1
286
11.028441077370818
40.14766302784306
1.2658393887265387
212
3.340000000000000000e+02 
3.330000000000000000e+02 
0
-1
-1
287
11.327908435298138
40.894697786329715
1.2452320615556256
213
3.350000000000000000e+02 
3.340000000000000000e+02 
0
-1
-1
288
11.713511725564924
41.667914724908115
1.1674649833971857
214
3.360000000000000000e+02 
3.350000000000000000e+02 
0
-1
-1
289
12.188681919804214
42.41991972080556
1.0722057367271398
102
3.370000000000000000e+02 
3.360000000000000000e+02 
0
-1
-1
290
12.747428239611356
43.145734224186825
0.9841212744694148
215
3.380000000000000000e+02 
3.370000000000000000e+02 
0
-1
-1
291
14.029450209337634
44.6318447987907
0.8864940618699426
104
3.390000000000000000e+02 
3.380000000000000000e+02 
0
-1
-1
292
15.316942820543067
46.051697653772706
0.8933289869384258
216
3.400000000000000000e+02 
3.390000000000000000e+02 
0
-1
-1
293
16.13712713687491
46.82797397402214
1.1778559070744992
217
3.420000000000000000e+02 
3.410000000000000000e+02 
0
-1
-1
294
16.75921216576194
47.816014057699846
1.0784527366642898
218
3.430000000000000000e+02 
3.420000000000000000e+02 
0
-1
-1
295
17.49401913636068
48.72089974194576
0.945057480745151
219
3.440000000000000000e+02 
3.430000000000000000e+02 
0
-1
-1
296
18.279575946653942
49.536341740945446
0.8520778395304147
220
3.450000000000000000e+02 
3.440000000000000000e+02 
0
-1
-1
297
19.772359534843076
51.167342480355614
0.8413327440265272
221
3.460000000000000000e+02 
3.450000000000000000e+02 
0
-1
-1
298
20.63598169192859
52.02465936668534
0.8204076355199763
222
3.470000000000000000e+02 
3.460000000000000000e+02 
0
-1
-1
299
21.53665472895505
52.890668779986214
0.8002916784639846
223
3.480000000000000000e+02 
3.470000000000000000e+02 
0
-1
-1
300
22.39271394078176
53.70091337066713
0.7949793087640524
224
3.490000000000000000e+02 
3.480000000000000000e+02 
0
-1
-1
301
26.347658597137652
57.50978412359788
0.7410126594792574
225
3.510000000000000000e+02 
3.500000000000000000e+02 
0
-1
-1
302
26.9272173220097
58.090340103524
0.7540690274699133
226
3.520000000000000000e+02 
3.510000000000000000e+02 
0
-1
-1
303
27.557720102872246
58.72947126125182
0.7621308402049487
227
3.530000000000000000e+02 
3.520000000000000000e+02 
0
-1
-1
304
28.241043748842227
59.36046993565396
0.7251053898576596
228
3.540000000000000000e+02 
3.530000000000000000e+02 
0
-1
-1
305
28.577296014615683
59.702539396891666
0.7346361435010856
229
3.550000000000000000e+02 
3.540000000000000000e+02 
0
-1
-1
306
28.67194639781465
59.830121039965576
0.7276164205076681
230
3.560000000000000000e+02 
3.550000000000000000e+02 
0
-1
-1
307
29.099833785022774
60.258861329817364
0.7405042317828766
231
3.570000000000000000e+02 
3.560000000000000000e+02 
0
-1
-1
308
30.001408280817657
61.124713994157496
0.745468451114657
232
3.580000000000000000e+02 
3.570000000000000000e+02 
0
-1
-1
309
30.784211558245644
61.883263223134335
0.7518917077721246
233
3.590000000000000000e+02 
3.580000000000000000e+02 
0
-1
-1
310
31.99660438682176
63.00074722614426
0.719109000936475
234
3.600000000000000000e+02 
3.590000000000000000e+02 
0
-1
-1
311
34.166436941186305
64.61542732871175
0.6379592926772821
235
3.610000000000000000e+02 
3.600000000000000000e+02 
0
-1
-1
312
37.24865973651653
66.87042501133782
0.6428183789206434
235
3.620000000000000000e+02 
3.610000000000000000e+02 
0
-1
-1
313
38.53240097463893
67.83128546626018
0.6480622310500368
236
3.630000000000000000e+02 
3.620000000000000000e+02 
0
-1
-1
314
42.59663455134917
71.38359911395965
1.0188940237709563
237
3.650000000000000000e+02 3.670000000000000000e+02 
3.640000000000000000e+02 3.660000000000000000e+02 
0
-1
-1
315
42.8947893305192
71.88794240118746
1.0313043379255111
237
3.680000000000000000e+02 
3.670000000000000000e+02 
0
-1
-1
316
45.13841728278301
76.11087540212377
1.0825983629145222
130
3.700000000000000000e+02 
3.690000000000000000e+02 
0
-1
-1
317
45.31948665609222
79.98171409553863
2.2763128029017006
134
3.720000000000000000e+02 
3.710000000000000000e+02 
0
-1
-1
318
42.10661407420311
83.62806252339176
2.3245444075057833
238
3.740000000000000000e+02 
3.730000000000000000e+02 
0
-1
-1
319
40.11020713842889
84.61296312432191
3.081815959600394
239
3.760000000000000000e+02 
3.750000000000000000e+02 
0
-1
-1
320
39.57113661102873
84.37730220466912
-2.850584852944596
240
3.770000000000000000e+02 
3.760000000000000000e+02 
0
-1
-1
321
39.066167006006495
83.94233700748686
-2.5687271557023337
137
3.780000000000000000e+02 
3.770000000000000000e+02 
0
-1
-1
322
38.71226594983757
83.40916195909149
-2.321491077791693
138
3.790000000000000000e+02 
3.780000000000000000e+02 
0
-1
-1
323
38.39139753544531
82.87062685024065
-2.2804072239585644
241
3.800000000000000000e+02 
3.790000000000000000e+02 
0
-1
-1
324
38.01169505097499
82.266106603851
-2.283226972607248
241
3.810000000000000000e+02 
3.800000000000000000e+02 
0
-1
-1
325
37.585068610654666
81.6090680050926
-2.2854845344552275
241
3.820000000000000000e+02 
3.810000000000000000e+02 
0
-1
-1
326
37.17401778200811
80.95142020290965
-2.271931763084146
241
3.830000000000000000e+02 
3.820000000000000000e+02 
0
-1
-1
327
36.82064075056787
80.35457079889136
-2.267960721594287
241
3.840000000000000000e+02 
3.830000000000000000e+02 
0
-1
-1
328
36.42118568042698
79.70329839027572
-2.269533821150982
241
3.850000000000000000e+02 
3.840000000000000000e+02 
0
-1
-1
329
35.962746700266074
78.96594979075192
-2.2588234703219583
241
3.860000000000000000e+02 
3.850000000000000000e+02 
0
-1
-1
330
35.496421798210505
78.21935973666764
-2.260706943642228
241
3.870000000000000000e+02 
3.860000000000000000e+02 
0
-1
-1
331
35.04981738765879
77.50712333496963
-2.2706796599214454
241
3.880000000000000000e+02 
3.870000000000000000e+02 
0
-1
-1
332
34.60308524474356
76.78731065126135
-2.267128669294528
242
3.890000000000000000e+02 
3.880000000000000000e+02 
0
-1
-1
333
34.09718064023128
75.97293920676918
-2.252523510043516
242
3.900000000000000000e+02 
3.890000000000000000e+02 
0
-1
-1
334
33.59941835136271
75.16795527911722
-2.2541770123910934
242
3.910000000000000000e+02 
3.900000000000000000e+02 
0
-1
-1
335
33.139629666238704
74.41289079465
-2.2592392198957367
242
3.920000000000000000e+02 
3.910000000000000000e+02 
0
-1
-1
336
32.66541933364863
73.63925111052488
-2.260540764032072
242
3.930000000000000000e+02 
3.920000000000000000e+02 
0
-1
-1
337
32.12194417071416
72.76462345837291
-2.2513260686345524
242
3.940000000000000000e+02 
3.930000000000000000e+02 
0
-1
-1
338
31.614305939297424
71.92224670411517
-2.246477758862089
243
3.950000000000000000e+02 
3.940000000000000000e+02 
0
-1
-1
339
31.15488497745805
71.12860047858554
-2.2420237984752105
243
3.960000000000000000e+02 
3.950000000000000000e+02 
0
-1
-1
340
30.702425801854666
70.33315284757549
-2.2376515193349173
243
3.970000000000000000e+02 
3.960000000000000000e+02 
0
-1
-1
341
30.20509061467623
69.47697655978882
-2.237203531628255
243
3.980000000000000000e+02 
3.970000000000000000e+02 
0
-1
-1
342
29.700457937271473
68.60085069071599
-2.233179250238231
243
3.990000000000000000e+02 
3.980000000000000000e+02 
0
-1
-1
343
29.211678097371305
67.74463479556135
-2.2358439932067022
243
4.000000000000000000e+02 
3.990000000000000000e+02 
0
-1
-1
344
28.73896706680634
66.90874749430745
-2.2388333040011097
244
4.010000000000000000e+02 
4.000000000000000000e+02 
0
-1
-1
345
28.235174489357526
66.0385154376168
-2.244228012941244
244
4.020000000000000000e+02 
4.010000000000000000e+02 
0
-1
-1
346
27.646840401221993
65.18197881030673
-2.315918219775241
244
4.030000000000000000e+02 
4.020000000000000000e+02 
0
-1
-1
347
27.05119425332412
64.36961931682033
-2.352622969800854
244
4.040000000000000000e+02 
4.030000000000000000e+02 
0
-1
-1
348
26.470995813020348
63.58879601258619
-2.366984555073042
245
4.050000000000000000e+02 
4.040000000000000000e+02 
0
-1
-1
349
25.878173229888127
62.79855032644576
-2.3718674793771966
245
4.060000000000000000e+02 
4.050000000000000000e+02 
0
-1
-1
350
25.249146509567716
62.00690716988138
-2.397329598144731
246
4.070000000000000000e+02 
4.060000000000000000e+02 
0
-1
-1
351
24.612297000748697
61.22092431248552
-2.4092136428676985
246
4.080000000000000000e+02 
4.070000000000000000e+02 
0
-1
-1
352
23.99725926338448
60.45070240446714
-2.4099183412200196
247
4.090000000000000000e+02 
4.080000000000000000e+02 
0
-1
-1
353
23.29594364072613
59.70989565389327
-2.4854833171921014
248
4.100000000000000000e+02 
4.090000000000000000e+02 
0
-1
-1
354
22.55656530623633
58.95227423487927
-2.496791107542596
249
4.110000000000000000e+02 
4.100000000000000000e+02 
0
-1
-1
355
21.875815009017067
58.23085358739806
-2.494804799481081
250
4.120000000000000000e+02 
4.110000000000000000e+02 
0
-1
-1
356
21.23484577214918
57.51879140447733
-2.482595779639124
251
4.130000000000000000e+02 
4.120000000000000000e+02 
0
-1
-1
357
20.530036348182264
56.75100618177147
-2.480493809329979
252
4.140000000000000000e+02 
4.130000000000000000e+02 
0
-1
-1
358
19.84220354432869
56.00576400558438
-2.4908824266572687
253
4.150000000000000000e+02 
4.140000000000000000e+02 
0
-1
-1
359
19.208347274087835
55.28219849406718
-2.4801685122699877
254
4.160000000000000000e+02 
4.150000000000000000e+02 
0
-1
-1
360
18.593565216180572
54.5606003596434
-2.4740879536699705
255
4.170000000000000000e+02 
4.160000000000000000e+02 
0
-1
-1
361
17.914570915763242
53.79517355476758
-2.4815531596931226
256
4.180000000000000000e+02 
4.170000000000000000e+02 
0
-1
-1
362
17.23345530742013
53.02892896205323
-2.4856143589052255
257
4.190000000000000000e+02 
4.180000000000000000e+02 
0
-1
-1
363
16.612784734140167
52.30763982682036
-2.489098440275405
258
4.200000000000000000e+02 
4.190000000000000000e+02 
0
-1
-1
364
16.04241572322566
51.67745745188819
-2.539276306548036
259
4.210000000000000000e+02 
4.200000000000000000e+02 
0
-1
-1
365
15.363700737758299
51.064449212990624
-2.6161102397706335
260
4.220000000000000000e+02 
4.210000000000000000e+02 
0
-1
-1
366
14.583925888664337
50.404835165060746
-2.627340186047806
261
4.230000000000000000e+02 
4.220000000000000000e+02 
0
-1
-1
367
13.91861245399495
49.78894996816898
-2.614682738193081
262
4.240000000000000000e+02 
4.230000000000000000e+02 
0
-1
-1
368
13.321156307320251
49.202200738141784
-2.610314848412874
263
4.250000000000000000e+02 
4.240000000000000000e+02 
0
-1
-1
369
12.683811947645726
48.60133272403149
-2.621820865480686
264
4.260000000000000000e+02 
4.250000000000000000e+02 
0
-1
-1
370
12.019745605192849
47.95516154879137
-2.5997323571464426
215
4.270000000000000000e+02 
4.260000000000000000e+02 
0
-1
-1
371
11.363943737989572
47.289133813009116
-2.5829282786705883
104
4.280000000000000000e+02 
4.270000000000000000e+02 
0
-1
-1
372
9.817100926975211
46.086694371731454
-2.556613852696368
216
4.290000000000000000e+02 
4.280000000000000000e+02 
0
-1
-1
373
9.206644967915825
45.41044696404694
-2.5588286888560243
103
4.300000000000000000e+02 
4.290000000000000000e+02 
0
-1
-1
374
8.677530902436374
44.77197080337807
-2.55016067132338
102
4.310000000000000000e+02 
4.300000000000000000e+02 
0
-1
-1
375
8.075631084746032
44.08773758951001
-2.5554648010736374
265
4.320000000000000000e+02 
4.310000000000000000e+02 
0
-1
-1
376
7.445667472572861
43.37814185209058
-2.5533447687563022
266
4.330000000000000000e+02 
4.320000000000000000e+02 
0
-1
-1
377
6.9823178653346485
42.7159440718096
-2.500321285010256
267
4.340000000000000000e+02 
4.330000000000000000e+02 
0
-1
-1
378
6.774416483984373
41.99338010634694
-2.232597583352281
268
4.350000000000000000e+02 
4.340000000000000000e+02 
0
-1
-1
379
6.630840363193158
41.35217892422427
-2.240014022843035
269
4.360000000000000000e+02 
4.350000000000000000e+02 
0
-1
-1
380
6.778284128346682
40.47121472676922
-1.7075401870791151
270
4.370000000000000000e+02 
4.360000000000000000e+02 
0
-1
-1
381
7.05957399142525
39.512579311446146
-1.5307116528620586
270
4.380000000000000000e+02 
4.370000000000000000e+02 
0
-1
-1
382
7.381794880842879
38.50053156831507
-1.4872536713121607
271
4.390000000000000000e+02 
4.380000000000000000e+02 
0
-1
-1
383
7.717768198900146
37.462203294514715
-1.4762878968040725
271
4.400000000000000000e+02 
4.390000000000000000e+02 
0
-1
-1
384
7.90725370184215
36.41924480193043
-1.6455006922716118
272
4.410000000000000000e+02 
4.400000000000000000e+02 
0
-1
-1
385
8.108101390620572
35.3512639623826
-1.6332680694457558
272
4.420000000000000000e+02 
4.410000000000000000e+02 
0
-1
-1
386
8.301034498450417
34.28781154308392
-1.6451223395025592
272
4.430000000000000000e+02 
4.420000000000000000e+02 
0
-1
-1
387
8.455728102897009
33.26412032544182
-1.6962245168535008
272
4.440000000000000000e+02 
4.430000000000000000e+02 
0
-1
-1
388
8.614795623007765
32.190992880002995
-1.6863358982967296
39
4.450000000000000000e+02 
4.440000000000000000e+02 
0
-1
-1
389
8.220837978229476
27.100903282270977
-1.6900767437404425
39
4.460000000000000000e+02 
4.450000000000000000e+02 
0
-1
-1
390
8.05003689946702
25.05290102316606
-1.8693928095580747
40
4.470000000000000000e+02 
4.460000000000000000e+02 
0
-1
-1
391
7.061222720107196
22.05442260869808
-2.008886549678129
203
4.480000000000000000e+02 
4.470000000000000000e+02 
0
-1
-1
392
6.834908001594416
21.0154013058726
-2.0929969202385643
41
4.490000000000000000e+02 
4.480000000000000000e+02 
0
-1
-1
393
5.027829368073384
17.80139694243681
-2.146334136141679
202
4.500000000000000000e+02 
4.490000000000000000e+02 
0
-1
-1
394
4.697226339165061
16.821722333933916
-2.2169645163468656
273
4.510000000000000000e+02 
4.500000000000000000e+02 
0
-1
-1
395
4.237382576702775
15.886841163888153
-2.341169329393331
273
4.520000000000000000e+02 
4.510000000000000000e+02 
0
-1
-1
396
3.785585576860651
15.083713246650554
-2.4339600923853935
273
4.530000000000000000e+02 
4.520000000000000000e+02 
0
-1
-1
397
3.347205621857679
14.342201798785176
-2.4783681798770143
201
4.540000000000000000e+02 
4.530000000000000000e+02 
0
-1
-1
398
2.8345668945836766
13.593083005170985
-2.5193254333678556
273
4.550000000000000000e+02 
4.540000000000000000e+02 
0
-1
-1
399
2.2670620639261427
12.790075307514456
-2.5084287931545566
42
4.560000000000000000e+02 
4.550000000000000000e+02 
0
-1
-1
400
1.7336109853145025
12.009001779914051
-2.5080368653778713
43
4.570000000000000000e+02 
4.560000000000000000e+02 
0
-1
-1
401
-1.2952011596707491
9.461178567553812
-2.5127316244375666
43
4.580000000000000000e+02 
4.570000000000000000e+02 
0
-1
-1
402
-2.657650056906436
8.062343567846147
-2.4878685233919984
273
4.590000000000000000e+02 
4.580000000000000000e+02 
0
-1
-1
403
-3.2433575760561286
7.257233745723985
-2.520917623158131
43
4.600000000000000000e+02 
4.590000000000000000e+02 
0
-1
-1
404
-3.793301940895001
6.585942761903549
-2.6137186133025776
45
4.610000000000000000e+02 
4.600000000000000000e+02 
0
-1
-1
405
-4.387431941106376
6.011097152193077
-2.7228831377267895
200
4.620000000000000000e+02 
4.610000000000000000e+02 
0
-1
-1
406
-5.150470660115506
5.431880382138175
-2.7778201284538984
200
4.630000000000000000e+02 
4.620000000000000000e+02 
0
-1
-1
407
-5.908992477884165
4.927292576963621
-2.840047026027187
200
4.640000000000000000e+02 
4.630000000000000000e+02 
0
-1
-1
408
-6.549688252936775
4.536280323042407
-2.9189144440932893
47
4.650000000000000000e+02 
4.640000000000000000e+02 
0
-1
-1
409
-7.2325266867455635
4.310675954445053
-3.092460615847135
274
4.660000000000000000e+02 4.670000000000000000e+02 
4.650000000000000000e+02 
0
-1
-1
410
-8.63233304701094
4.577053430190858
3.0761243194165058
274

4.660000000000000000e+02 
0
-1
-1
411
-9.262225560091853
3.845317782765078
-3.0234159356948904
49
4.690000000000000000e+02 
4.680000000000000000e+02 
0
-1
-1
412
-13.38376723680592
3.9153669958648583
2.9491056321910425
50
4.710000000000000000e+02 
4.700000000000000000e+02 
0
-1
-1
413
-15.377582162514
4.35856561191233
2.8811102171267873
51
4.720000000000000000e+02 
4.710000000000000000e+02 
0
-1
-1
414
-17.248082872501413
5.031560880232682
2.786000061343482
275
4.730000000000000000e+02 
4.720000000000000000e+02 
0
-1
-1
415
-19.887404112527854
6.584285612380538
2.4470430832333054
276
4.740000000000000000e+02 
4.730000000000000000e+02 
0
-1
-1
416
-20.39943129577543
7.3292234629923145
2.2114413899530536
277
4.750000000000000000e+02 
4.740000000000000000e+02 
0
-1
-1
417
-20.78525430903446
8.188090443314623
2.0468578622286717
278
4.760000000000000000e+02 
4.750000000000000000e+02 
0
-1
-1
418
-21.05451883677806
9.128758201566809
1.9142456543530553
1
4.770000000000000000e+02 
4.760000000000000000e+02 
0
-1
-1
419
-21.228731553703053
10.091585574559751
1.821770599300196
279
4.780000000000000000e+02 
4.770000000000000000e+02 
0
-1
-1
420
-21.324920074631674
12.044388160195325
1.6115783621952668
56
4.790000000000000000e+02 
4.780000000000000000e+02 
0
-1
-1
421
-21.46835761534478
15.621619364958965
1.7264754371888755
57
4.810000000000000000e+02 
4.800000000000000000e+02 
0
-1
-1
422
-21.52676773911755
18.237752663370728
1.6328086138344884
280
4.830000000000000000e+02 
4.820000000000000000e+02 
0
-1
-1
423
-21.228308431890063
21.094599749881414
1.2569704108795645
187
4.850000000000000000e+02 
4.840000000000000000e+02 
0
-1
-1
424
-20.93302046593017
22.012394955307812
1.2746122954469639
10
4.860000000000000000e+02 
4.850000000000000000e+02 
0
-1
-1
425
-19.329030163448024
25.532422957084513
1.1763881763049744
281
4.880000000000000000e+02 
4.870000000000000000e+02 
0
-1
-1
426
-18.800138499808046
26.642090838728294
1.1749287233542685
282
4.890000000000000000e+02 
4.880000000000000000e+02 
0
-1
-1
427
-18.186750363568713
27.64626632206239
1.064960224886002
283
4.900000000000000000e+02 
4.890000000000000000e+02 
0
-1
-1
428
-17.52484946755513
28.53187672718173
0.9651967876392088
284
4.910000000000000000e+02 
4.900000000000000000e+02 
0
-1
-1
429
-16.840619900023107
29.466897884316648
0.9737885356159733
285
4.920000000000000000e+02 
4.910000000000000000e+02 
0
-1
-1
430
-15.378240181996343
31.232457833971363
0.9910603623279186
286
4.940000000000000000e+02 
4.930000000000000000e+02 
0
-1
-1
431
-12.54589274944042
34.35769103906992
0.9765274954312214
287
4.960000000000000000e+02 
4.950000000000000000e+02 
0
-1
-1
432
-9.581496189289819
37.35058075307219
0.865345440952406
288
4.980000000000000000e+02 
4.970000000000000000e+02 
0
-1
-1
433
-7.959017657771394
38.90721509879392
0.7991514972569272
289
4.990000000000000000e+02 
4.980000000000000000e+02 
0
-1
-1
434
-6.970070172450529
39.52409089440887
0.6764536583026527
290
5.000000000000000000e+02 
4.990000000000000000e+02 
0
-1
-1
435
-3.9186720895599447
40.917533982369406
0.36890884949628144
291
5.010000000000000000e+02 
5.000000000000000000e+02 
0
-1
-1
436
0.9520450952553374
41.28315931270609
0.07494502148757233
292
5.030000000000000000e+02 
5.020000000000000000e+02 
0
-1
-1
437
5.418996644849389
40.92788510725704
-0.13280330748113245
293
5.040000000000000000e+02 
5.030000000000000000e+02 
0
-1
-1
438
7.43337285245324
40.654627477570074
-0.13899301856664137
294
5.050000000000000000e+02 
5.040000000000000000e+02 
0
-1
-1
439
9.651829692302055
40.38514446500912
-0.11259273785236017
295
5.060000000000000000e+02 
5.050000000000000000e+02 
0
-1
-1
440
10.724543419812568
40.238916861154294
-0.1350992637854785
296
5.070000000000000000e+02 
5.060000000000000000e+02 
0
-1
-1
441
11.263942635951796
40.16054654501444
-0.12755726240873408
297

5.070000000000000000e+02 
0
-1
-1
-
441
440
