1.5633324949739862
2.487967772447434
2.539496702092079
1
0
5.0
1.7448242627585469
-0.020542887309004776
-0.024767170162239616
2
1
7.0
1.8000687409263627
0.0056435611807863495
0.004146749522861537
3
2
9.0
2.1379624146951364
0.00325353604555767
-0.005549500736187429
4
3
11.0
1.1643768401702763
-0.16291279364614208
-0.16291279364614208
5
4
12.0
1.080582998776401
-0.21062271391019616
-0.21062271391019616
6
5
13.0
0.9943874024878806
-0.1560702268227281
-0.1560702268227281
7
6
14.0
2.0453972505581364
0.0064860156545356595
0.016520706057020496
8
7
16.0
2.00120365173549
-0.031025560607749414
-0.03549748020462773
9
8
18.0
2.135654888336595
-0.09421145461969704
-0.17472301166585713
10
9
20.0
1.0088775680614692
-0.08075997860311035
-0.08075997860311035
11
10
21.0
0.9793409285308454
-0.12449811502772223
-0.12449811502772223
12
11
22.0
1.0006671472283928
-0.01878646438330378
-0.01878646438330378
13
12
23.0
1.1249392702542358
-0.04951668874575321
-0.04951668874575321
14
13
24.0
2.183828739715615
-0.11850571848686076
-0.11850571848686076
15
14
26.0
0.951494991850709
0.012542928462623504
0.012542928462623504
16
15
27.0
1.0091366141504718
0.005463448825177908
0.005463448825177908
17
16
28.0
1.1506318305282595
-0.030225482525719105
-0.030225482525719105
18
17
29.0
1.1531812093316665
-0.001952757292296381
-0.001952757292296381
19
18
30.0
2.0075271600002065
-0.018280348229516852
-0.04167978857242982
20
19
32.0
1.1127671338739746
-0.07251097355161806
-0.07251097355161806
21
20
33.0
2.1568378238859327
-0.029605949344984284
-0.053229087165409084
22
21
35.0
2.1304693745404415
-0.07487587588448852
-0.07885443345530452
23
22
37.0
2.246107703764607
-0.05588035256377877
-0.08089528925263445
24
23
39.0
2.125322754337059
-0.018778458532528353
-0.018104058422384828
25
24
41.0
2.2084377022524957
-0.06636239555096923
-0.12490106744503593
26
25
43.0
1.1224621663956553
-0.15439098628185866
-0.15439098628185866
27
26
44.0
2.1478024634954536
-0.12094668359616223
-0.1785261183007899
28
27
46.0
2.074041429212426
-0.07745567166173994
-0.10008898740770478
29
28
48.0
1.1147991429131192
-0.09709246434172447
-0.09709246434172453
30
29
49.0
1.1841273900905838
-0.13302472042917562
-0.13302472042917562
31
30
50.0
2.1287597976118917
-0.11630693728754082
-0.14174177638509738
32
31
52.0
3.2951038559987467
-0.09967514437907464
-0.1847645869752883
33
32
55.0
1.0871720078349305
-0.1398037464763311
-0.1398037464763311
34
33
56.0
1.0263704186511884
-0.14135970011151766
-0.14135970011151766
35
34
57.0
1.0219086458303266
-0.163664559154844
-0.163664559154844
36
35
58.0
4.480128690879639
-0.16193721207186407
-0.17820068594085647
37
36
62.0
3.2383140362543843
-0.08118119012556413
-0.11105860138758761
38
37
65.0
2.2393722712690867
-0.3109292102623167
-0.40312374095098225
39
38
67.0
4.3927731822923946
-0.12022048070727287
-0.26036319737831626
40
39
71.0
4.354195039615749
-0.11422699489041044
-0.11595628439274197
41
40
75.0
1.076030028719229
-0.0010134164040884741
-0.0010134164040884741
42
41
76.0
3.4625386436597787
-0.16487493990430213
-0.27952398396632816
43
42
79.0
4.341295241009769
-0.027618602524244196
-0.05115975084293645
44
43
83.0
3.2318425599629883
-0.12330993864432127
-0.19294212122562815
45
44
86.0
4.506381112389672
-0.03405226220664659
-0.07463098282043568
46
45
90.0
1.0245808471851072
0.023560255847625555
0.002250941401596762
47
46
93.0
2.1060206385752553
-0.012055910856558327
-0.01809954757106258
48
47
95.0
1.4292429437438903
-0.1131711083136091
-0.18984428469676162
49
48
97.0
1.0068770462528134
-0.20782407111366563
-0.20782407111366563
50
49
98.0
3.129239199256197
-0.08872163132632904
-0.10440635769137252
51
50
101.0
3.110835885444895
-0.1407266057227381
-0.20232522033957734
52
51
104.0
5.282515535929837
-0.0631515321269065
-0.13475595207162883
53
52
109.0
1.1011075931006664
-0.16626198710233364
-0.16626198710233364
54
53
110.0
2.094268188735679
-0.18769058093249802
-0.2607598661523922
55
54
112.0
3.3181154049102966
-0.08164497408919713
-0.10237581820954444
56
55
115.0
1.0474818110369188
-0.18701133848875928
-0.18701133848875928
57
56
116.0
0.9937938445510138
-0.1652502882037803
-0.1652502882037803
58
57
117.0
1.082030805680991
-0.14826347062524547
-0.14826347062524547
59
58
118.0
1.1143394756870764
-0.12354479938341711
-0.12354479938341711
60
59
119.0
1.0501419201519215
-0.13446502163602747
-0.13446502163602747
61
60
120.0
0.9965328684256167
-0.1491431788216726
-0.1491431788216726
62
61
121.0
2.228077903032423
-0.049881175928656374
-0.053280004628490696
63
62
123.0
2.1635942237881474
-0.0029777805806141533
-0.008531520323151742
64
63
125.0
1.0465166097374619
0.002477183174898423
0.002477183174898423
65
64
126.0
2.254206987727525
-0.0530373058966056
-0.10307835273301813
66
65
128.0
1.0190454854364914
-0.14431225630549527
-0.14431225630549527
67
66
129.0
1.0845604198234549
-0.131219257729291
-0.131219257729291
10.0
67
130.0
1.1125084786577148
-0.10416272248694547
-0.10416272248694547
68
12.0
134.0
1.1254578236493635
-0.0638662431939141
-0.0638662431939141
69
68
135.0
1.0897430071201872
-0.006005247932026059
-0.006005247932026059
70
69
136.0
1.0603881934641242
-0.0031738693829308495
-0.0031738693829308495
71
70
137.0
1.1365059524835435
0.0035370051215004583
0.0035370051215004583
18.0
71
138.0
2.121772039428866
-0.02625759333705613
-0.047506684504270424
72
22.0
147.0
1.1373088674880965
-0.10610494336776899
-0.10610494336776899
23.0
72
148.0
1.1161047467058722
-0.1144219139813748
-0.1144219139813748
73
24.0
150.0
1.0960736160958087
-0.07012585845498731
-0.0701258584549872
74
73
151.0
2.238470726434784
0.009488542883989926
0.014267010671036195
26.0
74
153.0
2.2271375686589185
-0.05087531878168172
-0.11407913183663465
75
27.0
156.0
1.1564914426621355
-0.07631677251361668
-0.07631677251361674
29.0
75
157.0
1.0548637761823796
-0.12124618231448103
-0.12124618231448103
76
32.0
163.0
1.1526747112168962
-0.08022236797109894
-0.08022236797109894
33.0
76
164.0
1.1933022932266946
-0.1000547764211479
-0.1000547764211479
77
33.0
165.0
1.0736442301634765
-0.08756197989196046
-0.08756197989196046
34.0
77
166.0
3.240880371013424
-0.1380038461681723
-0.2163629430348264
42.0
40.0
183.0
5.533149969370491
-0.11305002903061911
-0.28882388360763134
45.0
43.0
191.0
4.523980841225528
-0.10062162398831553
-0.163892344713799
48.0
46.0
201.0
1.122265237778281
-0.13274489359810415
-0.13274489359810415
50.0
48.0
202.0
1.1303807280879274
0.016097334486637305
0.016097334486637305
78
49.0
204.0
1.137385111971873
-0.08922737920330359
-0.08922737920330359
50.0
78
205.0
3.266486547340234
-0.14749761088781854
-0.16705464786467017
79
51.0
209.0
1.0952813730397721
-0.03842890523907494
-0.03842890523907494
52.0
79
210.0
2.21213659399861
-0.11014875070661034
-0.1147313827980514
80
52.0
212.0
2.2584982821460584
-0.05822442895245539
-0.10756588990005289
53.0
80
214.0
1.105243286011675
-0.15878467030166377
-0.15878467030166377
81
56.0
221.0
1.1160121472370357
-0.16057118551144134
-0.16057118551144134
58.0
81
222.0
1.0714600891187405
-0.024159538291062876
-0.024159538291062876
82
58.0
223.0
1.9863580413777668
-0.018161568604028844
-0.04869344172368528
83
82
225.0
0.8325207891841448
-0.1895483638401223
-0.1895483638401223
61.0
83
226.0
0.9721612444955523
-0.12331727747721066
-0.12331727747721066
84
61.0
227.0
1.1385671269985846
-0.04831128615548508
-0.04831128615548508
85
84
228.0
1.033666497414833
-0.06134241686471609
-0.06134241686471609
63.0
85
229.0
1.086552077140235
0.005412521942039117
0.005412521942039117
86
65.0
232.0
1.171362331941295
-0.08845265163000482
-0.08845265163000482
66.0
86
233.0
1.0973766496689357
-0.060316212089569055
-0.060316212089569055
9.0
66.0
234.0
0.9765012654041754
-0.014547631355377844
-0.014547631355377844
67.0
9.0
235.0
1.1349716098269855
-0.2680247014243511
-0.2680247014243511
87
10.0
237.0
2.114374009888404
0.08073500493126873
0.10904129128213569
88
87
239.0
1.0867352783415047
-0.009937113901273609
-0.009937113901273609
89
88
240.0
2.3541224772194824
-0.013947426140021868
-0.013947426140021868
90
89
242.0
1.109694990144737
0.014310529117584458
0.014310529117584458
91
90
243.0
1.0769644443337418
-0.030593718491730426
-0.030593718491730426
92
91
244.0
1.1195189829291607
-0.13860180296841706
-0.13860180296841706
93
92
245.0
1.161386524426491
-0.10270153615435773
-0.10270153615435773
19.0
93
246.0
1.1176120714452773
0.02661360961640069
0.02661360961640069
94
19.0
247.0
1.099930818552388
-0.023999574964365555
-0.023999574964365555
20.0
94
248.0
1.1377119489103633
-0.029510358906553957
-0.029510358906553957
95
21.0
250.0
1.131641271615939
-0.09330034786580299
-0.09330034786580299
22.0
95
251.0
1.025407669328122
-0.027803214806116472
-0.027803214806116472
96
23.0
254.0
1.1302199219067293
-0.15762334841254155
-0.15762334841254155
73.0
96
255.0
2.2144628197932263
-0.010605546337271732
-0.015263821175441894
97
26.0
260.0
1.1449775551766104
-0.11717150543397958
-0.11717150543397958
75.0
97
261.0
1.0899746983872283
-0.2807408506371251
-0.28074085063712506
98
75.0
262.0
1.0623693767648292
-0.07194501215372692
-0.0719450121537269
29.0
98
263.0
4.434989216729696
-0.19736634881900006
-0.3755083277028657
77.0
76.0
272.0
2.1212529097402144
-0.09351839523710215
-0.203498151695638
36.0
77.0
274.0
1.1023821824211628
-0.1141969120361348
-0.1141969120361348
78.0
48.0
309.0
1.0533117928336215
-0.0766101247468356
-0.0766101247468356
99
50.0
312.0
1.0587707318728536
0.023407160171694308
0.023407160171694308
51.0
99
313.0
0.7984394438092425
-0.04855539114945806
-0.04855539114945806
100
56.0
328.0
0.8620947282156118
-0.12213600247430323
-0.12213600247430323
57.0
100
329.0
0.8351111623820698
-0.02222068133096533
-0.02222068133096533
81.0
57.0
330.0
2.484484905933821
-0.042241127053079364
-0.04984084719858739
101
61.0
337.0
0.9734867998013336
-0.06914675830114092
-0.06914675830114092
85.0
101
338.0
2.054566957885777
-0.010360074661463381
-0.018135356837697847
65.0
63.0
341.0
1.0613265028030814
-0.14327023403082273
-0.14327023403082273
102
67.0
346.0
2.127687607442207
-0.1301105413661734
-0.13613618165080332
103
102
348.0
1.0016693303615676
-0.009241633731651211
-0.009241633731651211
12.0
103
349.0
1.0421624734982882
0.008213313531329813
0.008213313531329813
104
12.0
350.0
1.116881228466779
-0.019560885090660785
-0.019560885090660785
105
104
351.0
1.1505548305554567
-0.15076000882540153
-0.15076000882540153
106
105
352.0
1.0317075459140717
-0.023939374453168405
-0.023939374453168405
107
106
353.0
1.0241918390404363
0.006545471894538801
0.006545471894538801
108
107
354.0
1.0983138608569365
-0.016573106886911493
-0.016573106886911493
93.0
108
355.0
2.09485916062681
-0.09933192888107278
-0.16091087816140948
96.0
72.0
364.0
1.1521643915258049
-0.010122275496528
-0.010122275496528
24.0
96.0
365.0
3.1357969365541334
-0.006036751095249926
-0.004999263174786717
109
30.0
378.0
1.9034095944268197
-0.014334751913162858
-0.02411731210244722
110
109
380.0
1.8012511727243865
-0.010998835297756526
-0.008423561714846317
111
110
382.0
1.484411730503512
-0.0202717863253028
-0.019373323149891264
112
111
384.0
0.7490327735287263
-0.013367356154280252
-0.013367356154280252
113
112
385.0
0.8735817515787366
0.11680563862298543
0.22770519229735559
114
113
387.0
0.5665383668130431
0.08221298448780157
0.08221298448780157
115
114
388.0
0.6459461741239152
0.29978488645878243
0.29978488645878243
116
115
389.0
1.1343003028227188
0.13532171919365055
0.13532171919365055
117
116
391.0
0.8018871230735196
0.04682289634893122
0.04682289634893122
118
117
392.0
0.9783098403092845
0.1632931695855735
0.1632931695855735
119
118
393.0
0.0
-1.216682496947016
2.699553889762285e-06
120
119
393.0
1.8358922776421198
0.000199813535866733
0.0020286693897182406
121
120
395.0
1.15906817551252
0.011434746721327382
0.011434746721327382
122
120.0
398.0
1.0657642137819874
-0.09002382966385625
-0.09002382966385625
123
122
399.0
0.9618608611277165
-0.11231854747959447
-0.11231854747959447
124
123
400.0
0.9843818034340938
-0.07074302823857204
-0.07074302823857204
125
124
401.0
1.122367215263434
-0.023537947996774555
-0.023537947996774555
126
125
402.0
1.1689803152961504
-0.005355415161210186
-0.005355415161210186
127
126
403.0
2.1329286608418756
-0.016231932301643326
-0.016231932301643326
128
127
405.0
0.9742177751851214
0.010747048190647424
0.010747048190647424
129
128
406.0
1.023701701806695
0.0008459597526555562
0.0008459597526555562
130
129
407.0
1.1577999124078309
-0.007289584679760375
-0.007289584679760375
131
130
408.0
1.0935553293880005
-0.035086592492909796
-0.035086592492909796
132
131
409.0
1.0193247297056456
-0.017378196756210995
-0.017378196756210884
133
132
410.0
1.0762655747060805
-0.10603244275736434
-0.10603244275736445
134
133
411.0
1.1015466482669791
-0.08002572516474038
-0.08002572516474038
135
134
412.0
1.017224404701471
-0.003790234437432316
-0.003790234437432205
136
135
413.0
0.9635575535632803
-0.01868859403901757
-0.01868859403901757
137
136
414.0
1.0646004720745252
-9.585706402559513e-05
-9.585706402570615e-05
138
137
415.0
1.2436494779266507
-0.0023330130858187914
-0.0023330130858187914
139
138
416.0
1.2126132843672823
0.006891801117367535
0.006891801117367535
140
139
417.0
1.0612524841582218
-9.985273808443829e-05
-9.985273808443829e-05
141
140
418.0
0.9447033735085003
-0.007611941883609141
-0.007611941883609141
142
141
419.0
2.1667987102367396
0.10865520325939393
0.18016823499452428
143
142
421.0
1.0166039538280047
0.13183323575669592
0.13183323575669592
144
143
422.0
1.1608832202430237
0.006481554884501972
0.006481554884501972
145
144.0
426.0
1.0760666804776837
0.019429214713723497
0.019429214713723497
146
145
427.0
1.1644379448999644
0.005863003550783619
0.00586300355078373
147
146.0
431.0
1.085654700562926
-0.011733796207518465
-0.011733796207518465
148
147
432.0
4.25964219181145
0.006171095077261324
0.00911984210877037
149
148
436.0
2.035485078811132
0.05762322136416931
0.11884204028347278
150
149
438.0
4.058628676023053
0.11447938377739786
0.1999776100180497
151
150
442.0
0.8801726812636416
0.31348465676748694
0.31348465676748694
152
151
443.0
0.8966456092231193
0.34707369198868765
0.34707369198868765
153
152
444.0
2.2091389300009463
0.15882659265781052
0.1930354356692796
154
153
446.0
1.9331049518036796
0.13864757582554788
0.24566050814322482
155
154
448.0
2.184429499054121
0.09096038384990468
0.1544101509852971
156
155
450.0
1.0160577407092006
0.4228165564004671
0.4228165564004671
157
156
451.0
0.8638715426847671
0.16780873181841383
0.16780873181841383
158
157
452.0
1.884656578030945
0.18548809514434828
0.2634153464628999
159
158
454.0
1.0468997497777832
0.44528988662826485
0.44528988662826485
160
159
455.0
1.878232427935097
0.14791332033885585
0.1931957554760384
161
160
457.0
4.1276247085390105
0.08796070443896653
0.08588593182463722
162
161
461.0
1.0427213525690284
-0.0002071707160204994
-0.0002071707160204994
163
162
462.0
2.0786309907729454
0.08725409050840849
0.17203127612668823
164
163
464.0
4.381395395988826
-0.003149927444217937
-0.045975394785291
165
164
468.0
1.0361822656182715
-0.02437907802638506
-0.02437907802638506
166
165
469.0
4.393705176588405
0.006076382627814958
0.018440261927189283
167
166
473.0
0.9851994353497148
0.1128679122787073
0.1128679122787073
168
167
474.0
2.25913769992512
0.0027502157220160584
0.002157848149607844
169
168
476.0
2.206331963999479
-0.029691685250296196
-0.04598751703368453
170
169
478.0
0.9927777619315737
0.004426829434137858
0.004426829434137858
171
170
479.0
1.0904121934236528
-0.13258222273744202
-0.13258222273744202
172
171
480.0
1.1456402629775562
-0.01286788312617837
-0.01286788312617837
173
172
481.0
1.153009821102586
0.011185925002424213
0.011185925002424213
174
173
482.0
1.1201101749798132
-0.0005395409979476185
-0.0005395409979476185
175
174
483.0
1.07037013707265
-0.013304067092263061
-0.013304067092263061
176
175
484.0
1.084194219706788
-0.08198155767388027
-0.08198155767388027
177
176
485.0
1.132529033054139
-0.020490983902080373
-0.020490983902080373
178
177
486.0
1.1422313596037446
-0.0020857812928261055
-0.0020857812928261055
179
178
487.0
1.0700586164355028
-0.007923080360425772
-0.007923080360425772
180
179
488.0
1.0114191875153897
0.007704645677290678
0.007704645677290678
181
180
489.0
2.2294215339038734
-0.006947722860659589
-0.006947722860659589
182
181
491.0
1.1481452345768892
-0.006584397051429214
-0.006584397051429214
183
182
492.0
1.1140680570584098
0.012248016728468869
0.012248016728468869
184
183
493.0
1.0904653665387272
-0.008744857083012647
-0.008744857083012647
185
184
494.0
1.1300029695108222
0.0025709064784997793
0.0025709064784997793
186
185
495.0
1.1240302929193169
-0.03264097987016612
-0.03264097987016612
187
186
496.0
1.0534428463273353
-0.04443564224887053
-0.04443564224887053
188
187
497.0
1.0007700734575418
-0.0039048587584669114
-0.0039048587584669114
189
188
498.0
0.9701751175965669
-0.041821014904249054
-0.041821014904249054
190
189
499.0
0.9943421829684667
-0.09015059187204333
-0.09015059187204333
191
190
500.0
2.218442475471237
-0.033517131390275345
-0.021509348193766265
192
191
502.0
0.9536537122463166
0.02520000541005718
0.02520000541005718
193
192
503.0
1.0855536677981692
-0.0206751829281151
-0.0206751829281151
194
193
504.0
1.1152415519855159
-0.17112554289651927
-0.17112554289651927
195
194
505.0
0.9213458318256089
-0.1923471026241077
-0.1923471026241077
196
195
506.0
0.9046879914546572
-0.149260508905519
-0.149260508905519
197
196
507.0
1.8525759766277197
-0.34886607434892225
-0.34886607434892225
198
197
509.0
1.034224751453364
-0.06275150097195592
-0.06275150097195592
199
198
510.0
1.1401927471879139
-0.09393600071227093
3.0476566528775217
111.0
199
511.0
2.2787210376508287
-3.127326531496702
-3.1222821217799135
200
109.0
516.0
1.0611571202630143
-0.02105105461532819
-0.02105105461532819
201
200
517.0
1.1297622892504993
0.006814461200197464
0.006814461200197464
202
201
518.0
1.1480742491519045
0.030710997520356997
-3.110881656069436
28.0
202
519.0
0.979043963124593
-3.033779844120067
0.10781280946972571
75.0
28.0
520.0
0.9620356517669116
-2.789471992146563
-2.789471992146563
203
75.0
521.0
1.1422889909995462
-0.05334479889241006
3.088247854697383
26.0
203
522.0
1.181846884756624
3.1155615380256814
3.1155615380256814
204
26.0
523.0
1.090900376219032
0.036426427867607636
0.036426427867607636
205
204
524.0
1.0503660316411072
-0.016001781276909988
3.125590872312883
73.0
205
525.0
2.2269068143678608
-3.133530935357972
-3.126133633680186
206
24.0
528.0
1.0704502258216013
0.2337814149449553
0.2337814149449553
207
206
529.0
1.0857981597729136
0.04267377086853674
-3.0989188827212564
22.0
207
530.0
1.0774299638728067
3.0819855923300628
3.0819855923300628
208
22.0
531.0
1.1172085311855258
-0.08924733985858513
3.0523453137312084
21.0
208
532.0
2.238794065113192
-3.1013183694687396
-3.1013183694687396
209
21.0
534.0
1.0632097988518687
-0.08445121499959019
-0.08445121499959019
210
209
535.0
1.0659927894160781
-0.011114230851416274
-0.011114230851416274
211
210
536.0
1.0775802141576751
0.0890800399381586
-3.052512613651634
18.0
211
537.0
1.0137179896315778
3.1331350685348216
3.1331350685348216
212
18.0
538.0
1.0239240574587694
0.009305708391520895
0.009305708391520895
213
212
539.0
1.0283510790162913
0.013478109364873703
0.013478109364873703
214
213
540.0
1.061296597388384
-0.006576295395605669
-0.006576295395605669
215
214
541.0
1.0249521111149515
0.010792353159005508
0.010792353159005508
216
215
542.0
1.0652928410264335
0.000829075159376913
0.000829075159376913
217
216
543.0
1.102637043728549
0.05331817735470956
0.05331817735470956
218
217
544.0
1.0689580448193392
0.1505030905549649
0.1505030905549649
219
218
545.0
1.087281721141914
0.01140547005461201
0.01140547005461201
220
219
546.0
1.0643593716845512
-0.009948850018786537
-0.009948850018786537
221
220
547.0
1.1101933096913863
-0.0004497784154251505
-0.0004497784154251505
222
221
548.0
1.1617413980779177
0.09624677614436727
-3.045345877445426
8.0
222
549.0
2.213519042447765
-3.1150739414557
-3.1137442874545957
223
6.0
553.0
1.1533455051310044
0.18759453925741365
0.18759453925741365
224
223
554.0
0.9916691166361914
0.11440815225443135
0.11440815225443135
225
224
555.0
1.018975540459768
0.0035252741076332583
0.0035252741076332583
226
225
556.0
1.1296221484979119
0.029763171162153768
0.029763171162153768
227
226
557.0
1.0706730027657574
0.1410269244651836
0.1410269244651836
228
227
558.0
0.9918274217588393
0.12104681812082152
0.12104681812082152
229
228
559.0
1.0399797050918334
0.05592043403863123
0.05592043403863123
230
229
560.0
1.1422991251523256
0.23937395330202627
0.23937395330202627
231
230
561.0
1.0695515300031495
0.017542191079097158
0.017542191079097158
232
231
562.0
1.0367246926457372
0.0001381041091867985
0.0001381041091867985
233
232
563.0
2.3709122992824696
0.02475534544097968
0.02475534544097968
234
233
565.0
1.1589500538712092
-0.02460906537952301
-0.02460906537952301
235
234
566.0
1.0924532483689307
0.03411559174135892
0.03411559174135892
236
235
567.0
1.0070440541319876
0.18111065058812326
0.18111065058812326
237
236
568.0
0.9253125148488852
0.049580500930547444
0.049580500930547444
238
237
569.0
1.0965029481032103
0.014571831029231319
0.014571831029231319
239
238
570.0
1.1565112946768084
0.2810518878556403
0.2810518878556403
240
239
571.0
1.0754235609036802
-0.01978781951108438
-0.01978781951108438
241
240
572.0
1.0585029333962703
0.03718915774732945
0.03718915774732942
242
241
573.0
1.0837058803093431
-0.019614675597693726
-0.019614675597693726
243
242
574.0
1.1165524093639527
-0.003269083995480898
-0.003269083995480926
244
243
575.0
1.1008985274693046
-0.009045873003456023
-0.009045873003456023
245
244
576.0
1.0882493861777909
0.005317735452593897
0.005317735452593897
246
245
577.0
1.1079099646155224
0.01139431123882953
-3.1301983423509636
50.0
246
578.0
2.188858910744818
-2.9131468187393597
-2.8468864949544797
247
50.0
580.0
1.0849348764102607
0.028871687645879773
0.028871687645879773
248
247
581.0
1.121128082906315
0.07703692577091648
0.07703692577091636
249
248
582.0
1.0713632451591473
0.0907989460609282
0.0907989460609282
250
249
583.0
1.0856485622511547
0.03536794531902965
0.03536794531902965
251
250
584.0
1.1004294853729168
-0.012662084826034592
-0.012662084826034592
252
251
585.0
1.1540861512497835
-0.012896495169779643
-0.012896495169779643
253
252
586.0
1.137878906160595
-0.0010262994285809013
-0.0010262994285809013
254
253
587.0
1.1021522683528477
0.0003940880015659287
0.0003940880015659287
255
254
588.0
1.0429861442627224
0.015207417570526904
0.015207417570526904
256
255
589.0
1.0485841419181585
-0.0037447809597168646
-0.0037447809597168646
257
256
590.0
1.1227038737115451
-0.006119186692010392
-0.006119186692010392
258
257
591.0
1.1469732247333981
-0.00877195745834325
-0.00877195745834336
259
258
592.0
1.1002200596384297
0.0027271554636864037
0.0027271554636864037
260
259
593.0
1.0637991462678562
0.01165928395939797
0.01165928395939797
261
260
594.0
1.0693098213637575
-0.011119654201217966
-0.011119654201218077
262
261
595.0
1.07542038604534
0.150277116450514
0.150277116450514
263
262
596.0
1.0688157122250923
0.06148470742317369
0.06148470742317369
264
263
597.0
1.1197163270679231
0.09235207828709546
0.09235207828709546
265
264
598.0
1.0347515611042912
-0.00640138421687908
-0.00640138421687908
266
265
599.0
0.9707588641520287
0.013448033138327986
0.013448033138327986
267
266
600.0
1.0298122161123235
0.015622980334992986
0.015622980334992986
268
267
601.0
1.1030409953141456
0.1616141539061955
0.1616141539061955
269
268
602.0
1.141991660097933
0.006685249295116158
0.006685249295116158
270
269
603.0
1.0417045776879374
-0.01307787449827158
-0.01307787449827158
271
270
604.0
2.024032048755106
-0.04581898230299197
-0.04581898230299197
272
271
606.0
1.074252962352067
-0.020263941656148754
-0.020263941656148754
273
272
607.0
1.0984666950160562
-0.00696849184600401
-0.00696849184600401
274
273
608.0
1.018319360210142
0.17093254680358205
0.17093254680358205
275
274
609.0
0.8920620991821132
0.3523711310725415
0.3523711310725415
276
275
610.0
0.9709873325217748
-0.1234675448849718
-0.1234675448849718
277
276
611.0
1.2075293912136897
-0.1410349586549433
-0.1410349586549433
278
277
612.0
1.233571413443262
-0.022628644345951132
-0.022628644345951132
279
278
613.0
0.9749564952664918
-0.030616549272334703
-0.030616549272334703
280
279
614.0
0.9147292937187759
-0.11285291474219372
-0.11285291474219372
281
280
615.0
1.0753324610152655
-0.1392688001967679
-0.1392688001967679
282
281
616.0
1.1103862775493856
-0.03192512805188086
-0.03192512805188086
283
282
617.0
0.8637877412808437
-0.09155768936727338
-0.09155768936727338
284
283
618.0
0.7096204687637115
-0.20840040367193657
-0.20840040367193657
285
284
619.0
0.863685043408175
-0.12623422657602634
-0.12623422657602623
286
285
620.0
0.8797303976761318
-0.034038714089613675
-0.034038714089613564
287
286
621.0
0.936624807801595
-0.09117140862743223
-0.09117140862743223
288
287
622.0
0.9588687512321626
-0.10863671553000553
-0.10863671553000553
289
288
623.0
0.9818417005245447
-0.10143531249247723
-0.10143531249247728
290
289
624.0
2.0257826826449783
-0.08975635599506104
-0.11095173596690544
291
290
626.0
1.978763261694699
-0.015986102552756065
-0.006463612424133347
292
291
628.0
1.0583474085881839
-0.010081529764838615
-0.010081529764838615
122.0
292
629.0
0.0
-0.8807672536295623
0.2934776858542545
293
122.0
629.0
1.0578846268532582
-0.08721000669991064
-0.08721000669991064
294
293
630.0
1.0436606443077803
-0.12117690187945862
-0.12117690187945862
295
294
631.0
1.0029082407158856
-0.0807363441487291
-0.08073634414872921
296
295
632.0
2.0823186378972096
0.001522850893015626
0.001522850893015626
297
296
634.0
1.0856078161670126
-0.008632851750758452
-0.008632851750758452
298
297
635.0
1.1169510589404408
-0.007799772943847261
-0.007799772943847261
299
298
636.0
1.0457589014637085
0.007027316101437919
0.007027316101437919
300
299
637.0
1.0423569075554922
-0.0016739424886675902
-0.0016739424886675902
131.0
300
638.0
2.1341384661677325
-0.011377423651119378
-0.014808230441170744
301
133.0
642.0
1.0231308503150567
0.00493331192135904
0.00493331192135904
302
301
643.0
1.100250386679855
-4.171219351067901e-05
-4.171219351067901e-05
303
302
644.0
1.134277421381655
-0.04511008093053048
-0.045110080930530594
304
303
645.0
0.6827292592812167
0.0014643533292211242
0.0014643533292211242
305
304
646.0
0.3596286676109544
-0.015068582679046094
-0.015068582679045983
306
305
647.0
0.808675447788933
0.004855778725313176
0.004855778725313176
307
306
648.0
1.4530796730464182
0.0011898977466625604
-0.0030517217298140498
308
307
653.0
1.2929339773378756
-0.003896315124800376
-0.0015773490428425685
309
308
656.0
1.8523698198228369
-0.021630109627446048
-0.04076875213739373
310
309
659.0
2.9109474972049814
-0.07821482051052675
-0.08912198535588489
311
310
663.0
4.025299316715272
-0.002835657920325807
-0.0031002305140136466
312
311
668.0
1.8094857001720106
-0.0033966814718623395
-0.0027033263212162817
313
312
670.0
4.525974655061368
0.036214831194187225
0.23068044712452018
148.0
313
675.0
0.5963988383947331
0.18030172264444688
0.18030172264444688
314
148.0
676.0
2.059668564985636
-0.004947429930481473
-0.0020880973526411495
149.0
314
678.0
0.739088407018066
0.0014419495837481033
0.0014419495837481033
314.0
150.0
680.0
0.8569734803608181
-0.0033079369688207017
-0.0033079369688207017
315
314.0
681.0
1.0721817528379247
-0.00613046105032411
-0.00613046105032411
150.0
315
682.0
3.320902741134873
0.041962223164012435
0.07850480644737567
316
150.0
686.0
0.857302515686432
0.2530348348085629
0.2530348348085629
151.0
316
687.0
0.5882470780769852
0.27064349459890114
0.27064349459890114
317
153.0
690.0
4.206290602280332
0.08008623693076933
0.07325782590478847
155.0
317
696.0
0.755303724772622
0.0549505043168832
0.0549505043168832
318
155.0
697.0
1.3870739350451093
0.20038477570467572
0.4330216340480382
156.0
318
699.0
0.0
-3.087421370769737
-0.0032602431276527177
319
157.0
700.0
0.6679564812455903
0.3469126948277852
0.3469126948277852
320
319
701.0
0.7201225456702515
0.27797779673348755
0.27797779673348755
321
320
702.0
0.6660113830776934
0.2433451735896912
0.2433451735896912
322
321
703.0
0.6481502121829228
0.03717905988992065
0.03717905988992065
323
322
704.0
0.7369508707666398
-0.006741297722399953
-0.006741297722399953
324
323
705.0
0.8077977978100963
-0.006198708321893065
-0.006198708321893065
325
324
706.0
0.7984695624198146
0.009589211343349113
0.009589211343349113
326
325
707.0
0.7152203018128133
-1.7719305452246203e-05
-1.7719305452246203e-05
327
326
708.0
0.7869842267850592
-0.005589816618214449
-0.005589816618214449
328
327
709.0
0.8912685249999392
0.006662956449318802
0.006662956449318802
329
328
710.0
0.9038896563166541
-0.005964228931317983
-0.005964228931317983
330
329
711.0
0.8654290976273418
-0.014089477239272341
-0.014089477239272341
331
330
712.0
0.8717934666281156
-0.0006043773796919893
-0.0006043773796919893
332
331
713.0
0.9827954435012917
0.010408627515849478
0.010408627515849478
333
332
714.0
0.9708877937123185
-0.005893706909119167
-0.005893706909119167
334
333
715.0
0.9087616493264223
-0.009348543862579994
-0.009348543862579994
335
334
716.0
0.9328140277908625
-0.005636418612898986
-0.005636418612898986
336
335
717.0
1.0553040705544452
0.004828931624943689
0.004828931624943689
337
336
718.0
1.0081900829504877
0.00040936314578177146
0.00040936314578177146
338
337
719.0
0.940510369104983
-4.040258113802153e-05
-4.040258113802153e-05
339
338
720.0
0.9380899853906065
-0.00017967115744266238
-0.00017967115744266238
340
339
721.0
1.0140863757505958
-0.004163656007121652
-0.004163656007121652
341
340
722.0
1.0347754296904297
-0.0006490945473043297
-0.0006490945473043297
342
341
723.0
1.0098732438219609
-0.0074018203096937185
-0.0074018203096937185
343
342
724.0
0.9845221546825356
-0.007791986775387727
-0.007791986775387727
344
343
725.0
1.0313495201693763
-0.010264806568723639
-0.010264806568723639
345
344
726.0
1.0774512391318238
-0.07662947264355324
-0.07662947264355324
346
345
727.0
1.0518059221768692
-0.04171485186913726
-0.04171485186913726
347
346
728.0
1.0196864544129625
-0.019444110160984795
-0.019444110160984795
348
347
729.0
1.0363032149422235
-0.010039376295221114
-0.010039376295221114
349
348
730.0
1.0648551835113942
-0.03069391690417822
-0.03069391690417822
350
349
731.0
1.0680203406216238
-0.01719252103343072
-0.01719252103343072
351
350
732.0
1.0423433320627449
-0.006091095911439304
-0.006091095911439304
352
351
733.0
1.0919651424512302
-0.0810304470312504
-0.0810304470312504
353
352
734.0
1.1339234280395978
-0.016853394541437527
-0.016853394541437527
354
353
735.0
1.0666398224743123
-0.0036403945565313123
-0.0036403945565313123
355
354
736.0
1.030526495597865
0.006500349469201527
0.006500349469201527
356
355
737.0
1.1163848140162638
-0.0036894396383355677
-0.0036894396383355677
357
356
738.0
1.0905951934371054
-0.016263439719726325
-0.016263439719726325
358
357
739.0
1.03572980388052
0.004755106967627043
0.004755106967627043
359
358
740.0
1.0206425267261243
3.729508658523173e-05
3.729508658523173e-05
360
359
741.0
1.0995270742300611
-0.013593294070458839
-0.013593294070458839
361
360
742.0
1.1029650847340962
-0.010274376619670011
-0.010274376619670011
362
361
743.0
1.0288810301661782
-0.009782508493529907
-0.009782508493529907
363
362
744.0
0.9365390793313978
-0.05656159827588114
-0.05656159827588114
364
363
745.0
1.0214628828334122
-0.08330291950098001
-0.08330291950098001
365
364
746.0
1.1341326260178466
-0.017784030028957343
-0.017784030028957343
366
365
747.0
1.014494581526843
0.006018529900770897
0.006018529900770897
367
366
748.0
0.9426743959042647
-0.0023554925240980573
-0.0023554925240980573
368
367
749.0
0.9859175527529275
-0.018313387346052146
-0.018313387346052146
369
368
750.0
1.0330373182731594
0.015197732754760995
0.015197732754760995
370
369
751.0
1.0374519517412173
0.009830586158634969
0.009830586158634969
371
370
752.0
2.0787936182589197
-0.010346910057861258
0.01925901078663772
372
371
754.0
1.0067862009772843
-0.009351275818525906
-0.009351275818525906
373
372
755.0
0.9190386083922105
0.0014515553727783015
0.0014515553727783015
374
373
756.0
1.0060347586837446
-0.012599510020796956
-0.012599510020796956
375
374
757.0
1.0443523239146055
-0.005253060596987158
-0.005253060596987158
376
375
758.0
0.8808510022809903
0.04557398319494288
0.04557398319494288
377
376
759.0
0.7361891903680395
0.2601991962879837
0.2601991962879837
378
377
760.0
0.6320855912394168
-0.015014450971650994
-0.015014450971650994
379
378
761.0
0.7352745509785302
0.5248039106601174
0.5248039106601174
380
379
762.0
0.8020686518009961
0.16908837946231614
0.16908837946231614
381
380
763.0
0.8546631138263434
0.03564937012267144
0.03564937012267144
382
381
764.0
0.8792480356688035
0.003090565739993778
0.003090565739993778
383
382
765.0
0.8824004380382213
-0.17715265871404196
-0.17715265871404196
384
383
766.0
0.9043229324314459
0.0042301285108941045
0.0042301285108941045
385
384
767.0
0.8985145612404077
-0.01991729461805214
-0.01991729461805214
386
385
768.0
0.8616381984252571
-0.05922355720098604
-0.05922355720098604
387
386
769.0
0.9083600230911774
0.0017111291034996867
0.0017111291034996867
388
387
770.0
4.9616324003740075
-0.0126982455278295
-0.011972131611775794
389
388
775.0
1.9258777069738324
-0.11038522267176454
-0.1875987722391086
390
389
777.0
3.0947918479247236
-0.11743819983580961
-0.14782543048113084
391
390
780.0
1.0011000555107386
-0.09248855249112253
-0.09248855249112253
392
391
781.0
3.68676822649629
-0.07434381122762845
-0.061759344833787644
393
392
785.0
1.0108180010566608
-0.07909386326751289
-0.07909386326751289
394
393
786.0
1.0632558798195626
-0.13270701300249454
-0.13270701300249454
395
394
787.0
0.9689956627633376
-0.10132900217511231
-0.10132900217511231
396
395
788.0
0.9207119870690006
-0.05297965174264663
-0.05297965174264663
397
396
789.0
0.9858357623520868
-0.04955939607418669
-0.04955939607418669
398
397
790.0
1.0621045646478011
0.0022666947304350593
0.0022666947304350593
399
398
791.0
1.0219796824412357
-0.008263020303882929
-0.008263020303882929
400
399
792.0
4.079742162144512
-0.009094246115271432
-0.01337188832970071
401
400
796.0
2.056142526621154
0.007019877308702682
0.016166629417071476
402
401
798.0
1.0792269315422918
-0.04176206109243319
-0.04176206109243319
403
402.0
801.0
0.9781464048309415
-0.10152757816952418
-0.10152757816952418
404
403
802.0
0.9754461227799728
-0.11790186919133383
-0.11790186919133383
405
404
803.0
1.1343617672577084
-0.06368221858400336
-0.06368221858400336
406
405
804.0
1.1068242097033731
-0.07097713430977537
-0.07097713430977537
407
406
805.0
0.9646628192233674
-0.08761979192272307
-0.08761979192272307
408
407
806.0
0.9866667256427664
-0.18229781629861863
-0.18229781629861863
409
408
807.0
1.0990426141364613
-0.10584659283242193
-0.10584659283242193
410
409
808.0
1.0545651455573983
-0.04751603556532169
-0.04751603556532169
52.0
409.0
810.0
1.981491505860938
0.17242000907137056
0.18494611666502614
411
52.0
812.0
3.2434809303472654
-0.09461311730270427
-0.11938557982326836
53.0
411
815.0
0.9163696557657107
-0.1623198667387098
-0.1623198667387098
412
53.0
816.0
2.1112708639411144
-0.03649395868764893
-0.08804808295266442
413
412
818.0
2.0631614840624124
-0.09137515906942273
-0.11515806262362016
414
413
820.0
3.144977920958073
-0.16883739407854792
-0.3589999087862039
415
414
823.0
0.9947975717987597
-0.2556394291882427
-0.2556394291882427
416
415
824.0
1.0305284205131855
-0.1846158452618063
-0.1846158452618063
417
416
825.0
1.0639564380588367
-0.152638876994186
-0.152638876994186
418
417
826.0
1.0604358119318205
-0.11249583789700202
-0.11249583789700202
419
418
827.0
2.0313426396528524
-0.16040319585318485
-0.230206886756529
420
419
829.0
2.1278134838612037
0.02799718856818334
0.02174068260079931
63.0
420
831.0
2.1499693034326794
0.08535202533316211
0.08757632459179021
421
63.0
833.0
1.015350650786058
-0.037881318920596874
-0.037881318920596874
65.0
421
834.0
2.186120902513698
-0.0171045890746504
-0.00432207252257677
422
65.0
836.0
2.192778096638457
-0.021650815277509672
-0.05637038178013376
67.0
422
838.0
1.055417978109529
-0.33982308299376274
-0.33982308299376274
423
67.0
839.0
1.0589444799303238
-0.03471765502152646
-0.03471765502152646
424
423
840.0
1.067115176853762
-0.030307021986499372
-0.030307021986499372
11.0
424
841.0
1.0930437937581232
-0.0047297305351921
-0.0047297305351921
425
13.0
844.0
1.1551598170242954
-0.007428481517894436
-0.007428481517894436
426
425
845.0
1.0980428266835955
-0.11592833660694812
-0.11592833660694812
427
426
846.0
1.0238189728115556
-0.10571386173734854
-0.10571386173734854
428
427
847.0
1.0768842524833488
0.00265096963309841
0.002650969633098299
429
428
848.0
1.1708754321492023
-0.00502271707092361
-0.00502271707092361
19.0
429
849.0
1.1233642439732365
-0.012672437403097425
-0.012672437403097425
430
19.0
850.0
1.0275663897266383
-0.02675747596950051
-0.0267574759695004
20.0
430
851.0
2.2649311846647686
0.010885202166628916
0.01657859043696064
431
21.0
854.0
2.207531500148228
-0.0887018910714289
-0.09295455123775509
72.0
431
856.0
2.1654046479654916
-0.015261895949524873
-0.018789112751514625
432
72.0
858.0
2.213856553777571
-0.03612817464103801
-0.07902000368977513
433
432
860.0
1.1103216160272815
-0.1355096868315553
-0.1355096868315553
434
433
861.0
3.2833009662179657
-0.20672291468530363
-0.32034205816950123
435
434
864.0
2.236763718182422
-0.21223256737834312
-0.2516196078040195
98.0
435
866.0
1.0523735385484274
-0.02722574633493835
-0.02722574633493835
436
29.0
869.0
4.478260010155064
-0.1538544997923985
-0.20780993287878147
437
436
873.0
2.0306624492719183
-0.0014129410747392157
-0.006235891600253396
438
437
875.0
2.23333293486419
0.018496091156768202
0.026369501177056165
439
438
877.0
1.0819132094914865
-0.022521915701730677
-0.022521915701730677
440
439
878.0
0.5450627677831941
-0.00916760765481417
0.00754200137674399
441
440
880.0
