30.0
30.0
17.999999999999996
0
29.86468808408865
28.492221507464237
18.51319427583372
1
29.604809614238004
26.776150400872847
18.35215781667447
2
29.365296642122587
25.00301918242557
18.343379938824512
3
29.083518304880396
22.887072626763036
18.27060788773337
4
28.946330118260736
21.77121021402221
17.357914067519925
5
28.997856963934225
20.724798733387924
16.157969245072586
6
29.233614386326106
19.782350388993887
15.301598058008146
7
29.985992741968523
17.89676077760499
15.411981395487462
8
30.671642327343715
16.040435064458368
15.260965684917561
9
31.43954340220676
14.066040412406242
14.344785984105494
10
31.940668735912368
13.216329319745945
13.911693860585084
11
32.49172158499014
12.420728002451863
13.242491390256276
12
33.16009909307256
11.687917416735
13.131968206596518
13
33.94018915034653
10.878820371802025
12.873202441098558
14
35.500439319275586
9.38927978538164
12.24381781592204
15
36.08412329068377
8.998179690835622
12.339975546833136
16
36.90659806342342
8.381820913681436
12.35346719947284
17
37.83823678868371
7.6853354935366625
12.164808347353002
18
38.78930654803072
7.020614053253862
12.163388820009176
19
40.47615976752125
5.886332944518232
11.901770795214624
20
41.434986228551274
5.28772891282417
11.509927514413512
21
43.377889413754865
4.312540629975557
11.191760742678607
22
45.374139310938894
3.5377941417269376
10.741811926030957
23
47.49355221344688
2.8533605317008797
10.269528029964805
24
49.5337629135369
2.3969546339174843
10.140701880329399
25
51.678452087197925
1.9869113796628133
9.392119920931373
26
52.7737878205095
1.9220753199145735
8.488400339928347
27
54.846766663218276
2.1179448516058414
7.475936835684058
28
56.81124891216587
2.6004787562564764
6.951015324770891
29
57.862006996093115
2.879806780177259
6.457652074234229
30
58.92625935475803
3.3442622118638
5.730601783106995
31
60.67709990857083
4.408486808622921
4.993126988868803
32
63.24791311561477
6.450920440428704
4.047596156598413
33
63.99929228054454
7.190196330004788
3.3010229300881955
34
64.59865830075003
7.986834268192888
2.5217465299779445
35
65.0417052383307
8.930269093673292
1.5764419385166977
36
65.73489657153526
13.13396603301507
0.539762030223855
37
65.67101745375284
16.216098047617134
34.84449596960502
38
65.28736139828594
18.395947892563044
32.59937387519651
39
63.27398775733464
22.304730164379265
31.202657591646577
40
60.32048865455895
25.50631643507601
30.5945582185619
40
59.54327220675515
26.271147799987865
30.595315729995896
41
56.91664295937339
28.584283563768572
29.064436490480706
42
52.963181189789665
30.55419781123141
28.73340115754772
42
49.8708380782455
31.641183292049647
27.613799846128487
43
45.48543232836531
32.43012387621959
27.11802762371239
43
44.46448918649848
32.49230576792013
27.081921818185936
44
42.40174020260653
32.7396522658562
26.979930588525246
45
40.99297254594798
32.84515862990477
25.92667231962683
46
39.97995263136896
32.754005060945474
24.744738126223808
47
37.055064345431354
31.81305461955727
24.23223981369128
48
34.22544407018246
30.62133146147537
23.18535804890772
49
30.143272568179917
27.98796589187217
22.60474773573808
50
29.25614301965024
27.33848642000676
21.70674006949107
51
27.890070549788536
25.74047122307821
20.255094306846075
52
26.48511414423107
22.713164747001912
19.657818333607405
53
26.12833783630273
21.710904970073564
18.605796065504727
54
25.964720476132797
20.705261579045548
17.666721784619973
55
25.98198332374964
19.588157820417788
16.79948171627458
1
26.161859011016535
18.46894110195916
16.076661186980036
2
26.444339076005143
17.45475521812765
15.302929101003262
3
26.81882508963342
16.538531223608995
14.459635822579338
56
28.021101503579462
14.815536780622065
14.242680390108827
57
29.150777060358877
12.97798293799083
14.231189544440944
6
29.69701216045926
12.089509449205362
14.274902119993227
58
30.866916077325072
10.169664583375008
13.736314706357547
8
31.445809209328623
9.475462458013329
12.976739000172925
9
34.482290485365844
10.001878632847252
12.063402046356817
59
35.22828818033509
9.663636864036693
11.767591359850806
60
36.221428725489524
8.87193382294036
11.659537940414012
61
37.119306711966885
8.195884534196953
11.621304756307106
62
45.17549556666536
3.05620546770397
11.035259814019087
63
48.10195807296584
2.1859563123494805
9.193413355234911
64
49.15793450320946
2.1493321100968363
8.759107738107138
65
54.473938347118164
1.903988669062787
8.20109227333047
66
61.14850865718478
4.713418957744141
4.299852135982062
67
62.818216511530906
6.460845018701161
3.2053145634100098
68
38.485337975933106
29.807837082192584
25.090756565372676
46
34.18323776882983
28.899386997185974
23.481616352102705
48
31.347849804271995
27.49439751631515
22.635588889399326
49
26.082691241965467
20.39082768096616
17.52807631674906
69
26.216981730721077
18.3559375273542
16.550439429748344
70
26.482128135414616
16.463361446663534
16.31040386132719
71
26.97100965715869
14.745721564120956
14.897412764371678
4
27.437821335193608
13.721734599859577
14.551403016646585
72
29.847186326413272
10.713097145543692
13.037555875504047
7
32.56089410307597
11.812668456266046
11.691991632240587
73
34.384026158122836
10.423783388205697
12.236303476963487
74
35.391666291376595
9.463958175742823
12.043838257330572
75
37.29737768173095
8.137071205772953
11.92537408972946
76
37.845183646689975
7.516017963035232
11.92841013141595
77
38.77985491102719
6.7753757499676235
11.74780263912359
78
40.417010820540916
5.918626756518296
10.603098372924505
79
40.781294542921394
5.3520276648699205
10.795769114351234
80
43.12824710692133
4.237851872796002
10.744768792867264
81
46.55632752222028
2.781122139927175
10.12449353068765
82
52.89982320910492
2.1387509378253617
8.768687912700823
83
54.91221162581673
2.0249400171103065
7.003552337473893
84
36.66212977002089
30.380375905895093
24.240359792059238
47
25.92955492953963
21.101488557074738
18.607104221003038
85
26.837240066571873
14.746686642906061
15.371286129112132
86
32.17254092269257
7.352948420554146
11.960961399475051
10
33.95939390106195
6.556526873289763
11.270348199286277
11
35.12008053186699
7.1147486072645005
11.929966925073211
87
36.12887395668513
6.37162040361967
11.713593317221825
88
36.155010221937644
8.411334635042001
11.426564352002382
89
37.90101444528786
5.712467869610805
10.835206244828614
90
38.70218134381845
5.64856908571997
10.960944412902531
91
59.71681072271255
3.6729232169834267
6.54838985550262
92
61.47092427718326
4.34416762842193
6.450729679031208
93
63.139346292292714
5.012993320178684
6.456587228332644
94
64.53405048049414
5.561146931279227
6.388572672304661
95
65.22366689778634
5.846484528655846
6.3219064968499445
96
66.03908278797
6.146991494369214
7.607802953602167
97
66.57735365676184
6.2484207397330325
8.066865856870969
98
67.21324895351103
6.3056649236873135
9.734625942517981
99
68.31988573270044
6.08451397599946
10.518908871128124
100
69.05834826024464
5.8513157118850065
10.777975003689216
101
69.97250074034613
5.52377346898791
11.667973040081591
102
69.99465379474645
5.541031102630231
11.657237431256878
103
71.58720433854177
4.66712980204764
11.65370301808602
104
74.42888544328879
3.1407828785406933
11.65834907421935
105
75.35211453791834
2.6284953600044703
11.134104136546739
106
76.2342371998287
2.255383185481029
10.483326319880382
107
77.1824239207482
1.9803733798032077
10.060552674641327
108
78.28279093401244
1.7470086522740118
9.916670406916571
109
79.40277940276876
1.5571137240783592
9.87735386013081
110
1.423176301911346
1.157696353952812
9.801992011313864
111
1.708419043606023
1.0424233827076432
9.814705659250443
112
2.799859564475878
0.8564581969089362
9.80790955717906
113
3.935839504687383
0.6761239721491465
9.751329503812872
114
4.9796103903617635
0.5377780485870118
9.535774129097575
115
5.971399424057804
0.4542523559367506
9.427885389674154
116
7.031156258734232
0.34094318620984154
8.837313947776442
117
8.117223366265383
0.41160571309680916
8.353239702804348
118
9.103048068139017
0.5119110107568952
8.327118473511247
119
10.056942806357636
0.599194173587474
8.223592022944699
120
11.116506617235308
0.7053085120121421
8.236381116773073
121
12.336686953122976
0.8230843147196318
8.226694906614727
122
13.451832910910642
0.9282054811584106
8.274610782665738
123
14.432297607379445
1.003190403403424
8.278906039771632
124
15.35383839298234
1.0709132437410136
8.24325860671511
125
17.503752710429413
1.200140343489466
9.254200282742058
126
18.47636726057609
1.100234387222728
10.011673215901906
127
22.72160744950622
0.16542201893295116
10.022356950332576
127
23.728986357251436
79.96949882795063
10.101798386919725
128
27.93080884924064
79.11157174561563
10.037377582565579
128
28.955488903955995
78.92964916861449
9.941459702845258
129
33.06191616502639
78.20560459933964
9.925414452167102
129
35.040276193999446
78.06039013371131
10.502824241721404
130
38.837957116396055
76.85212913434486
11.538635109383868
131
39.588673327442244
76.38060821485419
13.295506081374224
132
40.217448337614535
75.73766941264037
15.23527921083847
133
40.97033359319162
73.72493958061843
16.337376374522215
134
41.31008200051801
71.88214776542944
17.69900320564056
135
41.20416774761446
69.76315249455195
18.54020641961109
136
41.033327893088334
68.83371100835078
20.896515923406184
137
40.57995262318457
68.17330022870671
21.803703602915874
138
39.23935139312321
66.92635687731763
23.26001686605162
139
38.34361810181019
66.39893561089303
25.750328085659827
140
36.45447916510321
66.35013987536716
26.858020205320233
141
32.43360587342692
67.00801864520287
27.301616151607558
141
31.4208970213653
67.17379412756644
27.277330021709645
142
29.40188238240836
67.48579294702745
28.198605884996105
143
25.343601013067207
68.84004943819886
27.860183318410133
143
24.377734820660613
69.10379087116742
27.72373199003303
144
20.218790635522502
70.09013585429749
27.761694767784373
144
19.275371664312953
70.30250299767394
28.357534554220635
145
17.18379597378951
71.03554077188
28.324347283851413
146
15.160130986979027
71.71553152515416
28.02668782114319
147
14.224332240487659
71.98215158065526
28.046761569211508
148
13.186217237569926
72.27615062531574
27.284659515008293
149
12.070514272355606
72.42619841527095
27.169766064385634
150
10.966422457155893
72.56207540893207
27.216310044496414
151
9.897523161078134
72.6889516854351
27.179823760624036
152
8.872268601749322
72.86519496077953
27.09831514847715
153
7.8153037785555295
72.98501399182818
26.63378094922838
154
6.704615371814162
72.92799382796258
26.48319755253262
155
5.621584828582324
73.10791725530521
26.51565213532363
156
4.601023913296267
73.05966143602394
26.445609095718048
157
3.607846965661282
72.95548309275823
26.45593961899704
158
1.4121204744567266
72.95065066275635
26.38351839692474
159
1.1482671370065436
72.91864537520564
26.33308555298845
160
79.99720536259315
72.92476794971036
26.399617742486395
161
78.90335293979393
73.12523283313026
26.383112509801546
162
77.78353502934587
73.12683572799175
26.39661839008584
163
76.70814400898388
73.13033909106998
26.205979070251203
164
75.70488442335244
73.11335607067488
25.972969390751647
165
74.7317329691044
73.07121857529725
25.97344311219358
166
73.76833245279984
73.03048991101781
25.752269148921197
103
72.77675176216626
72.95609390868184
25.27671862656033
104
70.67288673112319
72.476257654329
25.16982002959205
103
69.74921048652148
72.31172801714422
25.310782523012623
102
68.67157804010553
72.15194666220098
25.19038784235904
167
67.6044161876392
71.97673204511504
24.264880347955398
168
66.77301733051343
71.604613235227
23.185213145455215
169
65.9779973784008
71.20237201566029
22.385875082011538
170
64.55608956641791
70.05751636830244
20.44117664307799
171
64.1642164597527
69.27298060981131
20.142773385897243
172
55.8974237955197
1.073226543986877
22.90828977917846
173
54.997805444136944
0.4907888572110908
22.805214357244694
173
54.04955761571071
79.86076506665052
22.878510736228893
173
51.13686535385263
78.94085195705911
25.975928989287585
174
48.631606275573304
79.54775810308635
25.893642786679877
175
47.56363543320217
79.6404503820211
25.945075550483644
176
42.967767282162484
1.5220752582523578
26.77177229148538
177
41.91073457536715
1.751387755203801
28.022343928595085
178
39.87672163982525
3.303682711939733
28.210144555298797
179
36.76754713794961
4.749285267591897
27.705395361075986
180
36.60837976116848
5.10515639098113
27.742995719253614
80
35.4822010763095
5.407804520278501
27.696712738877476
181
33.57953978899072
6.405878430607248
28.325659072522654
182
32.6304215018063
6.829454466795392
28.315018650639498
183
31.666708740007657
7.167162269390316
28.357736628132518
184
30.673784115132204
7.5070767435242125
28.276413115678487
185
29.72001761337341
7.88173033370815
28.32507701900865
186
28.760996080437778
8.317681353919955
28.357833804028537
12
27.838519068698226
8.915880953303066
28.7332708259138
11
26.75008425036696
8.937249618496569
29.376138599212585
10
25.731280726749137
9.234153637457355
29.334109449838355
187
24.81010398831004
9.76012413662144
29.24169235067715
187
23.82919984079786
10.24315946363968
29.210505573283413
188
27.011528942627407
23.825163580147688
33.5625190834065
189
26.75233312254396
24.915327716746148
34.62448459266632
190
26.722335158722117
25.876379626947458
0.27939725639505686
191
26.794194955211722
26.884375346067287
0.3094379888192931
192
26.86328749602514
27.99589061580249
0.46629229368945624
193
26.949338590390727
29.025805562224743
1.2298960010503284
194
27.15129275117558
29.97142637632208
1.90033769810649
195
27.476938992746803
30.943021801402487
2.2111028373308463
54
27.874732406824233
31.98895169686739
3.5001657672599453
53
28.45253273852212
32.842150896794145
3.5507717284303517
196
29.033329491679797
33.683613523836435
3.5116548636253553
196
30.392359192091714
35.59412965131185
3.63113479586866
196
30.936410542517162
36.09754948172983
3.423643595874272
197
31.55606681879393
36.986547054932686
3.6127258714282515
197
32.14720633134003
37.80440130563049
4.582754300682791
51
32.8133299453665
38.41302460182392
4.8428091266012485
198
33.67335022063186
39.15743130339853
4.912332717606912
198
34.58426160237467
39.907459035076386
6.470275518518656
199
35.56358692354661
40.31144311167915
6.359351963724699
199
36.53424185788604
40.68101330989267
6.590667508765732
199
37.59076210617271
41.128212037099225
6.4976142766277
199
38.64656585436209
41.50992287021213
6.51836005229231
48
39.68005783501288
41.86253048526819
6.495780219342651
48
40.72566463654116
42.29671848761553
6.563800699144283
48
43.84502833830703
43.322160783815505
7.805907218332784
200
44.923958057069264
43.45371706183847
7.919281068173461
200
45.156367594561694
33.494040360860986
8.874674212133113
200
47.05808792895911
43.62585631164976
8.85816865135998
45
48.13490213465073
43.61379998186085
9.065067883329165
43
49.2140573628501
43.53691527518427
8.983151537746837
43
50.33898738549841
43.473359483364426
8.914257480465102
43
51.427007974499396
43.44162126434495
8.915575171772804
43
52.47700757595128
43.41626810294216
8.917840704566188
43
53.48287448396605
43.39060174135661
9.001662888494689
43
54.51142540875239
43.350745516613145
8.966482151899747
43
55.61127113351798
43.31030666844202
8.934774807754435
42
56.71449014583696
43.27555051091723
8.890050534490937
201
57.76737488336505
43.24594351421124
8.913217300102488
201
58.79734816815246
43.21888227286334
8.973893265139644
201
59.84072423534519
43.184375076364375
8.899091295863794
201
60.88985950770071
43.1587869272402
9.743620283529292
202
61.917080441777685
42.97117755979962
10.100256859630681
41
62.98279914537422
42.73908120655004
10.584486468069718
41
63.93636042642508
42.44295881102556
10.529192738611446
202
64.85143444678644
42.18140201959981
10.583252495854191
203
65.82625643617655
41.876470519091356
10.643646449541551
203
66.86455609125144
41.55857459999056
11.51253749067388
204
67.85700564037123
41.07508570135141
11.53500577159753
204
68.76655021380348
40.61389717004732
11.432461869698226
204
70.55292743520853
39.72579916278089
11.165123631901542
39
71.1279439254543
39.37264735519221
11.01316086003685
39
72.1764948992602
38.97074249706139
10.971999755961953
39
73.11150490969723
38.59224071370148
11.915316353655003
38
73.87162828290805
38.15420995990311
13.865931343899167
205
74.47389933660952
37.41772493351019
13.170556667175498
205
75.32362725999612
36.574549721132335
12.35892217934743
206
76.31650483550496
35.854322165721634
12.195625998990513
206
77.11511877279418
35.3146815457774
12.018985827485189
206
77.90546397982594
34.82413434186599
11.397598613500117
207
78.88334994639668
34.35397605794258
10.596916235086706
208
79.94119365530713
34.02639934601909
10.38041380884481
209
0.7692676868436128
33.80765907330332
9.86476925964601
210
1.4791906779549033
33.687623117200715
8.688136433155531
211
2.3510190201367354
33.69348751911799
8.00307811825097
212
3.2307670468240275
33.820381368718564
7.792147282864267
213
4.161936139844448
33.960639963233504
7.308784329166384
214
5.092729358620273
34.18756276006463
6.710785536966201
102
6.012299177159237
34.5001418492847
6.158326669803394
215
7.792250937690266
35.38218097549192
5.587017265973054
104
9.47067970326985
36.38013989106126
5.628044261986464
216
10.409813046317621
36.89283881049104
5.609428155122173
217
11.301085544961724
37.44144785066256
5.434366280499106
218
12.176666700827825
38.00963463270848
4.763899556830174
219
12.947613106293334
38.64600569040713
4.311906286733547
220
14.403925738641217
40.10766476360486
4.336731771286482
221
15.014124322337072
40.73413068992993
4.325663446569409
222
15.813752182693065
41.528560509333424
4.3040890442385775
223
16.557648259478547
42.28934287406842
4.3565080461984325
224
7.017456296788458
79.87230387064862
8.94246463625695
225
8.040150253780611
79.95043729562074
8.961784609900763
226
9.137243789633168
0.0182120316478096
8.945810394851359
227
10.254886931920343
0.0649831301681294
8.6821146417397
228
10.913951659202048
0.13464354536455359
8.700292448117182
229
11.281324268613552
0.17441761818776969
8.61768211302668
230
12.072345124303602
0.20670553680039738
8.65159189658501
231
13.50490178243773
0.21747916441758663
8.629016923941979
232
14.755130320544563
0.23768985831966494
8.63037368860321
233
16.58943752090864
0.28043524477230863
8.416146530320445
234
19.49393213019383
0.5557797662594619
8.01005109936834
235
23.514275647325956
0.9697145909566669
8.060423345383516
235
25.31252523688933
1.1509962433620449
8.079657854167587
236
30.3956564115614
1.4235985621469407
10.04570445234011
237
34.8671469487851
0.5080299524520313
9.969535586332258
237
39.16546106813976
79.68718177733705
10.10532265951625
130
40.92996955509525
77.91328954350878
16.274011960591675
134
41.66505723712964
73.1890718876924
16.688497943985386
238
41.56543952497458
70.9831352102616
21.288396355531695
239
41.15488867015969
70.49917390884035
23.244793342747514
240
40.54599911803936
70.154670336136
24.81278327344469
137
39.90864478782996
70.0169253629991
26.178888672739582
138
39.260561616844065
70.0262011087399
26.381481901189108
241
38.521090729379516
70.05512051480252
26.33486829151054
241
37.71016540045897
70.07167743831728
26.30612938682878
241
36.902803654882625
70.08235292486127
26.366132316425325
241
36.18165884191423
70.09796117647427
26.358547868624946
241
35.39129732189695
70.1126666860456
26.330528716835765
241
34.49594383321447
70.12143760693269
26.37618289879324
241
33.587645479719704
70.13558949907676
26.336428691064903
241
32.71886597170768
70.14600121388223
26.264286489412754
241
31.84497791385361
70.1466885180248
26.270145962584696
242
30.860073809084728
70.14922533492768
26.32918891521381
242
29.89634393794162
70.1586297974571
26.28691699761135
242
28.989518115695773
70.16355925831367
26.239146766634533
242
28.053447761253054
70.16158739323751
26.21435295954259
242
26.998478635400097
70.15504338675926
26.246368542739194
242
26.009329282590688
70.15239642851398
26.244178572294782
243
25.078419495749213
70.15078987647185
26.24433892536311
243
24.140831031087863
70.14999396992872
26.245144345945455
243
23.127465501766245
70.15027650141816
26.22536945055893
243
22.10568269837215
70.14676736142285
26.22649869324061
243
21.112433597726557
70.14349096739363
26.187271769086003
243
20.139589271962585
70.13416968412405
26.150845521802736
244
19.116328386581944
70.11908883624017
26.102538506677547
244
18.05725175711632
70.09577398836603
25.686475193186666
244
17.040743660889518
70.00080711822186
25.47341234925382
244
16.05156483125318
69.8744814453519
25.38451226356342
245
15.040327772046535
69.73375881484418
25.350480046884208
245
14.002869934645604
69.58895817958418
25.20095583290862
246
12.97102740672569
69.4187491995788
25.136093590280595
246
11.966997381906948
69.24822112538561
25.133822689353387
247
10.908608954074824
69.06941793534591
24.708545847529372
248
9.835402955704497
68.81248323079812
24.652140517396397
249
8.83247798443368
68.5648095302767
24.676987699044776
250
7.847636268167511
68.33350218773762
24.746500842347025
251
6.774426034354325
68.07934321729303
24.745533102526746
252
5.737593686707228
67.83857177416242
24.683938235798998
253
4.753038739876447
67.60907688048167
24.748836355131438
254
3.7710784951875116
67.38794393031826
24.76973209545405
255
2.7116477714080194
67.13120644571245
24.712200571797666
256
1.6610367259159644
66.8880985830609
24.690669946176513
257
0.6852558415475651
66.66663672158352
24.672261909483574
258
79.78389816736606
66.45005869926752
24.387926527365146
259
78.80744787653131
66.16968037272164
23.956739714797642
260
77.75981622024685
65.77972709576645
23.88917062354463
261
76.83718294753109
65.4395822220697
23.967296690397543
262
75.96540921663359
65.09391297708552
23.967236365623098
263
75.04679688884822
64.75130317688027
23.886891750971756
264
74.0894727748169
64.39409824130652
24.01098122790937
215
73.13122353905199
64.01613341165371
24.070621983785173
104
71.21437332607766
63.29560658532205
24.234577346658234
216
70.26600946749934
62.99165820221953
24.192067918486398
103
69.39922291224423
62.71213013428101
24.22651502501534
102
68.44311793264777
62.382789867117545
24.167259942312196
265
67.4596431463209
62.054338018999175
24.169411667397565
266
66.63112263666815
61.77156917255492
24.44650609258455
267
65.91138187798903
61.61139899486624
25.905975502567166
268
65.25718994077275
61.61196006722808
25.829951086500905
269
64.51227080798944
61.59105561307948
28.776850076500278
270
63.7828814316943
61.9550877024287
29.736430348010938
270
63.0832234575965
62.45625707213355
29.93955731502502
271
62.37319866019411
62.99170210246768
29.931766324905766
271
61.66152167556436
63.530420874006495
28.932220271812653
272
60.860351561108175
63.94667018351157
28.950980821825695
272
60.05131472372051
64.35665391609682
28.827033243739507
272
59.26269243879554
64.72480584535928
28.500284851326406
272
58.412670127714335
65.06891516723823
28.516168427685457
39
53.79463373190103
66.85781017393074
28.400407956180352
39
51.97935333972355
67.4828495804385
27.337726878820543
40
48.91973283892192
67.77030144359912
26.467617119893166
203
47.9308547036471
67.79071874176638
25.9556171980106
41
44.28357777452157
67.38752980262723
25.63366551263752
202
43.2742566365496
67.29441174620946
25.192406132679025
273
42.243363701424435
67.11299203820626
24.466255920110612
273
41.34704447108079
66.83948485798939
23.904288562172283
273
40.50368225751896
66.49924009357049
23.624200795728417
201
39.60771089081527
66.09921697349907
23.3888527057495
273
38.667547130115196
65.62384981492669
23.44046629179174
42
37.76324832964201
65.16248306908261
23.417539748430976
43
34.1377083682701
63.32102103708409
23.447289524582324
43
32.30668461656293
62.38246632471015
23.56649375589558
273
42.12416391829972
40.02145348550598
24.755579211048186
43
41.20468492221208
39.81648270347031
24.230472516297592
45
27.82871547228782
59.970884865522386
22.15269074854247
200
26.971033350177407
59.228547030093665
21.79021000500468
200
38.40834723438403
38.451875153774715
22.99077074913084
200
25.53498519488359
57.728806672882655
20.9517258127759
47
24.961084458651477
56.92704440925863
19.940102089145196
274
36.05098122995647
36.082895124940954
21.29297882276397
274
23.537131265406305
51.85806481595843
18.75816096330592
49
22.880539709291174
47.79962197704144
18.262499774226725
50
22.698743306793084
45.68645869026564
17.515500740775224
51
22.825423786797145
43.658414427506614
16.859379966616554
275
23.29871512309892
40.575808923186145
14.948247534166946
276
23.70821738448158
39.70060685950074
13.544611235231253
277
24.33443209732258
38.90095802264428
12.54929308240294
278
25.13139773830531
38.21715403854565
11.724227289738772
1
26.029436439034704
37.66006411813757
11.09347689213578
279
27.942277148353522
36.94892512940065
9.758442228700547
56
32.14021345441207
36.27194790937631
9.813234345984794
57
30.90552133065695
9.13315896755937
13.993735233023887
280
32.67812861689472
6.583000775008582
11.863139483757084
187
39.464836145385
35.72111856606311
7.239349136848238
10
34.02376157347617
10.039816956886693
11.764197756383043
281
35.279731674760306
9.12846754356611
11.617415622809451
282
36.54360113560507
8.229813612014958
10.996428892403179
283
37.41722932857675
7.888963430028021
10.40059230041639
284
38.447282430723526
7.567814128976803
10.440235406745371
285
40.30815829759854
6.35849866211237
10.589580889264251
286
43.77351010024355
4.39443310254602
10.994814922002616
287
47.29070748595164
2.4558487573518635
11.05536336419634
288
49.14355913906597
1.5070894343825247
10.590429172922734
289
50.126919323583735
1.1375615430688724
9.837824021012723
290
53.25421986937142
0.857091592889778
7.987912480997517
291
57.990033478778045
2.2001184142431276
6.738150873469564
292
61.96334786302603
3.7192262466079677
5.978827226522107
293
63.2301815278293
4.592565215623552
6.007257386045828
294
65.24959093235563
5.594477312140135
6.177281181685141
295
66.21232423866675
6.041811233405193
6.06030910556859
296
66.70942007959329
6.255189974297475
6.151206227411382
297
-
441
0
