0
30.0
30.0
17.348589144877977
1.5
0.000000000000000000e+00 
1
29.92657485044851
29.098960084507567
18.148589144877977
1.5
1.000000000000000000e+00 5.900000000000000000e+01 4.180000000000000000e+02 
2
29.740498696872184
27.730257716103832
18.413231785516224
1.5
2.000000000000000000e+00 6.000000000000000000e+01 
3
29.4788072613307
25.848889271949204
18.380995476321537
1.5
3.000000000000000000e+00 6.100000000000000000e+01 
4
29.24138901661497
24.02608943695051
18.40403804582933
1.5
4.000000000000000000e+00 8.400000000000000000e+01 
5
29.083518304880396
22.887072626763036
18.27060788773337
1.5
5.000000000000000000e+00 
6
28.946330118260736
21.77121021402221
17.357914067519925
1.5
6.000000000000000000e+00 6.400000000000000000e+01 
7
28.997856963934225
20.724798733387924
16.157969245072586
1.5
7.000000000000000000e+00 8.600000000000000000e+01 
8
29.602516152640867
18.860090114194247
15.279476939379204
1.5
8.000000000000000000e+00 6.600000000000000000e+01 
9
30.32784562609982
16.944594492445443
15.273402694159785
1.5
9.000000000000000000e+00 6.700000000000000000e+01 
10
31.045271590738714
15.06961434903517
15.2331503568258
1.5
1.000000000000000000e+01 1.020000000000000000e+02 2.190000000000000000e+02 4.240000000000000000e+02 
11
31.43954340220676
14.066040412406242
14.344785984105494
1.5
1.100000000000000000e+01 1.030000000000000000e+02 2.180000000000000000e+02 
12
31.940668735912368
13.216329319745945
13.911693860585084
1.5
1.200000000000000000e+01 2.170000000000000000e+02 
13
32.49172158499014
12.420728002451863
13.242491390256276
1.5
1.300000000000000000e+01 
14
33.16009909307256
11.687917416735
13.131968206596518
1.5
1.400000000000000000e+01 
15
33.94018915034653
10.878820371802025
12.873202441098558
1.5
1.500000000000000000e+01 
16
35.500439319275586
9.38927978538164
12.24381781592204
1.5
1.600000000000000000e+01 
17
36.08412329068377
8.998179690835622
12.339975546833136
1.5
1.700000000000000000e+01 
18
36.90659806342342
8.381820913681436
12.35346719947284
1.5
1.800000000000000000e+01 
19
37.83823678868371
7.6853354935366625
12.164808347353002
1.5
1.900000000000000000e+01 
20
39.62561531222839
6.4570738456069865
12.184310076245293
1.5
2.000000000000000000e+01 
21
40.47615976752125
5.886332944518232
11.901770795214624
1.6000000000000032
2.100000000000000000e+01 
22
42.43587340426503
4.779994458978204
11.461524732580259
1.5
2.200000000000000000e+01 
23
44.34742110544645
3.8914589111125952
10.791973729231373
1.5
2.300000000000000000e+01 
24
46.41815317025376
3.1747963224711473
10.5610239835683
1.5
2.400000000000000000e+01 
25
48.5142119009295
2.6127200631710368
10.145867757345068
1.5
2.500000000000000000e+01 
26
50.59274832704012
2.183557083180088
10.077165128687495
1.5
2.600000000000000000e+01 
27
51.678452087197925
1.9869113796628133
9.392119920931373
1.5
2.700000000000000000e+01 
28
53.817702174770076
1.9538456619383524
8.112902675775011
1.5
2.800000000000000000e+01 
29
55.860813249464364
2.3489373565581055
7.161622010612271
1.5
2.900000000000000000e+01 
30
56.81124891216587
2.6004787562564764
6.951015324770891
1.5
3.000000000000000000e+01 
31
57.862006996093115
2.879806780177259
6.457652074234229
1.5
3.100000000000000000e+01 
32
59.85912320964493
3.8852326516175424
5.2246275356064595
1.5
3.200000000000000000e+01 
33
62.38485915947578
5.6450894535319955
4.523241152906523
1.5
3.300000000000000000e+01 
34
63.24791311561477
6.450920440428704
4.047596156598413
1.5
3.400000000000000000e+01 
35
63.99929228054454
7.190196330004788
3.3010229300881955
1.5
3.500000000000000000e+01 
36
64.59865830075003
7.986834268192888
2.5217465299779445
1.5
3.600000000000000000e+01 
37
65.45798063955571
11.180093203127779
0.6397263300061979
1.5
3.700000000000000000e+01 
38
65.69425245200246
15.019709003108964
0.0988534178085092
1.5
3.800000000000000000e+01 2.750000000000000000e+02 
39
65.59267753637707
17.37087029262006
33.586357236554726
4.99999999999998
3.900000000000000000e+01 2.720000000000000000e+02 2.730000000000000000e+02 2.740000000000000000e+02 3.880000000000000000e+02 3.890000000000000000e+02 
40
63.86160260598754
21.395912977830697
31.756848060904673
1.5
4.000000000000000000e+01 4.100000000000000000e+01 3.900000000000000000e+02 
41
60.32048865455895
25.50631643507601
30.5945582185619
1.5
4.200000000000000000e+01 2.640000000000000000e+02 2.650000000000000000e+02 3.920000000000000000e+02 
42
57.8604229833865
27.878385954931545
29.753149445432694
1.5
4.300000000000000000e+01 4.400000000000000000e+01 2.580000000000000000e+02 3.990000000000000000e+02 
43
50.922277927076436
31.35914430738827
27.95073394725398
4.600000000000002
4.500000000000000000e+01 4.600000000000000000e+01 2.510000000000000000e+02 2.520000000000000000e+02 2.530000000000000000e+02 2.540000000000000000e+02 2.550000000000000000e+02 2.560000000000000000e+02 2.570000000000000000e+02 4.000000000000000000e+02 4.010000000000000000e+02 4.030000000000000000e+02 
44
44.7419982730706
32.47124992617273
27.26029812656319
1.5
4.700000000000000000e+01 
45
43.52442233611091
32.60282534175259
27.062752264827267
1.5
4.800000000000000000e+01 2.500000000000000000e+02 4.040000000000000000e+02 
46
41.695997619174484
32.80847326006737
26.752325515454075
1.5
4.900000000000000000e+01 7.800000000000000000e+01 
47
40.99297254594798
32.84515862990477
25.92667231962683
1.5
5.000000000000000000e+01 9.900000000000000000e+01 4.080000000000000000e+02 
48
37.8982593499076
32.11737704254584
24.183998243448542
1.5
5.100000000000000000e+01 7.900000000000000000e+01 2.440000000000000000e+02 2.450000000000000000e+02 2.460000000000000000e+02 
49
35.19604373744881
31.11120596304874
23.47380468837345
4.000000000000012
5.200000000000000000e+01 8.000000000000000000e+01 4.110000000000000000e+02 
50
31.04035808567155
28.57456605091007
22.894108765942015
1.5
5.300000000000000000e+01 4.120000000000000000e+02 
51
30.143272568179917
27.98796589187217
22.60474773573808
1.5
5.400000000000000000e+01 2.370000000000000000e+02 4.130000000000000000e+02 
52
28.528348704529375
26.588937794656076
21.07960429126365
1.5
5.500000000000000000e+01 
53
26.889091824689746
23.724061218804483
19.777837579337547
1.5
5.600000000000000000e+01 2.310000000000000000e+02 
54
26.48511414423107
22.713164747001912
19.657818333607405
1.5
5.700000000000000000e+01 2.300000000000000000e+02 
55
26.12833783630273
21.710904970073564
18.605796065504727
1.5
5.800000000000000000e+01 
56
26.444339076005143
17.45475521812765
15.302929101003262
1.5
6.200000000000000000e+01 4.200000000000000000e+02 
57
27.4103041229252
15.76320313794405
14.247727027978325
2.0500000000000087
6.300000000000000000e+01 4.210000000000000000e+02 
58
29.150777060358877
12.97798293799083
14.231189544440944
1.5
6.500000000000000000e+01 
59
33.65604966059057
10.889236933219381
12.700506487987974
1.5
6.800000000000000000e+01 
60
34.482290485365844
10.001878632847252
12.063402046356817
1.5
6.900000000000000000e+01 
61
35.22828818033509
9.663636864036693
11.767591359850806
1.5
7.000000000000000000e+01 
62
36.221428725489524
8.87193382294036
11.659537940414012
1.5
7.100000000000000000e+01 
63
44.28701140627666
3.509618401878088
11.244530639248406
1.8000000000000034
7.200000000000000000e+01 
64
47.05800813306608
2.362266193982189
9.863446782843557
1.5
7.300000000000000000e+01 
65
48.10195807296584
2.1859563123494805
9.193413355234911
1.5
7.400000000000000000e+01 
66
53.35609503598597
1.965893672221001
8.927239122675031
1.5
7.500000000000000000e+01 
67
60.32225066687029
4.0927900513684605
4.948976360153504
1.5
7.600000000000000000e+01 
68
62.032629311776404
5.541905733533845
3.8259767922930727
1.5
7.700000000000000000e+01 
69
26.252001171242025
21.44089738599772
18.444691165460224
1.5
8.100000000000000000e+01 
70
26.074226845156755
19.35835509791944
16.649117659002894
1.5
8.200000000000000000e+01 
71
26.36806960420096
17.336861645193604
16.608879011296764
1.5
8.300000000000000000e+01 
72
26.97100965715869
14.745721564120956
14.897412764371678
1.5
8.500000000000000000e+01 
73
31.688554600552145
12.937290578892027
13.295371128142042
1.5
8.700000000000000000e+01 
74
33.353245935611255
11.458347708612063
12.163817488818777
1.5
8.800000000000000000e+01 
75
34.384026158122836
10.423783388205697
12.236303476963487
1.5
8.900000000000000000e+01 
76
35.391666291376595
9.463958175742823
12.043838257330572
1.5
9.000000000000000000e+01 
77
37.29737768173095
8.137071205772953
11.92537408972946
1.5
9.100000000000000000e+01 
78
37.845183646689975
7.516017963035232
11.92841013141595
1.5
9.200000000000000000e+01 
79
38.77985491102719
6.7753757499676235
11.74780263912359
1.5
9.300000000000000000e+01 
80
39.89298975259809
5.699689732493982
10.807781237966687
1.5
9.400000000000000000e+01 2.100000000000000000e+02 
81
42.294733691810656
4.64477184417956
10.831395657531319
1.5
9.500000000000000000e+01 
82
45.64960357547582
3.0610161660300657
10.275035683441978
1.5
9.600000000000000000e+01 
83
51.909534145453364
2.247658577743667
8.761352681755154
1.5
9.700000000000000000e+01 
84
53.93452655318521
1.9819845482041027
8.144511318115947
2.3000000000000025
9.800000000000000000e+01 
85
26.115818057778867
21.86759587889034
18.891918936763446
1.5
1.000000000000000000e+02 
86
26.286907835620557
16.303409337763657
15.467263299893105
1.5
1.010000000000000000e+02 
87
33.50294062991354
10.898011971296667
12.437084002704756
1.5
1.040000000000000000e+02 
88
35.12008053186699
7.1147486072645005
11.929966925073211
1.5
1.050000000000000000e+02 
89
36.12887395668513
6.37162040361967
11.713593317221825
1.5
1.060000000000000000e+02 
90
36.155010221937644
8.411334635042001
11.426564352002382
1.5
1.070000000000000000e+02 
91
37.90101444528786
5.712467869610805
10.835206244828614
1.5
1.080000000000000000e+02 
92
58.76006135438547
3.29643728796436
6.457419336823072
1.5
1.090000000000000000e+02 
93
60.63555794006423
4.028159723687793
6.52927476468181
1.5
1.100000000000000000e+02 
94
62.32424488341621
4.684043498405361
6.403353811267133
1.5
1.110000000000000000e+02 
95
63.870307786619435
5.2973914715419985
6.3526182719923945
1.5
1.120000000000000000e+02 
96
64.53405048049414
5.561146931279227
6.388572672304661
1.5
1.130000000000000000e+02 
97
65.72217931164492
6.046580623111032
6.60875694288978
1.5
1.140000000000000000e+02 
98
66.03908278797
6.146991494369214
7.607802953602167
1.5
1.150000000000000000e+02 
99
66.57735365676184
6.2484207397330325
8.066865856870969
1.5
1.160000000000000000e+02 
100
67.21324895351103
6.3056649236873135
9.734625942517981
1.5
1.170000000000000000e+02 
101
68.31988573270044
6.08451397599946
10.518908871128124
1.5
1.180000000000000000e+02 
102
69.05834826024464
5.8513157118850065
10.777975003689216
1.5
1.190000000000000000e+02 1.930000000000000000e+02 2.890000000000000000e+02 3.740000000000000000e+02 
103
69.97250074034613
5.52377346898791
11.667973040081591
1.5
1.200000000000000000e+02 1.900000000000000000e+02 1.920000000000000000e+02 3.730000000000000000e+02 
104
70.7917379540562
5.093051751005289
11.646417142692103
1.5
1.210000000000000000e+02 1.910000000000000000e+02 2.910000000000000000e+02 3.710000000000000000e+02 
105
73.4217660925266
3.6856138993893515
11.622058013262501
1.5
1.220000000000000000e+02 
106
74.42888544328879
3.1407828785406933
11.65834907421935
1.5
1.230000000000000000e+02 
107
75.35211453791834
2.6284953600044703
11.134104136546739
1.5
1.240000000000000000e+02 
108
76.2342371998287
2.255383185481029
10.483326319880382
1.5
1.250000000000000000e+02 
109
77.1824239207482
1.9803733798032077
10.060552674641327
1.5
1.260000000000000000e+02 
110
78.28279093401244
1.7470086522740118
9.916670406916571
1.5
1.270000000000000000e+02 
111
79.40277940276876
1.5571137240783592
9.87735386013081
1.5
1.280000000000000000e+02 
112
1.423176301911346
1.157696353952812
9.801992011313864
1.5
1.290000000000000000e+02 
113
1.708419043606023
1.0424233827076432
9.814705659250443
1.5
1.300000000000000000e+02 
114
2.799859564475878
0.8564581969089362
9.80790955717906
1.5
1.310000000000000000e+02 
115
3.935839504687383
0.6761239721491465
9.751329503812872
1.5
1.320000000000000000e+02 
116
4.9796103903617635
0.5377780485870118
9.535774129097575
1.5
1.330000000000000000e+02 
117
5.971399424057804
0.4542523559367506
9.427885389674154
1.5
1.340000000000000000e+02 
118
7.031156258734232
0.34094318620984154
8.837313947776442
1.5
1.350000000000000000e+02 
119
8.117223366265383
0.41160571309680916
8.353239702804348
1.5
1.360000000000000000e+02 
120
9.103048068139017
0.5119110107568952
8.327118473511247
1.5
1.370000000000000000e+02 
121
10.056942806357636
0.599194173587474
8.223592022944699
1.5
1.380000000000000000e+02 
122
11.116506617235308
0.7053085120121421
8.236381116773073
1.5
1.390000000000000000e+02 
123
12.336686953122976
0.8230843147196318
8.226694906614727
1.5
1.400000000000000000e+02 
124
13.451832910910642
0.9282054811584106
8.274610782665738
1.5
1.410000000000000000e+02 
125
14.432297607379445
1.003190403403424
8.278906039771632
1.5
1.420000000000000000e+02 
126
16.424007421811265
1.2037780957238242
8.433684405141298
1.5
1.430000000000000000e+02 
127
17.503752710429413
1.200140343489466
9.254200282742058
1.5
1.440000000000000000e+02 1.450000000000000000e+02 
128
22.72160744950622
0.16542201893295116
10.022356950332576
1.5
1.460000000000000000e+02 1.470000000000000000e+02 
129
27.93080884924064
79.11157174561563
10.037377582565579
1.5
1.480000000000000000e+02 1.490000000000000000e+02 
130
34.09744140350966
78.0525071212287
9.912781370698315
1.5
1.500000000000000000e+02 3.160000000000000000e+02 
131
37.772712881553716
77.01314447043413
10.96497526874236
1.5
1.510000000000000000e+02 
132
38.837957116396055
76.85212913434486
11.538635109383868
1.5
1.520000000000000000e+02 
133
39.588673327442244
76.38060821485419
13.295506081374224
1.5
1.530000000000000000e+02 
134
40.66244099101658
74.75790146316398
15.93121828880123
1.5
1.540000000000000000e+02 3.170000000000000000e+02 
135
41.16495962000202
72.7844047524708
16.54596700159714
1.5
1.550000000000000000e+02 
136
41.2565227321559
70.85132140100848
17.81932398606197
1.5
1.560000000000000000e+02 
137
41.20416774761446
69.76315249455195
18.54020641961109
1.5
1.570000000000000000e+02 3.210000000000000000e+02 
138
41.033327893088334
68.83371100835078
20.896515923406184
1.5
1.580000000000000000e+02 3.220000000000000000e+02 
139
39.99761787763149
67.56986022329913
22.33003180043332
1.5
1.590000000000000000e+02 
140
39.23935139312321
66.92635687731763
23.26001686605162
1.5
1.600000000000000000e+02 
141
37.395154842703036
66.3299894260742
26.34021628945547
1.5
1.610000000000000000e+02 1.620000000000000000e+02 
142
32.43360587342692
67.00801864520287
27.301616151607558
1.5
1.630000000000000000e+02 
143
30.409652199584794
67.33117770061462
27.274998846196905
1.5
1.640000000000000000e+02 1.650000000000000000e+02 
144
25.343601013067207
68.84004943819886
27.860183318410133
1.5
1.660000000000000000e+02 1.670000000000000000e+02 
145
20.218790635522502
70.09013585429749
27.761694767784373
1.5
1.680000000000000000e+02 
146
18.270885806186403
70.64468847961854
28.359143406929654
1.5
1.690000000000000000e+02 
147
16.143294492357743
71.39248375479865
28.215969352123718
1.5
1.700000000000000000e+02 
148
15.160130986979027
71.71553152515416
28.02668782114319
1.5
1.710000000000000000e+02 
149
14.224332240487659
71.98215158065526
28.046761569211508
1.5
1.720000000000000000e+02 
150
13.186217237569926
72.27615062531574
27.284659515008293
1.5
1.730000000000000000e+02 
151
12.070514272355606
72.42619841527095
27.169766064385634
1.5
1.740000000000000000e+02 
152
10.966422457155893
72.56207540893207
27.216310044496414
1.5
1.750000000000000000e+02 
153
9.897523161078134
72.6889516854351
27.179823760624036
1.5
1.760000000000000000e+02 
154
8.872268601749322
72.86519496077953
27.09831514847715
1.5
1.770000000000000000e+02 
155
7.8153037785555295
72.98501399182818
26.63378094922838
1.5
1.780000000000000000e+02 
156
6.704615371814162
72.92799382796258
26.48319755253262
1.5
1.790000000000000000e+02 
157
5.621584828582324
73.10791725530521
26.51565213532363
1.5
1.800000000000000000e+02 
158
4.601023913296267
73.05966143602394
26.445609095718048
1.5
1.810000000000000000e+02 
159
3.607846965661282
72.95548309275823
26.45593961899704
1.5
1.820000000000000000e+02 
160
1.4121204744567266
72.95065066275635
26.38351839692474
1.5
1.830000000000000000e+02 
161
1.1482671370065436
72.91864537520564
26.33308555298845
1.5
1.840000000000000000e+02 
162
79.99720536259315
72.92476794971036
26.399617742486395
1.5
1.850000000000000000e+02 
163
78.90335293979393
73.12523283313026
26.383112509801546
1.5
1.860000000000000000e+02 
164
77.78353502934587
73.12683572799175
26.39661839008584
1.5
1.870000000000000000e+02 
165
76.70814400898388
73.13033909106998
26.205979070251203
1.5
1.880000000000000000e+02 
166
75.70488442335244
73.11335607067488
25.972969390751647
1.5
1.890000000000000000e+02 
167
69.74921048652148
72.31172801714422
25.310782523012623
1.5
1.940000000000000000e+02 
168
68.67157804010553
72.15194666220098
25.19038784235904
1.5
1.950000000000000000e+02 
169
67.6044161876392
71.97673204511504
24.264880347955398
1.5
1.960000000000000000e+02 
170
66.77301733051343
71.604613235227
23.185213145455215
1.5
1.970000000000000000e+02 
171
65.9779973784008
71.20237201566029
22.385875082011538
1.5
1.980000000000000000e+02 
172
64.55608956641791
70.05751636830244
20.44117664307799
1.5
1.990000000000000000e+02 
173
56.85946605157264
1.6997028419232971
22.830979508389273
1.5
2.000000000000000000e+02 2.010000000000000000e+02 2.020000000000000000e+02 
174
52.04376565133326
79.23359383839006
23.982543387181373
1.5
2.030000000000000000e+02 
175
49.738566762299435
79.74759623146383
25.86886338538033
1.5
2.040000000000000000e+02 
176
48.631606275573304
79.54775810308635
25.893642786679877
1.5
2.050000000000000000e+02 
177
44.018572222108105
1.2893531119496662
26.639973172958953
1.5
2.060000000000000000e+02 
178
42.967767282162484
1.5220752582523578
26.77177229148538
1.5
2.070000000000000000e+02 
179
40.85729798238156
2.8749371559831665
28.36694525517671
1.5
2.080000000000000000e+02 
180
38.861615890357704
4.067737815662738
27.778026253855465
1.5
2.090000000000000000e+02 
181
36.60837976116848
5.10515639098113
27.742995719253614
1.5
2.110000000000000000e+02 
182
34.498362540122514
5.993247041127267
28.339364475355094
1.5
2.120000000000000000e+02 
183
33.57953978899072
6.405878430607248
28.325659072522654
1.5
2.130000000000000000e+02 
184
32.6304215018063
6.829454466795392
28.315018650639498
1.5
2.140000000000000000e+02 
185
31.666708740007657
7.167162269390316
28.357736628132518
1.5
2.150000000000000000e+02 
186
30.673784115132204
7.5070767435242125
28.276413115678487
1.5
2.160000000000000000e+02 
187
26.75008425036696
8.937249618496569
29.376138599212585
1.5
2.200000000000000000e+02 2.210000000000000000e+02 4.230000000000000000e+02 
188
24.81010398831004
9.76012413662144
29.24169235067715
1.5
2.220000000000000000e+02 
189
27.267367331146794
22.726627673181476
33.520405131917705
1.5
2.230000000000000000e+02 
190
27.011528942627407
23.825163580147688
33.5625190834065
1.5
2.240000000000000000e+02 
191
26.75233312254396
24.915327716746148
34.62448459266632
1.5
2.250000000000000000e+02 
192
26.722335158722117
25.876379626947458
0.27939725639505686
1.5
2.260000000000000000e+02 
193
26.794194955211722
26.884375346067287
0.3094379888192931
1.5
2.270000000000000000e+02 
194
26.86328749602514
27.99589061580249
0.46629229368945624
1.5
2.280000000000000000e+02 
195
26.949338590390727
29.025805562224743
1.2298960010503284
1.5
2.290000000000000000e+02 
196
27.874732406824233
31.98895169686739
3.5001657672599453
1.5
2.320000000000000000e+02 2.330000000000000000e+02 2.340000000000000000e+02 
197
30.392359192091714
35.59412965131185
3.63113479586866
1.5
2.350000000000000000e+02 2.360000000000000000e+02 
198
32.14720633134003
37.80440130563049
4.582754300682791
1.5
2.380000000000000000e+02 2.390000000000000000e+02 
199
33.67335022063186
39.15743130339853
4.912332717606912
1.5
2.400000000000000000e+02 2.410000000000000000e+02 2.420000000000000000e+02 2.430000000000000000e+02 
200
41.94469786527208
33.37527553042035
7.529433718288514
1.5
2.470000000000000000e+02 2.480000000000000000e+02 2.490000000000000000e+02 4.050000000000000000e+02 4.060000000000000000e+02 4.070000000000000000e+02 
201
55.61127113351798
43.31030666844202
8.934774807754435
1.5
2.590000000000000000e+02 2.600000000000000000e+02 2.610000000000000000e+02 2.620000000000000000e+02 3.970000000000000000e+02 
202
59.84072423534519
43.184375076364375
8.899091295863794
1.5
2.630000000000000000e+02 2.660000000000000000e+02 3.930000000000000000e+02 
203
63.93636042642508
42.44295881102556
10.529192738611446
1.5
2.670000000000000000e+02 2.680000000000000000e+02 3.910000000000000000e+02 
204
65.82625643617655
41.876470519091356
10.643646449541551
1.5
2.690000000000000000e+02 2.700000000000000000e+02 2.710000000000000000e+02 
205
73.11150490969723
38.59224071370148
11.915316353655003
1.5
2.760000000000000000e+02 2.770000000000000000e+02 
206
74.47389933660952
37.41772493351019
13.170556667175498
1.5
2.780000000000000000e+02 2.790000000000000000e+02 2.800000000000000000e+02 
207
77.11511877279418
35.3146815457774
12.018985827485189
1.5
2.810000000000000000e+02 
208
77.90546397982594
34.82413434186599
11.397598613500117
1.5
2.820000000000000000e+02 
209
78.88334994639668
34.35397605794258
10.596916235086706
1.5
2.830000000000000000e+02 
210
79.94119365530713
34.02639934601909
10.38041380884481
1.5
2.840000000000000000e+02 
211
0.7692676868436128
33.80765907330332
9.86476925964601
1.5
2.850000000000000000e+02 
212
1.4791906779549033
33.687623117200715
8.688136433155531
1.5
2.860000000000000000e+02 
213
2.3510190201367354
33.69348751911799
8.00307811825097
1.5
2.870000000000000000e+02 
214
3.2307670468240275
33.820381368718564
7.792147282864267
1.5
2.880000000000000000e+02 
215
5.092729358620273
34.18756276006463
6.710785536966201
1.5
2.900000000000000000e+02 3.700000000000000000e+02 
216
8.64733287059877
35.87736138359819
5.489854180968409
1.5
2.920000000000000000e+02 3.720000000000000000e+02 
217
74.27695393552666
1.7352002811367324
10.386523661388896
1.5
2.930000000000000000e+02 
218
10.409813046317621
36.89283881049104
5.609428155122173
1.5
2.940000000000000000e+02 
219
11.301085544961724
37.44144785066256
5.434366280499106
1.5
2.950000000000000000e+02 
220
12.176666700827825
38.00963463270848
4.763899556830174
1.5
2.960000000000000000e+02 
221
12.947613106293334
38.64600569040713
4.311906286733547
1.5
2.970000000000000000e+02 
222
14.403925738641217
40.10766476360486
4.336731771286482
1.5
2.980000000000000000e+02 
223
15.014124322337072
40.73413068992993
4.325663446569409
1.5
2.990000000000000000e+02 
224
15.813752182693065
41.528560509333424
4.3040890442385775
1.5
3.000000000000000000e+02 
225
5.989296111675674
79.81595608202828
8.989974190889077
1.5
3.010000000000000000e+02 
226
7.017456296788458
79.87230387064862
8.94246463625695
1.5
3.020000000000000000e+02 
227
8.040150253780611
79.95043729562074
8.961784609900763
1.5
3.030000000000000000e+02 
228
9.137243789633168
0.0182120316478096
8.945810394851359
1.5
3.040000000000000000e+02 
229
10.254886931920343
0.0649831301681294
8.6821146417397
1.5
3.050000000000000000e+02 
230
10.913951659202048
0.13464354536455359
8.700292448117182
1.5
3.060000000000000000e+02 
231
11.281324268613552
0.17441761818776969
8.61768211302668
1.5
3.070000000000000000e+02 
232
13.331468066377173
0.21979911345498815
8.677026752225581
1.5
3.080000000000000000e+02 
233
14.3065232733944
0.23133125115354103
8.615158154483158
1.5
3.090000000000000000e+02 
234
15.880990300395855
0.25730466186878376
8.536575985943646
1.5
3.100000000000000000e+02 
235
18.714213436852415
0.4682212182791903
8.00613904288754
1.5
3.110000000000000000e+02 3.120000000000000000e+02 
236
24.436170655034292
1.064078806489967
8.052160633217841
1.5
3.130000000000000000e+02 
237
29.733223588859474
1.4501811464370817
9.507943632804976
1.5
3.140000000000000000e+02 3.150000000000000000e+02 
238
41.559743443349355
73.89544600117452
16.66960156671873
1.5
3.180000000000000000e+02 
239
41.54767627128468
70.96960480740199
21.287456561897017
1.5
3.190000000000000000e+02 
240
41.56543952497458
70.9831352102616
21.288396355531695
1.5
3.200000000000000000e+02 
241
39.90864478782996
70.0169253629991
26.178888672739582
1.5
3.230000000000000000e+02 3.240000000000000000e+02 3.250000000000000000e+02 3.260000000000000000e+02 3.270000000000000000e+02 3.280000000000000000e+02 3.290000000000000000e+02 3.300000000000000000e+02 3.310000000000000000e+02 
242
32.71886597170768
70.14600121388223
26.264286489412754
1.5
3.320000000000000000e+02 3.330000000000000000e+02 3.340000000000000000e+02 3.350000000000000000e+02 3.360000000000000000e+02 3.370000000000000000e+02 
243
26.998478635400097
70.15504338675926
26.246368542739194
1.5
3.380000000000000000e+02 3.390000000000000000e+02 3.400000000000000000e+02 3.410000000000000000e+02 3.420000000000000000e+02 3.430000000000000000e+02 
244
21.112433597726557
70.14349096739363
26.187271769086003
1.5
3.440000000000000000e+02 3.450000000000000000e+02 3.460000000000000000e+02 3.470000000000000000e+02 
245
17.040743660889518
70.00080711822186
25.47341234925382
1.5
3.480000000000000000e+02 3.490000000000000000e+02 
246
15.040327772046535
69.73375881484418
25.350480046884208
1.5
3.500000000000000000e+02 3.510000000000000000e+02 
247
12.97102740672569
69.4187491995788
25.136093590280595
1.5
3.520000000000000000e+02 
248
11.966997381906948
69.24822112538561
25.133822689353387
1.5
3.530000000000000000e+02 
249
10.908608954074824
69.06941793534591
24.708545847529372
1.5
3.540000000000000000e+02 
250
9.835402955704497
68.81248323079812
24.652140517396397
1.5
3.550000000000000000e+02 
251
8.83247798443368
68.5648095302767
24.676987699044776
1.5
3.560000000000000000e+02 
252
7.847636268167511
68.33350218773762
24.746500842347025
1.5
3.570000000000000000e+02 
253
6.774426034354325
68.07934321729303
24.745533102526746
1.5
3.580000000000000000e+02 
254
5.737593686707228
67.83857177416242
24.683938235798998
1.5
3.590000000000000000e+02 
255
4.753038739876447
67.60907688048167
24.748836355131438
1.5
3.600000000000000000e+02 
256
3.7710784951875116
67.38794393031826
24.76973209545405
1.5
3.610000000000000000e+02 
257
2.7116477714080194
67.13120644571245
24.712200571797666
1.5
3.620000000000000000e+02 
258
1.6610367259159644
66.8880985830609
24.690669946176513
1.5
3.630000000000000000e+02 
259
0.6852558415475651
66.66663672158352
24.672261909483574
1.5
3.640000000000000000e+02 
260
79.78389816736606
66.45005869926752
24.387926527365146
1.5
3.650000000000000000e+02 
261
78.80744787653131
66.16968037272164
23.956739714797642
1.5
3.660000000000000000e+02 
262
77.75981622024685
65.77972709576645
23.88917062354463
1.5
3.670000000000000000e+02 
263
76.83718294753109
65.4395822220697
23.967296690397543
1.5
3.680000000000000000e+02 
264
75.96540921663359
65.09391297708552
23.967236365623098
1.5
3.690000000000000000e+02 
265
69.39922291224423
62.71213013428101
24.22651502501534
1.5
3.750000000000000000e+02 
266
68.44311793264777
62.382789867117545
24.167259942312196
1.5
3.760000000000000000e+02 
267
67.4596431463209
62.054338018999175
24.169411667397565
1.5
3.770000000000000000e+02 
268
66.63112263666815
61.77156917255492
24.44650609258455
1.5
3.780000000000000000e+02 
269
65.91138187798903
61.61139899486624
25.905975502567166
1.5
3.790000000000000000e+02 
270
65.25718994077275
61.61196006722808
25.829951086500905
1.5
3.800000000000000000e+02 3.810000000000000000e+02 
271
63.7828814316943
61.9550877024287
29.736430348010938
1.5
3.820000000000000000e+02 3.830000000000000000e+02 
272
62.37319866019411
62.99170210246768
29.931766324905766
1.5
3.840000000000000000e+02 3.850000000000000000e+02 3.860000000000000000e+02 3.870000000000000000e+02 
273
44.28357777452157
67.38752980262723
25.63366551263752
1.5
3.940000000000000000e+02 3.950000000000000000e+02 3.960000000000000000e+02 3.980000000000000000e+02 4.020000000000000000e+02 
274
25.53498519488359
57.728806672882655
20.9517258127759
1.5
4.090000000000000000e+02 4.100000000000000000e+02 
275
22.736752808934686
44.64808264738275
17.11950164234218
1.5
4.140000000000000000e+02 
276
23.10759594443266
41.57833812817216
16.368552234175322
1.5
4.150000000000000000e+02 
277
23.29871512309892
40.575808923186145
14.948247534166946
1.5
4.160000000000000000e+02 
278
23.70821738448158
39.70060685950074
13.544611235231253
1.5
4.170000000000000000e+02 
279
25.13139773830531
38.21715403854565
11.724227289738772
1.5
4.190000000000000000e+02 
280
30.22809804950585
10.014756507124012
13.834539248886742
1.5
4.220000000000000000e+02 
281
33.35399710982854
10.523447591902766
11.873399861246911
1.5
4.250000000000000000e+02 
282
34.02376157347617
10.039816956886693
11.764197756383043
1.5
4.260000000000000000e+02 
283
35.279731674760306
9.12846754356611
11.617415622809451
1.5
4.270000000000000000e+02 
284
36.54360113560507
8.229813612014958
10.996428892403179
1.5
4.280000000000000000e+02 
285
37.41722932857675
7.888963430028021
10.40059230041639
1.5
4.290000000000000000e+02 
286
39.411827063930765
6.6975559383264285
10.717352490400412
1.5
4.300000000000000000e+02 
287
42.87789646233014
4.8373958571815185
10.886894812539518
1.5
4.310000000000000000e+02 
288
46.39507576309386
2.920925205640789
11.076636763969386
1.5
4.320000000000000000e+02 
289
48.21713522150443
1.972254285350075
11.0382994448542
1.5
4.330000000000000000e+02 
290
49.14355913906597
1.5070894343825247
10.590429172922734
1.5
4.340000000000000000e+02 
291
52.228617230583
0.8476875933271115
8.727512984000834
1.5
4.350000000000000000e+02 
292
57.074759104467496
1.9388250952218185
6.829699212013796
1.5
4.360000000000000000e+02 
293
60.03593372213925
2.918233077628469
6.384489690346456
1.5
4.370000000000000000e+02 
294
62.25895625362798
4.155217608527675
6.047743162241487
1.5
4.380000000000000000e+02 
295
64.21410428051715
5.079738876196129
6.076215256873894
1.5
4.390000000000000000e+02 
296
65.24959093235563
5.594477312140135
6.177281181685141
1.5
4.400000000000000000e+02 
297
66.67547505915391
6.2418799888967795
6.036801561430013
1.5
4.410000000000000000e+02 
-
297
297
