0
0.0
6.93889390391e-18
0.0
0
0.000000000000000000e+00 

0
-1
-1
1
0.296632025009
0.0333053777448
0.234528618237
1
1.000000000000000000e+00 
0.000000000000000000e+00 
0
-1
-1
2
0.565189797252
0.164834148906
0.553596622117
2
2.000000000000000000e+00 
1.000000000000000000e+00 
0
-1
-1
3
0.717863406518
0.293653648855
0.749946162966
3
3.000000000000000000e+00 
2.000000000000000000e+00 
0
-1
-1
4
0.842471997465
0.449783061829
0.946295703816
4
4.000000000000000000e+00 
3.000000000000000000e+00 
0
-1
-1
5
0.931981825749
0.62821394854
1.16718893727
5
5.000000000000000000e+00 
4.000000000000000000e+00 
0
-1
-1
6
0.9754539877
0.823046599365
1.41262586333
6
6.000000000000000000e+00 
5.000000000000000000e+00 
0
-1
-1
7
0.975181793293
1.02267003637
1.63351909679
7
7.000000000000000000e+00 
6.000000000000000000e+00 
0
-1
-1
8
0.926413217576
1.21624487129
1.87895602285
8

7.000000000000000000e+00 
0
-1
-1
-
8
7
