0
40
40
2.20323029692
1.5
0.000000000000000000e+00 
1
40.0631108992
39.9920509083
4.00323029692
1.5
1.000000000000000000e+00 
2
40.2537573091
40.1587531331
5.95413686149
1.5
2.000000000000000000e+00 
3
40.4056379397
40.2286393656
7.05785922179
1.5
3.000000000000000000e+00 
4
40.5778411916
40.2759946237
8.1625414642
1.5
4.000000000000000000e+00 
5
40.7521317781
40.2854012508
9.2676522172
1.5
5.000000000000000000e+00 
6
40.9168218928
40.2623318327
10.6441590283
1.5
6.000000000000000000e+00 
7
41.0710182026
40.1945346641
11.8976884932
1.5
7.000000000000000000e+00 
8
41.2013432526
40.098038827
13.2684051781
1.5
8.000000000000000000e+00 
-
8
7
