0.0
-1.5089370954831995
0.16077563574587278
0.17234269386946124
0.0
0.000000000000000000e+00 

0.0
-1.0
-1.0
1.0
-1.654634351505085
0.4289223343438077
2.0690247220455937
1.0
1.000000000000000000e+00 
0.000000000000000000e+00 
0.0
-1.0
-1.0
2.0
-1.7027804991870448
0.516569534496358
2.0731153451240463
2.0
2.000000000000000000e+00 
1.000000000000000000e+00 
0.0
-1.0
-1.0
3.0
-1.751046182714397
0.6041511224731027
2.0744788937691547
3.0
3.000000000000000000e+00 
2.000000000000000000e+00 
0.0
-1.0
-1.0
4.0
-1.8476967153852626
0.7792480447297634
2.075842444918387
4.0
4.000000000000000000e+00 
3.000000000000000000e+00 
0.0
-1.0
-1.0
5.0
-1.8962012015189944
0.8666979167633799
2.077205998549287
5.0
5.000000000000000000e+00 
4.000000000000000000e+00 
0.0
-1.0
-1.0
6.0
-1.9444670977410161
0.9542798525396098
2.0744789392013985
6.0
6.000000000000000000e+00 
5.000000000000000000e+00 
0.0
-1.0
-1.0
7.0
-1.9927330644332764
1.0418619017425401
2.074478959235627
7.0
7.000000000000000000e+00 
6.000000000000000000e+00 
0.0
-1.0
-1.0
8.0
-2.0407600816316047
1.1295753605526562
2.0717519047062445
8.0
8.000000000000000000e+00 
7.000000000000000000e+00 
0.0
-1.0
-1.0
9.0
-2.088787168479355
1.2172889297281206
2.0717519294889852
9.0
9.000000000000000000e+00 
8.000000000000000000e+00 
0.0
-1.0
-1.0
10.0
-2.1366946805827274
1.305068011822293
2.070388418109302
10.0
1.000000000000000000e+01 
9.000000000000000000e+00 
0.0
-1.0
-1.0
11.0
-2.1843627064752926
1.3929775195551852
2.067661370523629
11.0
1.100000000000000000e+01 
1.000000000000000000e+01 
0.0
-1.0
-1.0
12.0
-2.2317908909385897
1.4810167972108732
2.064934325163211
12.0
1.200000000000000000e+01 
1.100000000000000000e+01 
0.0
-1.0
-1.0
13.0
-2.2789788804503615
1.5691851879943226
2.0622072819779333
13.0
1.300000000000000000e+01 
1.200000000000000000e+01 
0.0
-1.0
-1.0
14.0
-2.3256853612458315
1.6576097320562604
2.0567531639582786
14.0
1.400000000000000000e+01 
1.300000000000000000e+01 
0.0
-1.0
-1.0
15.0
-2.372029813470774
1.746224688183685
2.052662586482251
15.0
1.500000000000000000e+01 
1.400000000000000000e+01 
0.0
-1.0
-1.0
16.0
-2.4241870703398716
1.8315479737040203
2.1194760118746387
16.0
1.600000000000000000e+01 
1.500000000000000000e+01 
0.0
-1.0
-1.0
17.0
-2.484782121928979
1.9111011135607856
2.2217414396420243
17.0
1.700000000000000000e+01 
1.600000000000000000e+01 
0.0
-1.0
-1.0
18.0
-2.54376492226013
1.981708076499551
2.2667382532072406
18.0
1.800000000000000000e+01 
1.700000000000000000e+01 
0.0
-1.0
-1.0
19.0
-2.6153768354129348
2.0515094081261216
2.3690036846645075
19.0
1.900000000000000000e+01 
1.800000000000000000e+01 
0.0
-1.0
-1.0
20.0
-2.694829116808597
2.1122368944445467
2.488995118078435
20.0
2.000000000000000000e+01 
1.900000000000000000e+01 
0.0
-1.0
-1.0
21.0
-2.781798491446013
2.161600923995713
2.625349014897127
21.0
2.100000000000000000e+01 
2.000000000000000000e+01 
0.0
-1.0
-1.0
22.0
-2.874415550978135
2.199317459349764
2.7548852209172905
22.0
2.200000000000000000e+01 
2.100000000000000000e+01 3.820000000000000000e+02 
0.0
-1.0
-1.0
23.0
-2.9013183887944605
2.2197898117233583
2.8499249492634773
23.0
2.300000000000000000e+01 
2.200000000000000000e+01 
0.0
-1.0
-1.0
24.0
-2.964684588282301
2.2361998728107775
2.926760918526628
24.0
2.400000000000000000e+01 3.830000000000000000e+02 
2.300000000000000000e+01 
0.0
-1.0
-1.0
25.0
-3.0651903586462748
2.2449807796623107
2.854814540652624
25.0
2.500000000000000000e+01 
2.400000000000000000e+01 
0.0
-1.0
-1.0
26.0
-3.147631810407944
2.2558800167349844
2.9165732626572094
26.0
2.600000000000000000e+01 
2.500000000000000000e+01 
0.0
-1.0
-1.0
27.0
-3.329019859983227
2.28201643396749
2.967423678505202
27.0
2.700000000000000000e+01 
2.600000000000000000e+01 
0.0
-1.0
-1.0
28.0
-3.5115629070686625
2.3016301869925537
2.9923668649293695
28.0
2.800000000000000000e+01 
2.700000000000000000e+01 
0.0
-1.0
-1.0
29.0
-3.695570010891633
2.3055662777524786
3.1263931312534687
29.0
2.900000000000000000e+01 
2.800000000000000000e+01 
0.0
-1.0
-1.0
30.0
-3.7803403370229143
2.287594972520394
-3.0759439086116265
30.0
3.000000000000000000e+01 
2.900000000000000000e+01 
0.0
-1.0
-1.0
31.0
-3.8644501504790982
2.2629362575334016
-3.0087310244563588
31.0
3.100000000000000000e+01 3.890000000000000000e+02 
3.000000000000000000e+01 3.880000000000000000e+02 
0.0
-1.0
-1.0
32.0
-3.968968637630779
2.2494460459117462
-2.947158237049604
32.0
3.200000000000000000e+01 
3.100000000000000000e+01 
0.0
-1.0
-1.0
33.0
-4.062169585279186
2.224496712798354
-2.9236715532096254
33.0
3.300000000000000000e+01 
3.200000000000000000e+01 
0.0
-1.0
-1.0
34.0
-4.251518329865343
2.171834395388219
-2.889276559966768
34.0
3.400000000000000000e+01 
3.300000000000000000e+01 
0.0
-1.0
-1.0
35.0
-4.343170135277339
2.141026617834026
-2.8630627960356243
35.0
3.500000000000000000e+01 
3.400000000000000000e+01 
0.0
-1.0
-1.0
36.0
-4.4318123902829
2.1015640921735
-2.7713991836209435
36.0
3.600000000000000000e+01 3.930000000000000000e+02 
3.500000000000000000e+01 3.920000000000000000e+02 
0.0
-1.0
-1.0
37.0
-4.4907534113069945
2.0670309118236467
-2.7314579013308498
37.0
3.700000000000000000e+01 
3.600000000000000000e+01 
0.0
-1.0
-1.0
38.0
-4.562075869065772
2.0245860586953968
-2.6895173750802943
38.0
3.800000000000000000e+01 3.900000000000000000e+01 
3.700000000000000000e+01 
0.0
-1.0
-1.0
39.0
-4.737271629877548
1.938094158183634
-2.6387372863446146
39.0

3.800000000000000000e+01 
0.0
-1.0
-1.0
40.0
-4.6346340403942285
1.9849104906662216
-2.719844385165498
40.0
4.000000000000000000e+01 
3.900000000000000000e+01 
0.0
-1.0
-1.0
41.0
-4.799655289111133
1.9068873784495644
-2.740626624452239
41.0
4.100000000000000000e+01 
4.000000000000000000e+01 
0.0
-1.0
-1.0
42.0
-5.058353321576593
1.7936303939142095
-2.758681785360222
42.0
4.200000000000000000e+01 
4.100000000000000000e+01 
0.0
-1.0
-1.0
43.0
-5.318380341926318
1.6836195096686044
-2.765828637052154
43.0
4.300000000000000000e+01 
4.200000000000000000e+01 
0.0
-1.0
-1.0
44.0
-5.486287749036826
1.6125841332640651
-2.777066102820775
44.0
4.400000000000000000e+01 
4.300000000000000000e+01 
0.0
-1.0
-1.0
45.0
-5.6547112345001445
1.5428817678134903
-2.781485874876603
45.0
4.500000000000000000e+01 
4.400000000000000000e+01 
0.0
-1.0
-1.0
46.0
-5.823206800502794
1.4733683635864592
-2.7818150302133384
46.0
4.600000000000000000e+01 
4.500000000000000000e+01 
0.0
-1.0
-1.0
47.0
-5.989309571179364
1.3981294567056612
-2.720784952789266
47.0
4.700000000000000000e+01 
4.600000000000000000e+01 
0.0
-1.0
-1.0
48.0
-6.055949343643924
1.3472432359535165
-2.59294148873279
48.0
4.800000000000000000e+01 
4.700000000000000000e+01 
0.0
-1.0
-1.0
49.0
-6.1784613932300765
1.239353780065764
-2.435100176997249
49.0
4.900000000000000000e+01 
4.800000000000000000e+01 
0.0
-1.0
-1.0
50.0
-6.228021540334731
1.1677491580290826
-2.323619172401411
50.0
5.000000000000000000e+01 
4.900000000000000000e+01 
0.0
-1.0
-1.0
51.0
-6.27052080343527
1.0901910351350788
-2.231227705429298
51.0
5.100000000000000000e+01 
5.000000000000000000e+01 1.730000000000000000e+02 
0.0
-1.0
-1.0
52.0
-6.310467863095082
0.9524335651107603
-2.0900787787877846
52.0
5.200000000000000000e+01 1.740000000000000000e+02 
5.100000000000000000e+01 
0.0
-1.0
-1.0
53.0
-6.5412716268408175
0.5254254051623763
-1.972114679075548
53.0
5.300000000000000000e+01 
5.200000000000000000e+01 
0.0
-1.0
-1.0
54.0
-6.553162184765021
0.4429218795840153
-1.8724735294487453
54.0
5.400000000000000000e+01 1.770000000000000000e+02 
5.300000000000000000e+01 1.760000000000000000e+02 
0.0
-1.0
-1.0
55.0
-6.551007470977494
0.34028252460007585
-1.7222807867735315
55.0
5.500000000000000000e+01 
5.400000000000000000e+01 
0.0
-1.0
-1.0
56.0
-6.539669761875835
0.1555681194113524
-1.5203239154093355
56.0
5.600000000000000000e+01 
5.500000000000000000e+01 
0.0
-1.0
-1.0
57.0
-6.506130998561336
-0.0369231311544707
-1.4615385835167554
57.0
5.700000000000000000e+01 
5.600000000000000000e+01 
0.0
-1.0
-1.0
58.0
-6.463626673301495
-0.23015721758882374
-1.4204792511622983
58.0
5.800000000000000000e+01 
5.700000000000000000e+01 
0.0
-1.0
-1.0
59.0
-6.400132893721892
-0.5102629329105302
-1.388964687531517
59.0
5.900000000000000000e+01 
5.800000000000000000e+01 1.820000000000000000e+02 
0.0
-1.0
-1.0
60.0
-6.298947868614221
-0.6753541464176217
-1.3860154522860118
60.0
6.000000000000000000e+01 
5.900000000000000000e+01 
0.0
-1.0
-1.0
61.0
-6.219242784868275
-0.8531717080337802
-1.3728741676691503
61.0
6.100000000000000000e+01 1.830000000000000000e+02 
6.000000000000000000e+01 
0.0
-1.0
-1.0
62.0
-6.175595357918931
-1.049118017757191
-1.3693317324148147
62.0
6.200000000000000000e+01 
6.100000000000000000e+01 
0.0
-1.0
-1.0
63.0
-6.113260655020584
-1.2288247969517692
-1.3650804874025468
63.0
6.300000000000000000e+01 
6.200000000000000000e+01 
0.0
-1.0
-1.0
64.0
-6.048238533589494
-1.4149815126444203
-1.3567386266843064
64.0
6.400000000000000000e+01 
6.300000000000000000e+01 
0.0
-1.0
-1.0
65.0
-5.981325116007147
-1.6007015860224179
-1.3483967657465192
65.0
6.500000000000000000e+01 
6.400000000000000000e+01 
0.0
-1.0
-1.0
66.0
-5.912790054067209
-1.7860296886354723
-1.3386913661634274
66.0
6.600000000000000000e+01 
6.500000000000000000e+01 
0.0
-1.0
-1.0
67.0
-5.842900747683346
-1.971020411557957
-1.3317130434218087
67.0
6.700000000000000000e+01 
6.600000000000000000e+01 
0.0
-1.0
-1.0
68.0
-5.796647281048985
-2.0588384744354897
-1.3274617975741911
68.0
6.800000000000000000e+01 
6.700000000000000000e+01 
0.0
-1.0
-1.0
69.0
-5.724451804963648
-2.2432320965618953
-1.3204834747606704
69.0
6.900000000000000000e+01 1.910000000000000000e+02 
6.800000000000000000e+01 1.900000000000000000e+02 
0.0
-1.0
-1.0
70.0
-5.666410547026927
-2.4400898619313978
-1.2921171202222275
70.0
7.000000000000000000e+01 
6.900000000000000000e+01 
0.0
-1.0
-1.0
71.0
-5.6256482602838
-2.5336960749840634
-1.282626012566456
71.0
7.100000000000000000e+01 
7.000000000000000000e+01 
0.0
-1.0
-1.0
72.0
-5.583714819505511
-2.6269541367274623
-1.2704078281364124
72.0
7.200000000000000000e+01 
7.100000000000000000e+01 
0.0
-1.0
-1.0
73.0
-5.509980345531876
-2.815041129737894
-1.2527354900360848
73.0
7.300000000000000000e+01 
7.200000000000000000e+01 
0.0
-1.0
-1.0
74.0
-5.4650712540808986
-2.9073437682849352
-1.2391537676719198
74.0
7.400000000000000000e+01 
7.300000000000000000e+01 
0.0
-1.0
-1.0
75.0
-5.353363323421726
-3.18816483181146
-1.2269355841468497
75.0
7.500000000000000000e+01 
7.400000000000000000e+01 
0.0
-1.0
-1.0
76.0
-5.163680433420494
-3.6238765324920585
-1.0620010914919216
76.0
7.600000000000000000e+01 2.010000000000000000e+02 
7.500000000000000000e+01 2.000000000000000000e+02 
0.0
-1.0
-1.0
77.0
-5.08395649787526
-3.6928443914573412
-0.9845286211094515
77.0
7.700000000000000000e+01 
7.600000000000000000e+01 
0.0
-1.0
-1.0
78.0
-5.002522331674829
-3.762297191975043
-0.890595909877914
78.0
7.800000000000000000e+01 
7.700000000000000000e+01 
0.0
-1.0
-1.0
79.0
-4.906151894450011
-3.81687402522589
-0.6793988900699115
79.0
7.900000000000000000e+01 
7.800000000000000000e+01 
0.0
-1.0
-1.0
80.0
-4.803986544328721
-3.8635497224945334
-0.5813755645317518
80.0
8.000000000000000000e+01 
7.900000000000000000e+01 
0.0
-1.0
-1.0
81.0
-4.696323321151716
-3.900827691752885
-0.4724439317957101
81.0
8.100000000000000000e+01 
8.000000000000000000e+01 
0.0
-1.0
-1.0
82.0
-4.583737285270721
-3.9268893829532754
-0.3498769149471666
82.0
8.200000000000000000e+01 
8.100000000000000000e+01 
0.0
-1.0
-1.0
83.0
-4.466970512409305
-3.9381526360679238
-0.1959485138099465
83.0
8.300000000000000000e+01 
8.200000000000000000e+01 
0.0
-1.0
-1.0
84.0
-4.34900460584893
-3.9420300202605576
-0.12110534515115737
84.0
8.400000000000000000e+01 
8.300000000000000000e+01 2.070000000000000000e+02 
0.0
-1.0
-1.0
85.0
-4.187928827278827
-3.9116116970466575
0.018502344763091774
85.0
8.500000000000000000e+01 
8.400000000000000000e+01 
0.0
-1.0
-1.0
86.0
-4.048745743400545
-3.8813310610201985
0.1148194648320075
86.0
8.600000000000000000e+01 
8.500000000000000000e+01 
0.0
-1.0
-1.0
87.0
-3.9112751598070337
-3.8411610469038893
0.2152271993005383
87.0
8.700000000000000000e+01 
8.600000000000000000e+01 
0.0
-1.0
-1.0
88.0
-3.776586426822644
-3.7910645590952683
0.3183620096130682
88.0
8.800000000000000000e+01 2.080000000000000000e+02 
8.700000000000000000e+01 
0.0
-1.0
-1.0
89.0
-3.6118922504695297
-3.7450017427187845
0.3628089149326354
89.0
8.900000000000000000e+01 
8.800000000000000000e+01 
0.0
-1.0
-1.0
90.0
-3.2833349966016945
-3.6069319484007107
0.47750592541212117
90.0
9.000000000000000000e+01 
8.900000000000000000e+01 
0.0
-1.0
-1.0
91.0
-3.054180056149286
-3.493382022003404
0.5253895493061276
91.0
9.100000000000000000e+01 
9.000000000000000000e+01 
0.0
-1.0
-1.0
92.0
-2.7013428667424213
-3.291327159704377
0.5719096335377061
92.0
9.200000000000000000e+01 
9.100000000000000000e+01 
0.0
-1.0
-1.0
93.0
-2.258017885656759
-3.0165821815755187
0.6020672548231365
93.0
9.300000000000000000e+01 
9.200000000000000000e+01 
0.0
-1.0
-1.0
94.0
-1.8452219314860425
-2.7472045000485017
0.6254071824869617
94.0
9.400000000000000000e+01 
9.300000000000000000e+01 
0.0
-1.0
-1.0
95.0
-1.626883865412372
-2.610083124683921
0.6542012628119174
95.0
9.500000000000000000e+01 
9.400000000000000000e+01 
0.0
-1.0
-1.0
96.0
-1.4307508267133626
-2.4831188275036493
0.6802682649109602
96.0
9.600000000000000000e+01 
9.500000000000000000e+01 
0.0
-1.0
-1.0
97.0
-1.2449937769957264
-2.3582859563014456
0.7090623426801922
97.0
9.700000000000000000e+01 
9.600000000000000000e+01 2.200000000000000000e+02 
0.0
-1.0
-1.0
98.0
-1.233955074877877
-2.3182002097608487
0.844363010537637
98.0
9.800000000000000000e+01 2.210000000000000000e+02 
9.700000000000000000e+01 
0.0
-1.0
-1.0
99.0
-1.2146755354010756
-2.2879282645312458
0.9247452240410299
99.0
9.900000000000000000e+01 
9.800000000000000000e+01 
0.0
-1.0
-1.0
100.0
-1.158312958497803
-2.2155415459922274
0.9795218241045043
100.0
1.000000000000000000e+02 
9.900000000000000000e+01 2.210000000000000000e+02 
0.0
-1.0
-1.0
101.0
-1.1116569806146162
-2.137330864333509
1.087476423545617
101.0
1.010000000000000000e+02 2.220000000000000000e+02 
1.000000000000000000e+02 
0.0
-1.0
-1.0
102.0
-1.0632061721329493
-2.0944685364468016
1.180513115502141
102.0
1.020000000000000000e+02 
1.010000000000000000e+02 
0.0
-1.0
-1.0
103.0
-1.024786729027296
-2.01498081446913
1.3055524519253587
103.0
1.030000000000000000e+02 
1.020000000000000000e+02 
0.0
-1.0
-1.0
104.0
-0.994450547513167
-1.9369149954583316
1.40195747906775
104.0
1.040000000000000000e+02 
1.030000000000000000e+02 
0.0
-1.0
-1.0
105.0
-0.9714353806224559
-1.8402060011556391
1.5079072743306816
105.0
1.050000000000000000e+02 
1.040000000000000000e+02 
0.0
-1.0
-1.0
106.0
-0.9616488960083296
-1.7392705367665804
1.6424913764234388
106.0
1.060000000000000000e+02 
1.050000000000000000e+02 
0.0
-1.0
-1.0
107.0
-0.9616804560514847
-1.639675691962135
1.7416234768901977
107.0
1.070000000000000000e+02 
1.060000000000000000e+02 
0.0
-1.0
-1.0
108.0
-0.9710873199353971
-1.5423104117620345
1.8380284992259952
108.0
1.080000000000000000e+02 
1.070000000000000000e+02 
0.0
-1.0
-1.0
109.0
-0.9899912060544784
-1.4482185475213307
1.9385241358426955
109.0
1.090000000000000000e+02 2.300000000000000000e+02 4.970000000000000000e+02 
1.080000000000000000e+02 2.290000000000000000e+02 4.960000000000000000e+02 
0.0
-1.0
-1.0
110.0
-1.006248477960275
-1.3584148555448674
2.0429368515380464
110.0
1.100000000000000000e+02 
1.090000000000000000e+02 
0.0
-1.0
-1.0
111.0
-1.036652187736318
-1.2733801920796304
2.141982179796058
111.0
1.110000000000000000e+02 2.320000000000000000e+02 
1.100000000000000000e+02 2.310000000000000000e+02 
0.0
-1.0
-1.0
112.0
-1.0689847371850227
-1.1932957207409025
2.281179718969364
112.0
1.120000000000000000e+02 
1.110000000000000000e+02 
0.0
-1.0
-1.0
113.0
-1.108409639561112
-1.11716096510834
2.3130346884347714
113.0
1.130000000000000000e+02 2.340000000000000000e+02 
1.120000000000000000e+02 2.330000000000000000e+02 
0.0
-1.0
-1.0
114.0
-1.246125807306997
-0.9347829987805436
2.376071726901557
114.0
1.140000000000000000e+02 2.360000000000000000e+02 
1.130000000000000000e+02 2.350000000000000000e+02 
0.0
-1.0
-1.0
115.0
-1.2612552611096786
-0.8986984633665801
2.428773123133677
115.0
1.150000000000000000e+02 
1.140000000000000000e+02 
0.0
-1.0
-1.0
116.0
-1.3055958743298517
-0.8446789731599962
2.5221391680880343
116.0
1.160000000000000000e+02 
1.150000000000000000e+02 
0.0
-1.0
-1.0
117.0
-1.4355319782898188
-0.7388285148215834
2.567781365295696
117.0
1.170000000000000000e+02 
1.160000000000000000e+02 
0.0
-1.0
-1.0
118.0
-1.5649564867534118
-0.6323264493867962
2.5166123295671095
118.0
1.180000000000000000e+02 2.390000000000000000e+02 
1.170000000000000000e+02 2.380000000000000000e+02 
0.0
-1.0
-1.0
119.0
-1.697343667421453
-0.5041107953751676
2.5157832898524877
119.0
1.190000000000000000e+02 
1.180000000000000000e+02 
0.0
-1.0
-1.0
120.0
-1.7427601471465934
-0.4389983393639133
2.4884207122709023
120.0
1.200000000000000000e+02 
1.190000000000000000e+02 
0.0
-1.0
-1.0
121.0
-1.852754212663124
-0.3141506328107372
2.414697825561145
121.0
1.210000000000000000e+02 2.440000000000000000e+02 
1.200000000000000000e+02 2.430000000000000000e+02 
0.0
-1.0
-1.0
122.0
-1.9253391170837202
-0.2162676873996663
2.32946732780315
122.0
1.220000000000000000e+02 5.080000000000000000e+02 
1.210000000000000000e+02 5.070000000000000000e+02 
0.0
-1.0
-1.0
123.0
-2.0470796777568845
-0.08242882703394222
2.3298877621470755
123.0
1.230000000000000000e+02 
1.220000000000000000e+02 5.090000000000000000e+02 
0.0
-1.0
-1.0
124.0
-2.0806404445494473
-0.002291935557967544
2.3068042012087435
124.0
1.240000000000000000e+02 5.100000000000000000e+02 
1.230000000000000000e+02 
0.0
-1.0
-1.0
125.0
-2.189275707933645
0.1507964528275334
2.288281526565422
125.0
1.250000000000000000e+02 
1.240000000000000000e+02 
0.0
-1.0
-1.0
126.0
-2.230447082324809
0.23004792637651963
2.27794008289722
0.0
1.260000000000000000e+02 
1.250000000000000000e+02 
0.0
-1.0
-1.0
127.0
-2.271041218311515
0.3097959904741774
2.2703257155826453
1.0
1.270000000000000000e+02 
1.260000000000000000e+02 
0.0
-1.0
-1.0
128.0
-2.3109499125804613
0.39012389867029246
2.2613478092422215
2.0
1.280000000000000000e+02 
1.270000000000000000e+02 
0.0
-1.0
-1.0
129.0
-2.350378315602951
0.47085188955780793
2.255096979365935
3.0
1.290000000000000000e+02 
1.280000000000000000e+02 
0.0
-1.0
-1.0
130.0
-2.452387014568486
0.6295845355823979
2.2447555336194664
4.0
1.300000000000000000e+02 
1.290000000000000000e+02 
0.0
-1.0
-1.0
131.0
-2.490528486872626
0.7113598453904896
2.2385047029283753
5.0
1.310000000000000000e+02 
1.300000000000000000e+02 
0.0
-1.0
-1.0
132.0
-2.5900547190934446
0.872083228066493
2.2295267949593685
7.0
1.320000000000000000e+02 
1.310000000000000000e+02 
0.0
-1.0
-1.0
133.0
-2.626892066001174
0.9548843639724064
2.2219124252044864
8.0
1.330000000000000000e+02 
1.320000000000000000e+02 
0.0
-1.0
-1.0
134.0
-2.6632337275889206
1.0380663403838228
2.2156615937216895
9.0
1.340000000000000000e+02 
1.330000000000000000e+02 
0.0
-1.0
-1.0
135.0
-2.698750113454412
1.121871526703773
2.2053201466566446
10.0
1.350000000000000000e+02 
1.340000000000000000e+02 
0.0
-1.0
-1.0
136.0
-2.7335448481408986
1.206210813155546
2.1963422379800708
126.0
1.360000000000000000e+02 
1.350000000000000000e+02 
0.0
-1.0
-1.0
137.0
-2.767502424387594
1.291157251516378
2.186000790793967
127.0
1.370000000000000000e+02 
1.360000000000000000e+02 
0.0
-1.0
-1.0
138.0
-2.8007281688254793
1.3766237503435483
2.1770228821127198
128.0
1.380000000000000000e+02 
1.370000000000000000e+02 
0.0
-1.0
-1.0
139.0
-2.889134735746169
1.54550882358359
2.1571366656912474
129.0
1.390000000000000000e+02 
1.380000000000000000e+02 
0.0
-1.0
-1.0
140.0
-2.9198626919145214
1.6326775489191174
2.146795218758955
130.0
1.400000000000000000e+02 
1.390000000000000000e+02 
0.0
-1.0
-1.0
141.0
-2.9492652605749123
1.7207055336755852
2.1309996181138557
131.0
1.410000000000000000e+02 
1.400000000000000000e+02 
0.0
-1.0
-1.0
142.0
-2.977445129074242
1.8095002176103243
2.1165675562034085
132.0
1.420000000000000000e+02 
1.410000000000000000e+02 
0.0
-1.0
-1.0
143.0
-3.0040397390345777
1.8992529034583088
2.098044879171524
133.0
1.430000000000000000e+02 
1.420000000000000000e+02 
0.0
-1.0
-1.0
144.0
-3.0318514841272277
1.9882737583985095
2.11224712598308
134.0
1.440000000000000000e+02 
1.430000000000000000e+02 
0.0
-1.0
-1.0
145.0
-3.0714535893690513
2.0688587517868573
2.257349067117535
135.0
1.450000000000000000e+02 
1.440000000000000000e+02 
0.0
-1.0
-1.0
146.0
-3.118801781484146
2.142279800304996
2.362908392864644
136.0
1.460000000000000000e+02 
1.450000000000000000e+02 
0.0
-1.0
-1.0
147.0
-3.17147109125949
2.209776626166745
2.4425604880580742
137.0
1.470000000000000000e+02 
1.460000000000000000e+02 
0.0
-1.0
-1.0
148.0
-3.232486299421118
2.26558597827775
2.5862988923063277
138.0
1.480000000000000000e+02 
1.470000000000000000e+02 
0.0
-1.0
-1.0
149.0
-3.2964487807344582
2.3115754183149404
2.6877676043670586
139.0
1.490000000000000000e+02 
1.480000000000000000e+02 
0.0
-1.0
-1.0
150.0
-3.3666699385312167
2.347828318359748
2.802871701893399
140.0
1.500000000000000000e+02 
1.490000000000000000e+02 
0.0
-1.0
-1.0
151.0
-3.4401495182011192
2.372340399781198
2.924793492544281
141.0
1.510000000000000000e+02 
1.500000000000000000e+02 
0.0
-1.0
-1.0
152.0
-3.515584695727763
2.3828994541612323
3.065804822670367
142.0
1.520000000000000000e+02 
1.510000000000000000e+02 
0.0
-1.0
-1.0
153.0
-3.5912150707698367
2.383726555219119
-3.1200023848556078
143.0
1.530000000000000000e+02 
1.520000000000000000e+02 
0.0
-1.0
-1.0
154.0
-3.663242901746653
2.4141648092766346
2.863771325717028
144.0
1.540000000000000000e+02 
1.530000000000000000e+02 
0.0
-1.0
-1.0
155.0
-3.737726185468234
2.4332248573993027
2.980238965852953
145.0
1.550000000000000000e+02 
1.540000000000000000e+02 
0.0
-1.0
-1.0
156.0
-3.8131945543476364
2.4432857620026844
3.070799375861956
146.0
1.560000000000000000e+02 
1.550000000000000000e+02 
0.0
-1.0
-1.0
157.0
-3.888663692176715
2.4406177321359426
-3.085009981400847
147.0
1.570000000000000000e+02 
1.560000000000000000e+02 
0.0
-1.0
-1.0
158.0
-3.962884340012092
2.427335737625882
-2.9780871076193334
148.0
1.580000000000000000e+02 
1.570000000000000000e+02 
0.0
-1.0
-1.0
159.0
-4.03476817000174
2.4037647975195178
-2.8725277712421473
149.0
1.590000000000000000e+02 
1.580000000000000000e+02 
0.0
-1.0
-1.0
160.0
-4.103743343489601
2.3714772463950706
-2.780603818537707
150.0
1.600000000000000000e+02 
1.590000000000000000e+02 
0.0
-1.0
-1.0
161.0
-4.170706841384297
2.3343539606391417
-2.728222480556541
151.0
1.610000000000000000e+02 
1.600000000000000000e+02 
0.0
-1.0
-1.0
162.0
-4.3259572798339985
2.2500203251856865
-2.68402237227033
152.0
1.620000000000000000e+02 
1.610000000000000000e+02 
0.0
-1.0
-1.0
163.0
-4.563520659887799
2.114536996207346
-2.6452764166932514
153.0
1.630000000000000000e+02 
1.620000000000000000e+02 
0.0
-1.0
-1.0
164.0
-4.767170564255684
1.9894891275629818
-2.6269835370569212
39.0
1.640000000000000000e+02 
1.630000000000000000e+02 
0.0
-1.0
-1.0
165.0
-5.141629440670276
1.7622573387234504
-2.6386885026824434
154.0
1.650000000000000000e+02 
1.640000000000000000e+02 
0.0
-1.0
-1.0
166.0
-5.2683575854209685
1.6882531254443622
-2.681754852024267
155.0
1.660000000000000000e+02 
1.650000000000000000e+02 
0.0
-1.0
-1.0
167.0
-5.5089352463040395
1.5667124255969882
-2.7152764307171386
156.0
1.670000000000000000e+02 
1.660000000000000000e+02 3.980000000000000000e+02 
0.0
-1.0
-1.0
168.0
-5.724901242323446
1.4392662055367609
-2.74582042287716
157.0
1.680000000000000000e+02 
1.670000000000000000e+02 
0.0
-1.0
-1.0
169.0
-5.868773188699899
1.3605432871937189
-2.763536052463314
158.0
1.690000000000000000e+02 3.990000000000000000e+02 
1.680000000000000000e+02 
0.0
-1.0
-1.0
170.0
-6.042741877640806
1.309848495982498
-2.6316131250113237
48.0
1.700000000000000000e+02 
1.690000000000000000e+02 
0.0
-1.0
-1.0
171.0
-6.104398761730039
1.2707842219835304
-2.5540563971807666
159.0
1.710000000000000000e+02 
1.700000000000000000e+02 
0.0
-1.0
-1.0
172.0
-6.159446485763714
1.2228986573454304
-2.4437747447694695
49.0
1.720000000000000000e+02 
1.710000000000000000e+02 
0.0
-1.0
-1.0
173.0
-6.209188073805387
1.1691739211050636
-2.364854476285298
50.0
1.730000000000000000e+02 
1.720000000000000000e+02 
0.0
-1.0
-1.0
174.0
-6.343175549781524
0.8753203061001082
-2.163023792189992
52.0
1.750000000000000000e+02 
1.740000000000000000e+02 
0.0
-1.0
-1.0
175.0
-6.481328557327343
0.6292888200522944
-2.0820628598707454
53.0
1.760000000000000000e+02 
1.750000000000000000e+02 
0.0
-1.0
-1.0
176.0
-6.516242560818501
0.3610424987360139
-1.7082032421009201
55.0
1.780000000000000000e+02 
1.770000000000000000e+02 
0.0
-1.0
-1.0
177.0
-6.507420132220483
0.174768970562234
-1.6463387527435904
160.0
1.790000000000000000e+02 
1.780000000000000000e+02 
0.0
-1.0
-1.0
178.0
-6.49714304007356
-0.14045835005794302
-1.6313678583597624
161.0
1.800000000000000000e+02 
1.790000000000000000e+02 
0.0
-1.0
-1.0
179.0
-6.47117335085351
-0.2272746217463036
-1.5625966544124026
162.0
1.810000000000000000e+02 
1.800000000000000000e+02 
0.0
-1.0
-1.0
180.0
-6.4345429808528465
-0.3132724822455233
-1.455624962827617
163.0
1.820000000000000000e+02 
1.810000000000000000e+02 
0.0
-1.0
-1.0
181.0
-6.180211272925187
-0.9418778161331169
-1.3627379613093769
164.0
1.840000000000000000e+02 
1.830000000000000000e+02 
0.0
-1.0
-1.0
182.0
-6.119210574718405
-1.1281506105407968
-1.3498650515173711
165.0
1.850000000000000000e+02 
1.840000000000000000e+02 
0.0
-1.0
-1.0
183.0
-6.055417124917588
-1.3138023476969634
-1.3341963805460186
166.0
1.860000000000000000e+02 
1.850000000000000000e+02 
0.0
-1.0
-1.0
184.0
-5.989364964902204
-1.4989232912766872
-1.325322092222692
167.0
1.870000000000000000e+02 
1.860000000000000000e+02 
0.0
-1.0
-1.0
185.0
-5.921059483454984
-1.6834839711696787
-1.310985211311808
168.0
1.880000000000000000e+02 
1.870000000000000000e+02 
0.0
-1.0
-1.0
186.0
-5.850111310664449
-1.8673531996310846
-1.2966449024344255
169.0
1.890000000000000000e+02 
1.880000000000000000e+02 
0.0
-1.0
-1.0
187.0
-5.7761356141327465
-2.050385648685304
-1.2863935994277704
170.0
1.900000000000000000e+02 
1.890000000000000000e+02 
0.0
-1.0
-1.0
188.0
-5.662389532103864
-2.2832229083155084
-1.3420360014167945
171.0
1.920000000000000000e+02 
1.910000000000000000e+02 
0.0
-1.0
-1.0
189.0
-5.61857384453753
-2.3660466838820646
-1.414255670659564
172.0
1.930000000000000000e+02 
1.920000000000000000e+02 
0.0
-1.0
-1.0
190.0
-5.575994004077694
-2.4490724998000797
-1.4267782105078115
173.0
1.940000000000000000e+02 
1.930000000000000000e+02 
0.0
-1.0
-1.0
191.0
-5.521218231033569
-2.623630193344805
-1.4406041659078712
174.0
1.950000000000000000e+02 
1.940000000000000000e+02 
0.0
-1.0
-1.0
192.0
-5.468302649594415
-2.7974648138541403
-1.4477122565810139
175.0
1.960000000000000000e+02 
1.950000000000000000e+02 
0.0
-1.0
-1.0
193.0
-5.416150305327616
-2.9750123585239994
-1.453514286598226
176.0
1.970000000000000000e+02 
1.960000000000000000e+02 
0.0
-1.0
-1.0
194.0
-5.356035236836394
-3.212362681260065
-1.448421059645725
177.0
1.980000000000000000e+02 
1.970000000000000000e+02 
0.0
-1.0
-1.0
195.0
-5.299866857129482
-3.3618270831588113
-1.3806546577983227
178.0
1.990000000000000000e+02 
1.980000000000000000e+02 
0.0
-1.0
-1.0
196.0
-5.244981950148479
-3.44211560779054
-1.3006358351419225
179.0
2.000000000000000000e+02 
1.990000000000000000e+02 
0.0
-1.0
-1.0
197.0
-4.996445350587531
-3.758652007268346
-0.8790310113963558
78.0
2.020000000000000000e+02 
2.010000000000000000e+02 
0.0
-1.0
-1.0
198.0
-4.895847443756894
-3.8096928750998442
-0.6621636831798969
79.0
2.030000000000000000e+02 
2.020000000000000000e+02 
0.0
-1.0
-1.0
199.0
-4.791919979172505
-3.856117235828042
-0.6052367518699823
180.0
2.040000000000000000e+02 
2.030000000000000000e+02 
0.0
-1.0
-1.0
200.0
-4.681819884439012
-3.892147415521472
-0.48427457201057866
81.0
2.050000000000000000e+02 
2.040000000000000000e+02 
0.0
-1.0
-1.0
201.0
-4.5667999166483115
-3.9169883947641826
-0.3619677699899024
82.0
2.060000000000000000e+02 
2.050000000000000000e+02 
0.0
-1.0
-1.0
202.0
-4.448324759003593
-3.9303892652449077
-0.2423916332661573
181.0
2.070000000000000000e+02 
2.060000000000000000e+02 
0.0
-1.0
-1.0
203.0
-3.6999694847074993
-3.7486552322124904
0.3937752159544166
182.0
2.090000000000000000e+02 
2.080000000000000000e+02 
0.0
-1.0
-1.0
204.0
-3.62970905733358
-3.693528310936749
0.536072167769454
183.0
2.100000000000000000e+02 
2.090000000000000000e+02 
0.0
-1.0
-1.0
205.0
-3.4784357104817314
-3.5794071877972913
0.5923637876216442
184.0
2.110000000000000000e+02 
2.100000000000000000e+02 3.280000000000000000e+02 
0.0
-1.0
-1.0
206.0
-3.1735228802401156
-3.388386268760648
0.5697505572920174
185.0
2.120000000000000000e+02 
2.110000000000000000e+02 
0.0
-1.0
-1.0
207.0
-3.023024492365303
-3.299605954618462
0.505025815629818
92.0
2.130000000000000000e+02 
2.120000000000000000e+02 
0.0
-1.0
-1.0
208.0
-2.8401904391098443
-3.2027337799119837
0.47712705803592126
186.0
2.140000000000000000e+02 
2.130000000000000000e+02 
0.0
-1.0
-1.0
209.0
-2.422174987269008
-2.9899466916223347
0.4574261969087853
187.0
2.150000000000000000e+02 
2.140000000000000000e+02 
0.0
-1.0
-1.0
210.0
-2.104825516763545
-2.833558202881947
0.4486854335651853
188.0
2.160000000000000000e+02 
2.150000000000000000e+02 
0.0
-1.0
-1.0
211.0
-1.835066287543024
-2.7034952821890923
0.4413174798458406
189.0
2.170000000000000000e+02 
2.160000000000000000e+02 
0.0
-1.0
-1.0
212.0
-1.5639485714737318
-2.5762900457916813
0.429861229329268
190.0
2.180000000000000000e+02 
2.170000000000000000e+02 4.850000000000000000e+02 
0.0
-1.0
-1.0
213.0
-1.382102948975613
-2.4592732081428323
0.4924547634189614
191.0
2.190000000000000000e+02 4.860000000000000000e+02 
2.180000000000000000e+02 
0.0
-1.0
-1.0
214.0
-1.3211616433065636
-2.4230814510650047
0.6013429775921922
192.0
2.200000000000000000e+02 
2.190000000000000000e+02 
0.0
-1.0
-1.0
215.0
-1.0908661330715255
-2.056885148137483
1.1846618902799249
102.0
2.230000000000000000e+02 3.420000000000000000e+02 
2.220000000000000000e+02 3.410000000000000000e+02 
0.0
-1.0
-1.0
216.0
-1.0020687218119688
-1.9925403703360356
1.2714206240943566
103.0
2.240000000000000000e+02 4.910000000000000000e+02 
2.230000000000000000e+02 
0.0
-1.0
-1.0
217.0
-0.992858995951013
-1.9410609926232614
1.3602396609364646
193.0
2.250000000000000000e+02 
2.240000000000000000e+02 3.420000000000000000e+02 
0.0
-1.0
-1.0
218.0
-0.9655376334322441
-1.8704823628976368
1.463982243916718
194.0
2.260000000000000000e+02 3.430000000000000000e+02 
2.250000000000000000e+02 
0.0
-1.0
-1.0
219.0
-0.9457088997182919
-1.7516957154600816
1.564540205837461
195.0
2.270000000000000000e+02 
2.260000000000000000e+02 
0.0
-1.0
-1.0
220.0
-0.9412270911309977
-1.6464076638740799
1.7117061487612446
196.0
2.280000000000000000e+02 
2.270000000000000000e+02 
0.0
-1.0
-1.0
221.0
-0.945961238731819
-1.5429512222053559
1.805702793780275
197.0
2.290000000000000000e+02 
2.280000000000000000e+02 
0.0
-1.0
-1.0
222.0
-1.004681286850134
-1.3524234437762224
2.013382499193721
198.0
2.310000000000000000e+02 3.490000000000000000e+02 
2.300000000000000000e+02 3.480000000000000000e+02 
0.0
-1.0
-1.0
223.0
-1.040824080993509
-1.190864372581164
2.2379962038445713
199.0
2.330000000000000000e+02 
2.320000000000000000e+02 
0.0
-1.0
-1.0
224.0
-1.173286024499046
-1.0032984425906113
2.3516727768796573
200.0
2.350000000000000000e+02 
2.340000000000000000e+02 
0.0
-1.0
-1.0
225.0
-1.2641749160953792
-0.8816391268304193
2.443327917032846
201.0
2.370000000000000000e+02 
2.360000000000000000e+02 
0.0
-1.0
-1.0
226.0
-1.4038836653238747
-0.750877519802789
2.4879833066341095
202.0
2.380000000000000000e+02 
2.370000000000000000e+02 
0.0
-1.0
-1.0
227.0
-1.60791983622733
-0.5677944865826625
2.514716929085105
203.0
2.400000000000000000e+02 
2.390000000000000000e+02 
0.0
-1.0
-1.0
228.0
-1.6654047228206572
-0.5063971752942584
2.4691326567500136
204.0
2.410000000000000000e+02 
2.400000000000000000e+02 
0.0
-1.0
-1.0
229.0
-1.7219219411275075
-0.44377346129059725
2.4535107686127957
205.0
2.420000000000000000e+02 
2.410000000000000000e+02 
0.0
-1.0
-1.0
230.0
-1.7776248267531263
-0.38014741585950895
2.440596517561345
206.0
2.430000000000000000e+02 
2.420000000000000000e+02 
0.0
-1.0
-1.0
231.0
-1.9271686264497239
-0.17871573841777832
2.261424923555044
207.0
2.450000000000000000e+02 
2.440000000000000000e+02 
0.0
-1.0
-1.0
232.0
-1.948484013399339
-0.11059290963553711
2.232450077484266
208.0
2.460000000000000000e+02 3.580000000000000000e+02 
2.450000000000000000e+02 3.570000000000000000e+02 
0.0
-1.0
-1.0
233.0
-2.1073920804894866
0.0610914502102346
2.2008740060484646
209.0
2.470000000000000000e+02 
2.460000000000000000e+02 
0.0
-1.0
-1.0
234.0
-2.165652961636821
0.1423667215289831
2.1927311859439147
210.0

2.470000000000000000e+02 
0.0
-1.0
-1.0
235
-5.835576808926548
1.410770354181178
1.6771061636428246
211
2.480000000000000000e+02 

0
-1
-1
236
-6.162681190752333
1.2578644855112753
-2.699852348251847
212
2.490000000000000000e+02 
2.480000000000000000e+02 
0
-1
-1
237
-6.420539921088178
1.1343463007569086
-2.693034651562871
213
2.500000000000000000e+02 
2.490000000000000000e+02 
0
-1
-1
238
-6.689727398302743
1.001916589578294
-2.6821263380236466
214
2.510000000000000000e+02 
2.500000000000000000e+02 
0
-1
-1
239
-6.937595586309561
0.8774690613892137
-2.6753086385155123
215
2.520000000000000000e+02 
2.510000000000000000e+02 
0
-1
-1
240
-7.115439289204904
0.7859749722665093
-2.6630367837066986
216
2.530000000000000000e+02 
2.520000000000000000e+02 
0
-1
-1
241
-7.292592651253132
0.6931491496828821
-2.6575826199177968
217
2.540000000000000000e+02 
2.530000000000000000e+02 
0
-1
-1
242
-7.46942862199087
0.5997197818431634
-2.6548555317343423
218
2.550000000000000000e+02 
2.540000000000000000e+02 
0
-1
-1
243
-7.563305315048398
0.5652647910241728
-2.7898458285125245
219
2.560000000000000000e+02 
2.550000000000000000e+02 
0
-1
-1
244
-7.658840366968159
0.5357179333986111
-2.841660276821375
220
2.570000000000000000e+02 
2.560000000000000000e+02 
0
-1
-1
245
-7.851446747246127
0.4818586281644799
-2.875748723637506
221
2.580000000000000000e+02 
2.570000000000000000e+02 
0
-1
-1
246
-8.045318420345467
0.4327418186259526
-2.8989288613805595
222
2.590000000000000000e+02 
2.580000000000000000e+02 
0
-1
-1
247
-8.240124919663703
0.38746693242142816
-2.916654843994211
223
2.600000000000000000e+02 
2.590000000000000000e+02 
0
-1
-1
248
-8.4358154372196
0.346185750507885
-2.938471440858594
224
2.610000000000000000e+02 
2.600000000000000000e+02 
0
-1
-1
249
-8.632283060868069
0.30878146440576393
-2.958924498096553
225
2.620000000000000000e+02 
2.610000000000000000e+02 
0
-1
-1
250
-8.829586326267997
0.2760755040017575
-2.9834681696578635
226
2.630000000000000000e+02 
2.620000000000000000e+02 
0
-1
-1
251
-9.127064661690579
0.23747345651574892
-3.0284649173191642
227
2.640000000000000000e+02 
2.630000000000000000e+02 
0
-1
-1
252
-9.424138382013247
0.19824091457728604
-2.9425619700500905
228
2.650000000000000000e+02 
2.640000000000000000e+02 
0
-1
-1
253
-9.519989533002942
0.16973682782260818
-2.852568406358624
229
2.660000000000000000e+02 
2.650000000000000000e+02 
0
-1
-1
254
-9.612008673602453
0.13059015158154455
-2.7393946875955164
230
2.670000000000000000e+02 
2.660000000000000000e+02 
0
-1
-1
255
-9.6996167007954
0.0823731926886174
-2.6384928142379334
231
2.680000000000000000e+02 
2.670000000000000000e+02 
0
-1
-1
256
-9.780982139063896
0.024237334890201447
-2.5212284782928807
232
2.690000000000000000e+02 
2.680000000000000000e+02 
0
-1
-1
257
-9.855079037703884
-0.04291797717421606
-2.4053276800248806
233
2.700000000000000000e+02 
2.690000000000000000e+02 
0
-1
-1
258
-9.921730294704897
-0.11746907371583547
-2.300335188831064
234
2.710000000000000000e+02 
2.700000000000000000e+02 
0
-1
-1
259
-9.981083262583322
-0.1979522759756942
-2.2062510047629575
235
2.720000000000000000e+02 
2.710000000000000000e+02 4.230000000000000000e+02 
0
-1
-1
260
-9.991183772648842
-0.3213407819595922
-2.089999478659337
236
2.730000000000000000e+02 4.240000000000000000e+02 
2.720000000000000000e+02 
0
-1
-1
261
-10.017306243660197
-0.3658065566062743
-1.9468779073805664
237
2.740000000000000000e+02 
2.730000000000000000e+02 
0
-1
-1
262
-10.047776521829945
-0.5447593650149123
-1.8097795777083863
238
2.750000000000000000e+02 
2.740000000000000000e+02 4.250000000000000000e+02 
0
-1
-1
263
-10.061078352610721
-0.8528446868354874
-1.6751829615238196
239
2.760000000000000000e+02 4.260000000000000000e+02 
2.750000000000000000e+02 
0
-1
-1
264
-10.083195083325926
-1.1019300360050894
-1.608238568816601
240
2.770000000000000000e+02 
2.760000000000000000e+02 
0
-1
-1
265
-10.07800920426073
-1.2851973479411307
-1.5405902127181565
241
2.780000000000000000e+02 4.280000000000000000e+02 
2.770000000000000000e+02 4.270000000000000000e+02 
0
-1
-1
266
-10.06190150232645
-1.3010521349490773
-1.451568566901851
242
2.790000000000000000e+02 
2.780000000000000000e+02 
0
-1
-1
267
-9.99581848270357
-1.5707900433537667
-1.3300382462356668
243
2.800000000000000000e+02 4.290000000000000000e+02 
2.790000000000000000e+02 4.280000000000000000e+02 
0
-1
-1
268
-9.938976543450275
-1.7463826898581796
-1.2618642612671265
244
2.810000000000000000e+02 
2.800000000000000000e+02 
0
-1
-1
269
-9.850067568285247
-1.984211228281811
-1.2379161090782562
245
2.820000000000000000e+02 4.320000000000000000e+02 
2.810000000000000000e+02 4.310000000000000000e+02 
0
-1
-1
270
-9.78721270279783
-2.1259415351910125
-1.2207826856359636
246
2.830000000000000000e+02 
2.820000000000000000e+02 
0
-1
-1
271
-9.708363088577045
-2.3146289289870423
-1.2111502055502725
247
2.840000000000000000e+02 
2.830000000000000000e+02 
0
-1
-1
272
-9.66442849689778
-2.4096072928185617
-1.2083354178583374
248
2.850000000000000000e+02 
2.840000000000000000e+02 
0
-1
-1
273
-9.583002665316451
-2.597298385824579
-1.1973393993507615
249
2.860000000000000000e+02 
2.850000000000000000e+02 
0
-1
-1
274
-9.50004085037888
-2.78437646480572
-1.1904339963804842
250
2.870000000000000000e+02 
2.860000000000000000e+02 
0
-1
-1
275
-9.416179532151817
-2.9710861289089783
-1.18216505508472
251
2.880000000000000000e+02 
2.870000000000000000e+02 
0
-1
-1
276
-9.331167747031664
-3.1573206452348854
-1.1766231909472895
252
2.890000000000000000e+02 
2.880000000000000000e+02 
0
-1
-1
277
-9.245887482024786
-3.3434448311577643
-1.1792625579298106
253
2.900000000000000000e+02 
2.890000000000000000e+02 
0
-1
-1
278
-9.04634753304324
-3.7632625062362104
-1.0469116158783598
254
2.910000000000000000e+02 
2.900000000000000000e+02 
0
-1
-1
279
-8.930416777974234
-3.9332805856515978
-0.9950094443842394
255
2.920000000000000000e+02 
2.910000000000000000e+02 
0
-1
-1
280
-8.866286177923788
-4.017695781555528
-0.9799228121952848
256
2.930000000000000000e+02 
2.920000000000000000e+02 
0
-1
-1
281
-8.801249011232061
-4.101488705437743
-0.9689267958836563
257
2.940000000000000000e+02 
2.930000000000000000e+02 
0
-1
-1
282
-8.677140355318532
-4.265982978750171
-0.9497495491926091
258
2.950000000000000000e+02 
2.940000000000000000e+02 
0
-1
-1
283
-8.61009058607058
-4.348340865898891
-0.9442076878176209
259
2.960000000000000000e+02 
2.950000000000000000e+02 
0
-1
-1
284
-8.542813863476658
-4.430532277442539
-0.9413929039784092
260
2.970000000000000000e+02 
2.960000000000000000e+02 
0
-1
-1
285
-8.475310657890379
-4.512556573982691
-0.9385781207624804
261
2.980000000000000000e+02 
2.970000000000000000e+02 
0
-1
-1
286
-8.40747215364506
-4.59433157884506
-0.9343997997344513
262
2.990000000000000000e+02 
2.980000000000000000e+02 
0
-1
-1
287
-8.279656764649157
-4.756123601548644
-0.9315850178922236
263
3.000000000000000000e+02 
2.990000000000000000e+02 
0
-1
-1
288
-8.15084727978093
-4.91716658076874
-0.9246796213638329
264
3.010000000000000000e+02 
3.000000000000000000e+02 
0
-1
-1
289
-8.010838307701057
-5.068432798976181
-0.7841474547671303
265
3.020000000000000000e+02 
3.010000000000000000e+02 
0
-1
-1
290
-7.926525517107912
-5.134705647044972
-0.707701597467634
266
3.030000000000000000e+02 
3.020000000000000000e+02 
0
-1
-1
291
-7.837421663846528
-5.1948500693681305
-0.6298922025522555
267
3.040000000000000000e+02 
3.030000000000000000e+02 
0
-1
-1
292
-7.742563969925802
-5.246045300318796
-0.5234485004938965
268
3.050000000000000000e+02 
3.040000000000000000e+02 
0
-1
-1
293
-7.644708750869017
-5.291567517600306
-0.45927449218868244
269
3.060000000000000000e+02 
3.050000000000000000e+02 
0
-1
-1
294
-7.541554592000024
-5.3239396059699775
-0.31737879159436444
270
3.070000000000000000e+02 
3.060000000000000000e+02 
0
-1
-1
295
-7.435279586444903
-5.34402061597832
-0.19048201525394748
271
3.080000000000000000e+02 
3.070000000000000000e+02 
0
-1
-1
296
-7.327543381682971
-5.352739045753859
-0.07585708624039428
272
3.090000000000000000e+02 
3.080000000000000000e+02 
0
-1
-1
297
-7.219680662645515
-5.349457521154922
0.044221995634303686
273
3.100000000000000000e+02 
3.090000000000000000e+02 
0
-1
-1
298
-7.112706295518894
-5.33694120119382
0.13703030686938633
274
3.110000000000000000e+02 
3.100000000000000000e+02 
0
-1
-1
299
-7.005978581037306
-5.322798556673423
0.15348046222837486
275
3.120000000000000000e+02 
3.110000000000000000e+02 
0
-1
-1
300
-6.899596369251659
-5.306631211204651
0.1740212318980128
276
3.130000000000000000e+02 
3.120000000000000000e+02 
0
-1
-1
301
-6.794148300835946
-5.2859144690875
0.2204692315076601
277
3.140000000000000000e+02 
3.130000000000000000e+02 
0
-1
-1
302
-6.692083348489432
-5.253683842466902
0.3405483077728006
278
3.150000000000000000e+02 
3.140000000000000000e+02 
0
-1
-1
303
-6.59265975189286
-5.214865399948236
0.41153999764570925
279
3.160000000000000000e+02 
3.150000000000000000e+02 4.640000000000000000e+02 
0
-1
-1
304
-6.38217617765037
-5.162574708296714
0.4458914780177582
280
3.170000000000000000e+02 4.650000000000000000e+02 
3.160000000000000000e+02 
0
-1
-1
305
-6.018065065155529
-4.963060620966359
0.5041075914619688
281
3.180000000000000000e+02 
3.170000000000000000e+02 
0
-1
-1
306
-5.649402709699235
-4.75885727729359
0.543529861450643
282
3.190000000000000000e+02 
3.180000000000000000e+02 
0
-1
-1
307
-5.460297087598108
-4.645091391898353
0.6402207462561371
283
3.200000000000000000e+02 
3.190000000000000000e+02 4.680000000000000000e+02 
0
-1
-1
308
-5.370340544764639
-4.616982098363714
0.695233322395059
284
3.210000000000000000e+02 
3.200000000000000000e+02 
0
-1
-1
309
-5.115036338216235
-4.450821851371979
0.5685995869095619
285
3.220000000000000000e+02 4.690000000000000000e+02 
3.210000000000000000e+02 
0
-1
-1
310
-5.017011171567747
-4.391479662321218
0.5181902950271222
286
3.230000000000000000e+02 
3.220000000000000000e+02 
0
-1
-1
311
-4.739931534001819
-4.249323691185121
0.5019363187619413
287
3.240000000000000000e+02 
3.230000000000000000e+02 
0
-1
-1
312
-4.37374471663339
-4.061661081592966
0.49250003361717215
288
3.250000000000000000e+02 
3.240000000000000000e+02 
0
-1
-1
313
-4.09498271009403
-3.9225515812302234
0.4912449780816033
289
3.260000000000000000e+02 
3.250000000000000000e+02 
0
-1
-1
314
-3.816301957004126
-3.7832940311593326
0.4940805367335273
290
3.270000000000000000e+02 
3.260000000000000000e+02 
0
-1
-1
315
-3.715521612033875
-3.735775175947059
0.5378222484968217
291
3.280000000000000000e+02 
3.270000000000000000e+02 
0
-1
-1
316
-3.282985445126852
-3.4782574644520414
0.9180070146630468
292
3.290000000000000000e+02 

0
-1
-1
317
-3.202120081932023
-3.41942894279077
0.628936854451586
184
3.300000000000000000e+02 
3.290000000000000000e+02 
0
-1
-1
318
-3.1558725599650446
-3.38559123861942
0.6316639271420226
184
3.310000000000000000e+02 
3.300000000000000000e+02 
0
-1
-1
319
-3.016565959380155
-3.2816904270457603
0.6425722292942954
184
3.320000000000000000e+02 
3.310000000000000000e+02 
0
-1
-1
320
-2.9143464328441215
-3.204099609231803
0.6521169915727952
185
3.330000000000000000e+02 4.780000000000000000e+02 
3.320000000000000000e+02 4.770000000000000000e+02 
0
-1
-1
321
-2.5077370966313133
-3.0007507459969283
0.6654682449107747
293
3.340000000000000000e+02 
3.330000000000000000e+02 
0
-1
-1
322
-2.2408353564513916
-2.844647614922169
0.6810068660771276
294
3.350000000000000000e+02 
3.340000000000000000e+02 
0
-1
-1
323
-2.012705488120134
-2.7170960374712
0.6938184089199055
295
3.360000000000000000e+02 
3.350000000000000000e+02 
0
-1
-1
324
-1.7701337582826584
-2.5744505495698253
0.7066299504106651
296
3.370000000000000000e+02 
3.360000000000000000e+02 
0
-1
-1
325
-1.5241207275083213
-2.423506487579207
0.7276227214355642
297
3.380000000000000000e+02 
3.370000000000000000e+02 
0
-1
-1
326
-1.3730554102000467
-2.348788350737693
0.7881581070108994
298
3.390000000000000000e+02 
3.380000000000000000e+02 
0
-1
-1
327
-1.2252971136084467
-2.2713813931522138
0.8391487219459073
299
3.400000000000000000e+02 4.890000000000000000e+02 
3.390000000000000000e+02 4.880000000000000000e+02 
0
-1
-1
328
-1.1340458961509952
-2.123200515177956
1.0218591808566937
101
3.410000000000000000e+02 
3.400000000000000000e+02 4.900000000000000000e+02 
0
-1
-1
329
-0.9613957448906973
-1.8176014125619544
1.5110758420285202
105
3.440000000000000000e+02 4.930000000000000000e+02 
3.430000000000000000e+02 4.920000000000000000e+02 
0
-1
-1
330
-0.9377074356483108
-1.7168682089384357
1.6118434046253172
300
3.450000000000000000e+02 
3.440000000000000000e+02 
0
-1
-1
331
-0.9375919701036938
-1.6235791210501378
1.7035962615607998
301
3.460000000000000000e+02 
3.450000000000000000e+02 
0
-1
-1
332
-0.9447105998687949
-1.5320917283795215
1.7781763340420906
302
3.470000000000000000e+02 
3.460000000000000000e+02 
0
-1
-1
333
-0.9616727561998011
-1.4427022690416156
1.8789930243326205
108
3.480000000000000000e+02 
3.470000000000000000e+02 
0
-1
-1
334
-1.0523656952929907
-1.2741581110140607
2.1261619604355593
111
3.500000000000000000e+02 4.990000000000000000e+02 
3.490000000000000000e+02 4.980000000000000000e+02 
0
-1
-1
335
-1.1718991604952418
-1.096471586721979
2.194286645116268
303
3.510000000000000000e+02 
3.500000000000000000e+02 
0
-1
-1
336
-1.2992599997466585
-0.9305396258781122
2.215895925578494
304
3.520000000000000000e+02 
3.510000000000000000e+02 
0
-1
-1
337
-1.4287578871102031
-0.7662755692323662
2.226723624728873
305
3.530000000000000000e+02 
3.520000000000000000e+02 
0
-1
-1
338
-1.4963301209689122
-0.6805292162646501
2.225434463994012
306
3.540000000000000000e+02 
3.530000000000000000e+02 
0
-1
-1
339
-1.6262725576694437
-0.5166168415869336
2.226830860616021
307
3.550000000000000000e+02 
3.540000000000000000e+02 
0
-1
-1
340
-1.756119872367779
-0.35262982495215683
2.2282716911833065
308
3.560000000000000000e+02 
3.550000000000000000e+02 
0
-1
-1
341
-1.8863041300297692
-0.18891060944947882
2.2283784737751837
309
3.570000000000000000e+02 
3.560000000000000000e+02 
0
-1
-1
342
-2.037147905389135
0.0549781108746369
2.1878180200585167
209
3.590000000000000000e+02 
3.580000000000000000e+02 
0
-1
-1
343
-2.120176589189824
0.21328521178624843
2.183123167600973
310
3.600000000000000000e+02 
3.590000000000000000e+02 
0
-1
-1
344
-2.2015983164488055
0.37274985203450867
2.1752662074026086
311
3.610000000000000000e+02 
3.600000000000000000e+02 
0
-1
-1
345
-2.2247393358615275
0.45095246491171037
2.171606451939584
312
3.620000000000000000e+02 
3.610000000000000000e+02 
0
-1
-1
346
-2.2471350474096896
0.529677902280919
2.162502525449839
313
3.630000000000000000e+02 
3.620000000000000000e+02 
0
-1
-1
347
-2.3253023591448736
0.6914138494329564
2.154741104402194
314
3.640000000000000000e+02 
3.630000000000000000e+02 
0
-1
-1
348
-2.346532395730782
0.7709369954334102
2.148377680144155
315
3.650000000000000000e+02 
3.640000000000000000e+02 
0
-1
-1
349
-2.3667787780572027
0.8511146769187284
2.1365624901618188
316
3.660000000000000000e+02 
3.650000000000000000e+02 
0
-1
-1
350
-2.386263491904036
0.9317877969456401
2.1274762967323273
317
3.670000000000000000e+02 
3.660000000000000000e+02 
0
-1
-1
351
-2.4050974658949036
1.0128764750478116
2.119755269270989
318
3.680000000000000000e+02 
3.670000000000000000e+02 
0
-1
-1
352
-2.422813775924296
1.0946625022348595
2.106581517332134
319
3.690000000000000000e+02 
3.680000000000000000e+02 
0
-1
-1
353
-2.439520488158423
1.1770610777986712
2.0947725882861072
320
3.700000000000000000e+02 
3.690000000000000000e+02 
0
-1
-1
354
-2.4550926825477806
1.2601287452140841
2.0816012909907937
321
3.710000000000000000e+02 
3.700000000000000000e+02 
0
-1
-1
355
-2.4694028964442545
1.3439172978598264
2.0670675298999956
322
3.720000000000000000e+02 
3.710000000000000000e+02 
0
-1
-1
356
-2.48208093436655
1.4286026258889604
2.0484441444458796
323
3.730000000000000000e+02 
3.720000000000000000e+02 
0
-1
-1
357
-2.493352881204401
1.514029225328195
2.032548751661456
324
3.740000000000000000e+02 
3.730000000000000000e+02 
0
-1
-1
358
-2.546734131459139
1.6902046628657157
2.0057362430082533
325
3.750000000000000000e+02 
3.740000000000000000e+02 
0
-1
-1
359
-2.562271836980676
1.7732928307769922
2.081200160063023
326
3.760000000000000000e+02 
3.750000000000000000e+02 
0
-1
-1
360
-2.5846365258096404
1.8520410611590568
2.162118965897437
327
3.770000000000000000e+02 
3.760000000000000000e+02 
0
-1
-1
361
-2.611968503773858
1.9271091933413889
2.2239488734453654
328
3.780000000000000000e+02 
3.770000000000000000e+02 
0
-1
-1
362
-2.6433168921094707
1.998830679699896
2.276234592557781
17
3.790000000000000000e+02 
3.780000000000000000e+02 
0
-1
-1
363
-2.6812761775576233
2.0641833487553383
2.3680634591198837
329
3.800000000000000000e+02 
3.790000000000000000e+02 
0
-1
-1
364
-2.727295359023061
2.119872638388009
2.4939812752502535
330
3.810000000000000000e+02 
3.800000000000000000e+02 
0
-1
-1
365
-2.7815121884171203
2.1623179292871173
2.649897385524363
21
3.820000000000000000e+02 
3.810000000000000000e+02 
0
-1
-1
366
-3.0443437188726152
2.2561761218582568
3.0062516569313598
331
3.840000000000000000e+02 
3.830000000000000000e+02 
0
-1
-1
367
-3.1246682248765554
2.2672161605586245
3.095891853804143
332
3.850000000000000000e+02 
3.840000000000000000e+02 
0
-1
-1
368
-3.305019914962088
2.276642823544023
3.1296165987129214
333
3.860000000000000000e+02 
3.850000000000000000e+02 
0
-1
-1
369
-3.4853337982038797
2.2802421044809797
-3.1292010654396103
334
3.870000000000000000e+02 
3.860000000000000000e+02 
0
-1
-1
370
-3.7654420561900985
2.276986071242505
-3.0954153680724517
335
3.880000000000000000e+02 
3.870000000000000000e+02 
0
-1
-1
371
-3.913149277156272
2.254354711357207
-2.9900787631471974
336
3.900000000000000000e+02 
3.890000000000000000e+02 
0
-1
-1
372
-4.079269590798232
2.2163941869168213
-2.955070585405961
337
3.910000000000000000e+02 
3.900000000000000000e+02 
0
-1
-1
373
-4.1456279301406465
2.1902374934643856
-2.893169972389723
338
3.920000000000000000e+02 
3.910000000000000000e+02 
0
-1
-1
374
-4.478057674423881
2.0584916926290298
-2.7739013579860075
36
3.940000000000000000e+02 
3.930000000000000000e+02 
0
-1
-1
375
-4.647224186021841
1.978448078668453
-2.758381250316278
37
3.950000000000000000e+02 
3.940000000000000000e+02 
0
-1
-1
376
-4.723195376708463
1.9346831306191894
-2.7548272178324553
339
3.960000000000000000e+02 
3.950000000000000000e+02 
0
-1
-1
377
-4.998581284800509
1.806535445059703
-2.7458988419811132
41
3.970000000000000000e+02 
3.960000000000000000e+02 
0
-1
-1
378
-5.1654032248728186
1.720909092957339
-2.7342391595163593
42
3.980000000000000000e+02 
3.970000000000000000e+02 
0
-1
-1
379
-6.111299936632522
1.2360986812865518
-2.7699038489955976
47
4.000000000000000000e+02 
3.990000000000000000e+02 
0
-1
-1
380
-6.370848204186062
1.106955651146635
-2.7790481956403434
340
4.010000000000000000e+02 
4.000000000000000000e+02 
0
-1
-1
381
-6.538403974164327
1.017133686304188
-2.7924230057948476
341
4.020000000000000000e+02 
4.010000000000000000e+02 
0
-1
-1
382
-6.614798688856215
0.969437914571686
-2.8549397362707696
342
4.030000000000000000e+02 
4.020000000000000000e+02 
0
-1
-1
383
-6.78837257721873
0.8977774803512624
-2.8901688036486424
343
4.040000000000000000e+02 
4.030000000000000000e+02 
0
-1
-1
384
-6.963165734931614
0.830687366300465
-2.9117750489162004
344
4.050000000000000000e+02 
4.040000000000000000e+02 
0
-1
-1
385
-7.138946565449562
0.7676654786237723
-2.9320257735325033
345
4.060000000000000000e+02 
4.050000000000000000e+02 
0
-1
-1
386
-7.315545251447315
0.7083324807387643
-2.9509184887582958
346
4.070000000000000000e+02 
4.060000000000000000e+02 
0
-1
-1
387
-7.4928404670048
0.6524361865344208
-2.968451739487195
347
4.080000000000000000e+02 
4.070000000000000000e+02 
0
-1
-1
388
-7.67088609531222
0.6006610395513006
-2.9928058287675516
348
4.090000000000000000e+02 
4.080000000000000000e+02 
0
-1
-1
389
-7.849718979622013
0.5538310636853555
-3.0171624212590418
349
4.100000000000000000e+02 
4.090000000000000000e+02 
0
-1
-1
390
-8.029229245713253
0.5121004683249291
-3.0442481181136483
350
4.110000000000000000e+02 
4.100000000000000000e+02 
0
-1
-1
391
-8.209249090726257
0.4750778432485344
-3.067244858588981
351
4.120000000000000000e+02 
4.110000000000000000e+02 
0
-1
-1
392
-8.389658485398762
0.4426381203699491
-3.087515887838829
352
4.130000000000000000e+02 
4.120000000000000000e+02 
0
-1
-1
393
-8.565511396977673
0.4130474988363919
-3.10097035290847
353
4.140000000000000000e+02 
4.130000000000000000e+02 
0
-1
-1
394
-8.725984705311177
0.38693814398581927
-3.1103351365459524
354
4.150000000000000000e+02 
4.140000000000000000e+02 
0
-1
-1
395
-8.899658854719357
0.36026757842222457
-3.1087923866694993
355
4.160000000000000000e+02 
4.150000000000000000e+02 
0
-1
-1
396
-9.362853109706304
0.31255391804115606
-3.0486119997603707
227
4.170000000000000000e+02 
4.160000000000000000e+02 
0
-1
-1
397
-9.50809199827798
0.26976052869916944
-2.9870757104166925
227
4.180000000000000000e+02 
4.170000000000000000e+02 
0
-1
-1
398
-9.584061786124089
0.22073654753994887
-2.8410010152798018
229
4.190000000000000000e+02 
4.180000000000000000e+02 
0
-1
-1
399
-9.749396083158146
0.12622562833228543
-2.7071976069775987
230
4.200000000000000000e+02 
4.190000000000000000e+02 
0
-1
-1
400
-9.815653284607862
0.056172775784517306
-2.6088469295935033
231
4.210000000000000000e+02 
4.200000000000000000e+02 
0
-1
-1
401
-9.873146696166001
-0.026056740992675836
-2.458681842292875
232
4.220000000000000000e+02 
4.210000000000000000e+02 
0
-1
-1
402
-9.92237512145914
-0.11699948624153413
-2.3385146454890435
234
4.230000000000000000e+02 
4.220000000000000000e+02 
0
-1
-1
403
-10.021914426148324
-0.44816147680324026
-1.913632786296016
237
4.250000000000000000e+02 
4.240000000000000000e+02 
0
-1
-1
404
-10.080004809914461
-1.1852172621336319
-1.6246089467108062
240
4.270000000000000000e+02 
4.260000000000000000e+02 
0
-1
-1
405
-9.942195925261704
-1.731148174721685
-1.272052514790198
244
4.300000000000000000e+02 
4.290000000000000000e+02 
0
-1
-1
406
-9.882800218443418
-1.8897200984672993
-1.247970032737963
356
4.310000000000000000e+02 
4.300000000000000000e+02 
0
-1
-1
407
-9.808155729110458
-2.0631045593313613
-1.2365650827755694
357
4.330000000000000000e+02 
4.320000000000000000e+02 
0
-1
-1
408
-9.728551200259481
-2.267227530678466
-1.2270390300054006
358
4.340000000000000000e+02 
4.330000000000000000e+02 
0
-1
-1
409
-9.647890797808703
-2.470964407793602
-1.2248266758283788
359
4.350000000000000000e+02 
4.340000000000000000e+02 
0
-1
-1
410
-9.56651912367337
-2.6744353350712604
-1.2196663755196968
360
4.360000000000000000e+02 
4.350000000000000000e+02 
0
-1
-1
411
-9.484538559243436
-2.8776762255503936
-1.2157301923084733
361
4.370000000000000000e+02 
4.360000000000000000e+02 
0
-1
-1
412
-9.40167854687845
-3.0805818947690287
-1.2117061592612286
362
4.380000000000000000e+02 
4.370000000000000000e+02 
0
-1
-1
413
-9.318947711859455
-3.283537661135697
-1.2130807603901055
363
4.390000000000000000e+02 
4.380000000000000000e+02 
0
-1
-1
414
-9.235703232490897
-3.4862960407519576
-1.2116930449619352
364
4.400000000000000000e+02 
4.390000000000000000e+02 
0
-1
-1
415
-9.188344605993034
-3.5957149225799894
-1.2102641055130923
365
4.410000000000000000e+02 
4.400000000000000000e+02 
0
-1
-1
416
-9.104696323152734
-3.798316673209146
-1.2088458433395974
366
4.420000000000000000e+02 
4.410000000000000000e+02 
0
-1
-1
417
-9.019260733340332
-4.000211093314901
-1.1965078514714838
367
4.430000000000000000e+02 
4.420000000000000000e+02 
0
-1
-1
418
-8.932673888795673
-4.201639763344246
-1.18961659032036
368
4.440000000000000000e+02 
4.430000000000000000e+02 
0
-1
-1
419
-8.88263641014047
-4.309971362475904
-1.181352682840895
369
4.450000000000000000e+02 
4.440000000000000000e+02 
0
-1
-1
420
-8.79237273193509
-4.509858912501384
-1.1703642187781997
370
4.460000000000000000e+02 
4.450000000000000000e+02 
0
-1
-1
421
-8.688971680837884
-4.703083913522844
-1.039381858060483
371
4.470000000000000000e+02 
4.460000000000000000e+02 
0
-1
-1
422
-8.620683557600184
-4.8013359578287504
-0.9724825872854976
372
4.480000000000000000e+02 
4.470000000000000000e+02 
0
-1
-1
423
-8.548757083072006
-4.89692649773255
-0.9273995944704112
373
4.490000000000000000e+02 
4.480000000000000000e+02 
0
-1
-1
424
-8.46583891106113
-4.982723896255592
-0.7800509501285666
374
4.500000000000000000e+02 
4.490000000000000000e+02 
0
-1
-1
425
-8.376527560362046
-5.061244944787742
-0.6831530160598807
375
4.510000000000000000e+02 
4.500000000000000000e+02 
0
-1
-1
426
-8.280389620348053
-5.13006222712818
-0.5644382937031005
376
4.520000000000000000e+02 
4.510000000000000000e+02 
0
-1
-1
427
-8.177615561414388
-5.186197246641587
-0.421179738583923
377
4.530000000000000000e+02 
4.520000000000000000e+02 
0
-1
-1
428
-8.07095930468956
-5.231843863212831
-0.3092824543896062
378
4.540000000000000000e+02 
4.530000000000000000e+02 
0
-1
-1
429
-7.961591101970564
-5.266500161396101
-0.19602153868472647
379
4.550000000000000000e+02 
4.540000000000000000e+02 
0
-1
-1
430
-7.850770452445359
-5.289930052723629
-0.08276054697057396
380
4.560000000000000000e+02 
4.550000000000000000e+02 
0
-1
-1
431
-7.639809907222908
-5.312095847995377
-0.022677772803072375
381
4.570000000000000000e+02 
4.560000000000000000e+02 
0
-1
-1
432
-7.429091015349689
-5.319530069272467
0.07422071284017848
273
4.580000000000000000e+02 
4.570000000000000000e+02 
0
-1
-1
433
-7.318566884330599
-5.325233780787222
0.09476130513627487
382
4.590000000000000000e+02 
4.580000000000000000e+02 
0
-1
-1
434
-7.208072743449579
-5.330657706445539
0.09757592311712945
383
4.600000000000000000e+02 
4.590000000000000000e+02 
0
-1
-1
435
-7.099589328311724
-5.324250672191887
0.21765487047468465
384
4.610000000000000000e+02 
4.600000000000000000e+02 
0
-1
-1
436
-6.9926411465983085
-5.312035769630462
0.27773814102948524
385
4.620000000000000000e+02 
4.610000000000000000e+02 
0
-1
-1
437
-6.7897933397637935
-5.271486838729839
0.28191627859511165
386
4.630000000000000000e+02 
4.620000000000000000e+02 
0
-1
-1
438
-6.684094350075396
-5.255358785274709
0.3188194274896956
387
4.640000000000000000e+02 
4.630000000000000000e+02 
0
-1
-1
439
-6.211293415819084
-5.086405182386669
0.4953436791012655
281
4.660000000000000000e+02 
4.650000000000000000e+02 
0
-1
-1
440
-5.957174918257745
-4.954286208097533
0.5286576267882934
282
4.670000000000000000e+02 
4.660000000000000000e+02 
0
-1
-1
441
-5.540102169382891
-4.705350407168469
0.5689920045247097
388
4.680000000000000000e+02 
4.670000000000000000e+02 
0
-1
-1
442
-5.0249589808760735
-4.4138462680950665
0.521180765244446
287
4.700000000000000000e+02 
4.690000000000000000e+02 
0
-1
-1
443
-4.770824699648232
-4.285664211465262
0.5039687605926131
288
4.710000000000000000e+02 
4.700000000000000000e+02 
0
-1
-1
444
-4.428378531447641
-4.10957588338612
0.502953341381538
289
4.720000000000000000e+02 
4.710000000000000000e+02 
0
-1
-1
445
-4.249983589893039
-4.025609812459379
0.5003649231075986
290
4.730000000000000000e+02 
4.720000000000000000e+02 
0
-1
-1
446
-3.984056979675587
-3.893287813645486
0.5004957114757937
291
4.740000000000000000e+02 
4.730000000000000000e+02 
0
-1
-1
447
-3.7178800426464456
-3.7614162232295563
0.4978690856192568
389
4.750000000000000000e+02 
4.740000000000000000e+02 
0
-1
-1
448
-3.3728297793407886
-3.5677847704125307
0.6438560202122741
184
4.760000000000000000e+02 
4.750000000000000000e+02 
0
-1
-1
449
-3.2916110197827644
-3.5180520975865104
0.6766507444811574
390
4.770000000000000000e+02 
4.760000000000000000e+02 
0
-1
-1
450
-2.934079475120707
-3.2054781261991825
0.5564752316705139
185
4.790000000000000000e+02 
4.780000000000000000e+02 
0
-1
-1
451
-2.837960534744393
-3.122071176997949
0.5370618539699837
93
4.800000000000000000e+02 
4.790000000000000000e+02 
0
-1
-1
452
-2.559808217626225
-2.951020498973158
0.42108449529053726
187
4.810000000000000000e+02 
4.800000000000000000e+02 
0
-1
-1
453
-2.5555210216603834
-2.9428645176583665
0.37418963820642814
391
4.820000000000000000e+02 
4.810000000000000000e+02 
0
-1
-1
454
-2.1921753035256795
-2.805254158540337
0.3394903047514128
392
4.830000000000000000e+02 
4.820000000000000000e+02 
0
-1
-1
455
-1.9231278371051788
-2.7106350230656133
0.3226257361999848
393
4.840000000000000000e+02 
4.830000000000000000e+02 
0
-1
-1
456
-1.654774245791985
-2.6181313756538476
0.3262335156311576
394
4.850000000000000000e+02 
4.840000000000000000e+02 
0
-1
-1
457
-1.332749090986556
-2.408020819458586
0.5744214631805615
192
4.870000000000000000e+02 
4.860000000000000000e+02 
0
-1
-1
458
-1.291413781509392
-2.3464052975139316
0.7055465210670295
395
4.880000000000000000e+02 
4.870000000000000000e+02 
0
-1
-1
459
-1.1855707436167306
-2.208904599640907
0.8717031887371769
396
4.900000000000000000e+02 
4.890000000000000000e+02 
0
-1
-1
460
-0.9654534538833792
-1.8943753947046051
1.4007191226518612
104
4.920000000000000000e+02 
4.910000000000000000e+02 
0
-1
-1
461
-0.9342772135312141
-1.7143080384505516
1.5981798184829659
106
4.940000000000000000e+02 
4.930000000000000000e+02 
0
-1
-1
462
-0.940389853704268
-1.6168838188928072
1.7115745500168238
107
4.950000000000000000e+02 
4.940000000000000000e+02 
0
-1
-1
463
-0.9614791785175756
-1.5227018030730937
1.8649609682874302
397
4.960000000000000000e+02 
4.950000000000000000e+02 
0
-1
-1
464
-0.9991015702659123
-1.358792223433934
2.0613919083407266
398
4.980000000000000000e+02 
4.970000000000000000e+02 
0
-1
-1
465
-1.0840893061577384
-1.2035795141527954
2.1328709771509717
399
5.000000000000000000e+02 
4.990000000000000000e+02 
0
-1
-1
466
-1.1890564347301524
-1.0505713286638734
2.201053461611351
400
5.010000000000000000e+02 
5.000000000000000000e+02 
0
-1
-1
467
-1.3022241220667894
-0.9035253264198086
2.2408512083224417
401
5.020000000000000000e+02 
5.010000000000000000e+02 
0
-1
-1
468
-1.3566727056611385
-0.8375259787053959
2.261574524627836
402
5.030000000000000000e+02 
5.020000000000000000e+02 
0
-1
-1
469
-1.4780637512851542
-0.6971764332910599
2.2918392203603295
403
5.040000000000000000e+02 
5.030000000000000000e+02 
0
-1
-1
470
-1.602672937821441
-0.5596496193189607
2.3098346466422868
404
5.050000000000000000e+02 
5.040000000000000000e+02 
0
-1
-1
471
-1.728837802586811
-0.42353277242368687
2.318287301214797
405
5.060000000000000000e+02 
5.050000000000000000e+02 
0
-1
-1
472
-1.7880850330266043
-0.36173692063224094
2.3253796355814673
406
5.070000000000000000e+02 
5.060000000000000000e+02 
0
-1
-1
473
-1.9772369873247158
-0.15399696654585224
2.327462188237816
407
5.090000000000000000e+02 
5.080000000000000000e+02 
0
-1
-1
474
-2.215153471608761
0.14571558776085378
2.309147881241393
408

5.100000000000000000e+02 
0
-1
-1
-
474
124.0
