0.305172365727
1.89617619088
1.89668202307
1.0
0.0
7.0
0.1
0.00409061543436
0.00409061543436
2.0
1.0
8.0
0.1
0.00136353847812
0.00136353847812
3.0
2.0
9.0
0.199999953519
0.00068176923906
0.00136353847812
4.0
3.0
11.0
0.1
0.00136353847812
0.00136353847812
5.0
4.0
12.0
0.1
-0.00272707695624
-0.00272707695624
6.0
5.0
13.0
0.1
-0.0
-0.0
7.0
6.0
14.0
0.1
-0.00272707695624
-0.00272707695624
8.0
7.0
15.0
0.1
-0.0
-0.0
9.0
8.0
16.0
0.1
-0.00136353847812
-0.00136353847812
10.0
9.0
17.0
0.1
-0.00272707695624
-0.00272707695624
11.0
10.0
18.0
0.1
-0.00272707695624
-0.00272707695624
12.0
11.0
19.0
0.1
-0.00272707695624
-0.00272707695624
13.0
12.0
20.0
0.1
-0.00545415391248
-0.00545415391248
14.0
13.0
21.0
0.1
-0.00409061543436
-0.00409061543436
15.0
14.0
22.0
0.1
0.0668133854279
0.0668133854279
16.0
15.0
23.0
0.1
0.102265385859
0.102265385859
17.0
16.0
24.0
0.0919992997199
0.044996769778
0.044996769778
18.0
17.0
25.0
0.1
0.102265385859
0.102265385859
19.0
18.0
26.0
0.1
0.119991386075
0.119991386075
20.0
19.0
27.0
0.1
0.136353847812
0.136353847812
21.0
20.0
28.0
0.1
0.129536155421
0.129536155421
22.0
21.0
29.0
0.1
0.110446616728
0.110446616728
23.0
22.0
30.0
0.1
0.0845393856435
0.0845393856435
24.0
23.0
31.0
0.1
-0.0804487702091
-0.0804487702091
25.0
24.0
32.0
0.1
0.0613592315154
0.0613592315154
26.0
25.0
33.0
0.19997950226
0.0361337696702
0.0504509236905
27.0
26.0
35.0
0.199996235057
0.0184077694546
0.0245436926062
28.0
27.0
37.0
0.19962362258
0.0722675393404
0.133626770856
29.0
28.0
39.0
0.1
0.0804487702091
0.0804487702091
30.0
29.0
40.0
0.1
0.0668133854279
0.0668133854279
31.0
30.0
41.0
0.1
0.0722675393404
0.0722675393404
32.0
31.0
42.0
0.1
0.0286343080405
0.0286343080405
33.0
32.0
43.0
0.199993306783
0.0313613849968
0.0395426158655
34.0
33.0
45.0
0.1
0.0313613849968
0.0313613849968
35.0
34.0
46.0
0.1
0.0968112319466
0.0968112319466
36.0
35.0
47.0
0.1
0.0409061543436
0.0409061543436
37.0
36.0
48.0
0.1
0.044996769778
0.044996769778
38.0
37.0
49.0
0.178245119495
0.040074214991
0.0477238467342
39.0
38.0
51.0
0.0999292646351
-0.0272707695624
-0.0272707695624
40.0
38.0
53.0
0.199998837978
-0.0143171540203
-0.0177260002156
41.0
40.0
55.0
0.299996777331
-0.0104538037624
-0.0149989232593
42.0
41.0
58.0
0.299999814076
-0.00409061543436
-0.00409061543436
43.0
42.0
61.0
0.199999581672
-0.00613592315154
-0.00818123086872
44.0
43.0
63.0
0.199999953519
-0.00204530771718
-0.00136353847812
45.0
44.0
65.0
0.199999814076
0.00136353847812
0.00272707695624
46.0
45.0
67.0
0.199901654414
0.0327249234749
0.0640863084717
47.0
46.0
69.0
0.1
0.1308996939
0.1308996939
48.0
47.0
70.0
0.178535293028
0.109814473365
0.160897540418
49.0
48.0
72.0
0.1
0.114537232162
0.114537232162
50.0
49.0
73.0
0.1
0.0954476934684
0.0954476934684
51.0
50.0
74.0
0.199963560058
0.125445539987
0.144535078681
52.0
51.0
76.0
0.48893385591
0.0498862182988
0.149989232593
53.0
52.0
81.0
0.1
0.117264309118
0.117264309118
54.0
53.0
82.0
0.1
0.124082001509
0.124082001509
55.0
54.0
83.0
0.189804309006
0.129786219606
0.197713079327
56.0
55.0
85.0
0.198271565408
0.0410237497448
0.0545415391248
57.0
56.0
87.0
0.199989541882
0.0265890003234
0.0368155389093
58.0
57.0
89.0
0.289017497294
0.0180884068715
0.0272707695624
59.0
58.0
92.0
0.199999581672
0.011590077064
0.0136353847812
60.0
59.0
94.0
0.199998326689
0.0122718463031
0.0163624617374
61.0
60.0
96.0
0.199998326689
0.00954476934684
0.0136353847812
62.0
61.0
98.0
0.193117314334
0.00827841342571
0.010908307825
63.0
62.0
100.0
0.199997722439
0.0102265385859
0.0149989232593
64.0
63.0
102.0
0.199998837978
0.011590077064
0.0149989232593
65.0
64.0
104.0
0.199997722439
0.011590077064
0.0163624617374
66.0
65.0
106.0
0.199997722439
0.00886300010778
0.0136353847812
67.0
66.0
108.0
0.1
0.010908307825
0.010908307825
68.0
67.0
109.0
0.199998326689
0.00954476934684
0.0136353847812
69.0
68.0
111.0
0.199998326689
0.0122718463031
0.0163624617374
70.0
69.0
113.0
0.1
0.0068176923906
0.0068176923906
71.0
70.0
114.0
0.1
0.00954476934684
0.00954476934684
72.0
71.0
115.0
0.199998837978
0.011590077064
0.0149989232593
73.0
72.0
117.0
0.1
0.010908307825
0.010908307825
74.0
73.0
118.0
0.29999646746
0.00681770506642
0.00954476934684
75.0
74.0
121.0
0.472470344266
0.0424129305533
0.162261078896
76.0
75.0
126.0
0.1
0.0777216932529
0.0777216932529
77.0
76.0
127.0
0.1
0.0927206165122
0.0927206165122
78.0
77.0
128.0
0.1
0.209984925631
0.209984925631
79.0
78.0
129.0
0.1
0.0968112319466
0.0968112319466
80.0
79.0
130.0
0.1
0.107719539772
0.107719539772
81.0
80.0
131.0
0.1
0.121354924553
0.121354924553
82.0
81.0
132.0
0.1
0.15271630955
0.15271630955
83.0
82.0
133.0
0.1
0.0736310778185
0.0736310778185
84.0
83.0
134.0
0.1
0.147262155637
0.147262155637
85.0
84.0
135.0
0.1
0.0995383089028
0.0995383089028
86.0
85.0
136.0
0.1
0.103628924337
0.103628924337
87.0
86.0
137.0
0.1
0.106356001293
0.106356001293
88.0
87.0
138.0
0.1
0.0490873852123
0.0490873852123
89.0
88.0
139.0
0.299734373833
0.05998805719
0.118627847596
90.0
89.0
142.0
0.199984940368
0.0395426158655
0.0518144621686
91.0
90.0
144.0
0.351638864579
0.0349066897954
0.0504509236905
92.0
91.0
148.0
0.467155073774
0.0162905923346
0.034088461953
93.0
92.0
155.0
0.439008301843
0.0148052686627
0.0272707695624
94.0
93.0
165.0
0.203977133251
0.0186050018521
0.0327249234749
95.0
94.0
170.0
0.180220225804
0.0192418321137
0.0299978465187
96.0
95.0
175.0
0.170867786811
0.021518010256
0.0327249234749
97.0
96.0
178.0
0.1
0.1308996939
0.1308996939
98.0
97.0
179.0
0.0993787766679
0.0695404623841
0.0695404623841
99.0
98.0
180.0
0.1
0.0545415391248
0.0545415391248
100.0
99.0
181.0
0.1
0.107719539772
0.107719539772
101.0
100.0
182.0
0.0321830925353
0.107719539772
0.107719539772
102.0
101.0
183.0
0.0807063851181
0.132263232378
0.132263232378
103.0
102.0
184.0
0.0776836021765
0.103628924337
0.103628924337
104.0
103.0
185.0
0.0955147884069
0.113173693684
0.113173693684
105.0
104.0
186.0
0.1
0.141808001725
0.141808001725
106.0
105.0
187.0
0.1
0.106356001293
0.106356001293
107.0
106.0
188.0
0.1
0.103628924337
0.103628924337
108.0
107.0
189.0
0.1
0.107719539772
0.107719539772
109.0
108.0
190.0
0.1
0.100901847381
0.100901847381
110.0
109.0
191.0
0.1
0.100901847381
0.100901847381
111.0
110.0
192.0
0.1
0.144535078681
0.144535078681
112.0
111.0
193.0
0.1
0.0354520004311
0.0354520004311
113.0
112.0
194.0
0.196581303441
0.0309271263108
0.044996769778
114.0
113.0
196.0
0.1
0.0749946162966
0.0749946162966
115.0
114.0
197.0
0.1
0.100901847381
0.100901847381
116.0
115.0
198.0
0.199975412092
0.0374973081483
0.0531780006467
117.0
116.0
200.0
0.199901654414
-0.0122718463031
-0.0436332312999
118.0
117.0
202.0
0.199999256306
-0.010908307825
-0.0136353847812
119.0
118.0
204.0
0.1
-0.0299978465187
-0.0299978465187
120.0
119.0
205.0
0.187787812112
-0.0438277049819
-0.0763581547748
121.0
120.0
207.0
0.1
-0.0722675393404
-0.0722675393404
122.0
121.0
208.0
0.199995351925
-0.0190895386937
-0.0259072310843
123.0
122.0
210.0
0.1
-0.00545415391248
-0.00545415391248
124.0
123.0
211.0
0.199999256306
-0.0122718463031
-0.0149989232593
125.0
124.0
213.0
0.1
-0.0068176923906
-0.0068176923906
126.0
125.0
214.0
0.1
-0.00409061543436
-0.00409061543436
127.0
126.0
215.0
0.1
-0.00545415391248
-0.00545415391248
128.0
127.0
216.0
0.1
-0.00272707695624
-0.00272707695624
129.0
128.0
217.0
0.199999256306
-0.00409061543436
-0.0068176923906
130.0
129.0
219.0
0.1
-0.00272707695624
-0.00272707695624
131.0
130.0
220.0
0.199999581672
-0.0034088461953
-0.00545415391248
132.0
131.0
222.0
0.1
-0.00409061543436
-0.00409061543436
133.0
132.0
223.0
0.1
-0.00272707695624
-0.00272707695624
134.0
133.0
224.0
0.1
-0.0068176923906
-0.0068176923906
135.0
134.0
225.0
0.1
-0.00545415391248
-0.00545415391248
136.0
135.0
226.0
0.1
-0.0068176923906
-0.0068176923906
137.0
136.0
227.0
0.1
-0.00545415391248
-0.00545415391248
138.0
137.0
228.0
0.199997025228
-0.010908307825
-0.0163624617374
139.0
138.0
230.0
0.1
-0.0068176923906
-0.0068176923906
140.0
139.0
231.0
0.1
-0.0122718463031
-0.0122718463031
141.0
140.0
232.0
0.1
-0.010908307825
-0.010908307825
142.0
141.0
233.0
0.1
-0.0149989232593
-0.0149989232593
143.0
142.0
234.0
0.1
0.0177260002156
0.0177260002156
144.0
143.0
235.0
0.1
0.148625694115
0.148625694115
145.0
144.0
236.0
0.1
0.10908307825
0.10908307825
146.0
145.0
237.0
0.1
0.0831758471654
0.0831758471654
147.0
146.0
238.0
0.1
0.147262155637
0.147262155637
148.0
147.0
239.0
0.0979007695032
0.104992462815
0.104992462815
149.0
148.0
240.0
0.1
0.118627847596
0.118627847596
150.0
149.0
241.0
0.1
0.125445539987
0.125445539987
151.0
150.0
242.0
0.1
0.144535078681
0.144535078681
152.0
151.0
243.0
0.1
0.100901847381
0.100901847381
153.0
152.0
244.0
0.1
-0.295887849752
-0.295887849752
154.0
153.0
245.0
0.1
0.119991386075
0.119991386075
155.0
154.0
246.0
0.1
0.0940841549903
0.0940841549903
156.0
155.0
247.0
0.1
0.1308996939
0.1308996939
157.0
156.0
248.0
0.1
0.110446616728
0.110446616728
158.0
157.0
249.0
0.1
0.10908307825
0.10908307825
159.0
158.0
250.0
0.1
0.0954476934684
0.0954476934684
160.0
159.0
251.0
0.1
0.0559050776029
0.0559050776029
161.0
160.0
252.0
0.199992144774
0.0388608466264
0.0477238467342
162.0
161.0
254.0
0.29657501213
0.0273720335148
0.0422696928217
163.0
162.0
257.0
0.26181624777
0.0142179022071
0.0218166156499
164.0
163.0
261.0
0.460821574528
0.0067495316071
-0.00818123086872
165.0
164.0
267.0
0.169866366979
-0.0313688964333
-0.0395426158655
166.0
165.0
269.0
0.293015554515
-0.0217579077471
-0.0299978465187
167.0
166.0
272.0
0.298398734189
-0.0131784381739
-0.0177260002156
168.0
167.0
275.0
0.199999581672
-0.00749946162966
-0.00954476934684
169.0
168.0
277.0
0.195859820984
0.0625607701879
0.124082001509
170.0
169.0
279.0
0.1
0.0777216932529
0.0777216932529
171.0
170.0
280.0
0.1
0.110446616728
0.110446616728
172.0
171.0
281.0
0.1
0.079085231731
0.079085231731
173.0
172.0
282.0
0.1
0.133626770856
0.133626770856
51.0
173.0
283.0
0.1
-0.087346986828
-0.087346986828
174.0
52.0
285.0
0.298996317702
0.0275264825139
0.0665589580141
175.0
174.0
288.0
0.199731586211
0.157774868254
0.209589330422
54.0
175.0
290.0
0.1
0.157333287848
0.157333287848
176.0
54.0
291.0
0.199981407916
0.0556940786231
0.0693294634043
177.0
176.0
293.0
0.328656731207
0.0273554380779
0.0224358677165
178.0
177.0
297.0
0.1
0.0762361766108
0.0762361766108
179.0
178.0
298.0
0.1
0.114436663625
0.114436663625
180.0
179.0
299.0
0.199973227582
0.0502978135586
0.0666602752961
59.0
180.0
301.0
0.1
0.00670031964564
0.00670031964564
181.0
61.0
306.0
0.199999256306
0.00670994584996
0.0094370228062
182.0
181.0
308.0
0.199998326689
0.00814216833164
0.012232783766
183.0
182.0
310.0
0.199999814076
0.00407486247265
0.00543840095077
184.0
183.0
312.0
0.199998326689
0.00681037798928
0.0109009934236
185.0
184.0
314.0
0.199997722439
0.00613203665449
0.0109044213279
186.0
185.0
316.0
0.199999953519
0.00749718468653
0.00681541544747
187.0
186.0
318.0
0.199652118919
-0.0191153985337
-0.0340898753329
69.0
187.0
320.0
0.0669586056645
-0.0190938242737
-0.0190938242737
188.0
69.0
321.0
0.1
-0.0663250791717
-0.0663250791717
189.0
188.0
322.0
0.1
-0.00662794960483
-0.00662794960483
190.0
189.0
323.0
0.192327751526
-0.00531306500157
-0.00793136494179
191.0
190.0
325.0
0.191352079803
-0.000562542274578
-0.00121349995797
192.0
191.0
327.0
0.194931917211
9.25609963973e-05
9.25609963973e-05
193.0
192.0
329.0
0.255262252345
0.0066745403334
0.0109878183055
194.0
193.0
332.0
0.167771433935
0.0461005521416
0.0736609935801
195.0
194.0
334.0
0.1
0.0859134148084
0.0859134148084
196.0
195.0
335.0
0.199115469943
0.14455058866
0.23863474365
76.0
196.0
337.0
0.199615214869
0.131256946066
0.193297946821
197.0
76.0
339.0
0.1
0.221300603349
0.221300603349
198.0
197.0
340.0
0.1
0.0613602070502
0.0613602070502
199.0
198.0
341.0
0.1
0.125395456255
0.125395456255
200.0
199.0
342.0
0.1
0.126740079118
0.126740079118
201.0
200.0
343.0
0.1
0.124009414568
0.124009414568
202.0
201.0
344.0
0.1
0.121286288115
0.121286288115
84.0
202.0
345.0
0.1
0.0747035635892
0.0747035635892
203.0
88.0
350.0
0.1
0.141587310257
0.141587310257
204.0
203.0
351.0
0.199992144774
0.0467189794186
0.0555819795264
205.0
204.0
353.0
0.349881454853
0.00167994285833
-0.0153585994744
206.0
205.0
357.0
0.175253491871
-0.0403666336008
-0.0614522445192
207.0
206.0
359.0
0.207434008134
-0.0212142332953
-0.0246262591747
208.0
207.0
362.0
0.46958043604
-0.00959184841035
-0.0164283614163
209.0
208.0
368.0
0.354313787563
-0.00287371836513
-0.00546826232776
210.0
209.0
372.0
0.299999814076
-0.00273191290911
-0.00409545138723
211.0
210.0
375.0
0.299999194331
-0.00591118382425
-0.00818374685902
212.0
211.0
378.0
0.399828420703
0.0190832659863
0.069538862645
213.0
212.0
382.0
0.1
0.0954474751926
0.0954474751926
214.0
213.0
383.0
0.1
0.107719365088
0.107719365088
97.0
214.0
384.0
0.1
0.140462159294
0.140462159294
100.0
98.0
386.0
0.1
0.0897265148913
0.0897265148913
215.0
101.0
388.0
0.0737317531435
0.140301810418
0.140301810418
216.0
215.0
389.0
0.0636699963004
0.0789883937342
0.0789883937342
217.0
216.0
390.0
0.0770561002179
0.100828897628
0.100828897628
218.0
217.0
391.0
0.1
0.111752592127
0.111752592127
219.0
218.0
392.0
0.1
0.15130641711
0.15130641711
220.0
219.0
393.0
0.1
0.0981371203459
0.0981371203459
221.0
220.0
394.0
0.1
0.134959626832
0.134959626832
109.0
221.0
395.0
0.0888803502399
0.0715248042188
0.0715248042188
222.0
109.0
396.0
0.1
0.129209848168
0.129209848168
111.0
222.0
397.0
0.1
0.0975276789415
0.0975276789415
223.0
111.0
398.0
0.1
0.0750384845902
0.0750384845902
113.0
223.0
399.0
0.186327997339
0.0353298046899
0.0492298862132
224.0
113.0
401.0
0.1
0.0243989500219
0.0243989500219
114.0
224.0
402.0
0.1
0.0739092216639
0.0739092216639
225.0
114.0
403.0
0.199995351925
0.0337855051401
0.0406031975307
226.0
225.0
405.0
0.199997025228
0.0231748690205
0.028629022933
118.0
226.0
407.0
0.1
0.000171291537899
0.000171291537899
227.0
118.0
408.0
0.1
-0.0394653873253
-0.0394653873253
228.0
227.0
409.0
0.1
-0.00950300223104
-0.00950300223104
229.0
228.0
410.0
0.1
-0.0067953642732
-0.0067953642732
230.0
229.0
411.0
0.1
-0.0258986920002
-0.0258986920002
121.0
230.0
412.0
0.199631937504
-0.0881567781753
-0.148834240452
231.0
121.0
414.0
0.1
-0.0306550705398
-0.0306550705398
232.0
231.0
415.0
0.199994375834
-0.0223963877548
-0.0298958493844
233.0
232.0
417.0
0.1
-0.00814282010455
-0.00814282010455
234.0
233.0
418.0
0.36107821807589047
1.9017582297685884
1.9062267924125567
236
235
5.0
0.2859158310020342
0.004977252872283122
0.006817692390602703
237
236
8.0
0.2999991943310957
0.008635744790197242
0.010908307824964547
238
237
11.0
0.27735502789831407
0.00583444934787658
0.006817692390602703
239
238
14.0
0.19999883797788695
0.008863000107783847
0.01227184630308531
240
239
16.0
0.1999998140763107
0.004090615434361622
0.0054541539124821625
241
240
18.0
0.19999995351907227
0.0020453077171807
0.0027270769562410813
242
241
20.0
0.1
-0.1349903093339364
-0.1349903093339364
243
242
21.0
0.1
-0.051814462168581654
-0.051814462168581654
244
243
22.0
0.19999535192505066
-0.02727076956241148
-0.03408846195301418
245
244
24.0
0.19999702522788432
-0.01772600021556725
-0.023180154128049635
246
245
26.0
0.19999883797788695
-0.01431715402026601
-0.017726000215567472
247
246
28.0
0.19999772243877564
-0.01704423097650709
-0.021816615649929094
248
247
30.0
0.19999702522788432
-0.014998923259326169
-0.020453077171808554
249
248
32.0
0.1999962350565202
-0.01840776945462763
-0.024543692606170175
250
249
34.0
0.29997316561010845
-0.02908886140025646
-0.04499676977797873
251
250
37.0
0.2996538479811415
0.01816781758203856
0.08590292412159584
252
251
40.0
0.1
0.08999353955595768
0.08999353955595768
253
252
41.0
0.1
0.11317369368400731
0.11317369368400731
254
253
42.0
0.1
0.10090184738092223
0.10090184738092223
255
254
43.0
0.1
0.11726430911836894
0.11726430911836894
256
255
44.0
0.1
0.1159007706402484
0.1159007706402484
257
256
45.0
0.1
0.10499246281528407
0.10499246281528407
258
257
46.0
0.1
0.0940841549903193
0.0940841549903193
259
258
47.0
0.1
0.13226323237769533
0.13226323237769533
260
259
48.0
0.09999999999999999
0.19634954084936185
0.19634954084936185
261
260
49.0
0.19986944927432493
0.13158146313863517
0.16771523280883027
262
261
51.0
0.2589612967632012
0.055344584061438606
0.1199913860746098
263
262
54.0
0.10000000000000002
0.09544769346844006
0.09544769346844006
264
263
55.0
0.1
0.08590292412159606
0.08590292412159606
265
264
56.0
0.21920629720794021
0.038370746562662816
0.0627227699935462
266
265
59.0
0.2561954895266235
0.06937591903864782
0.12953615542145425
267
266
62.0
0.1
0.07499461629663129
0.07499461629663129
268
267
63.0
0.19999535192505066
0.024543692606170175
0.0313613849967731
269
268
65.0
0.19999883797788692
0.011590077064024928
0.014998923259326169
270
269
67.0
0.19999925630558837
0.009544769346844006
0.012271846303085088
271
270
69.0
0.1
0.0054541539124821625
0.0054541539124821625
272
271
70.0
0.19999925630558843
0.010908307824964325
0.013635384781205406
273
272
72.0
0.1999998140763107
0.008181230868723688
0.009544769346844006
274
273
74.0
0.19999772243877567
0.006135923151542766
0.01090830782496477
275
274
76.0
0.19999832668887013
0.004090615434361844
0.008181230868723244
276
275
78.0
0.2
-0.0
-0.0
277
276
80.0
0.4599406950229417
0.035396065261507736
0.13499030933393596
278
277
86.0
0.19998810100002995
0.04363323129985863
0.05454153912482296
279
278
88.0
0.09999999999999999
0.01772600021556725
0.01772600021556725
280
279
89.0
0.1
0.01363538478120585
0.01363538478120585
281
280
90.0
0.19999535192505066
0.014998923259326169
0.021816615649929094
282
281
92.0
0.1
0.008181230868723244
0.008181230868723244
283
282
93.0
0.1
0.0054541539124821625
0.0054541539124821625
284
283
94.0
0.1
0.0054541539124821625
0.0054541539124821625
285
284
95.0
0.1
0.006817692390602925
0.006817692390602925
286
285
96.0
0.19999958167178003
0.0034088461953016846
0.005454153912482607
287
286
98.0
0.19999925630558837
0.006817692390602925
0.009544769346844006
288
287
100.0
0.1995260353582961
0.07431284705757113
0.14317154020265965
289
288
102.0
0.1
0.07908523173099313
0.07908523173099313
290
289
103.0
0.1
0.0804487702091139
0.0804487702091139
291
290
104.0
0.1
0.10908307824964503
0.10908307824964503
292
291
105.0
0.1
0.06681338542790805
0.06681338542790805
293
292
106.0
0.1
0.14453507868078042
0.14453507868078042
294
293
107.0
0.1
0.12953615542145336
0.12953615542145336
295
294
108.0
0.1
0.1172643091183696
0.1172643091183696
296
295
109.0
0.1
0.12271846303085088
0.12271846303085088
297
296
110.0
0.1
0.09544769346844006
0.09544769346844006
298
297
111.0
0.1
0.019089538693688013
0.019089538693688013
299
298
112.0
0.1
0.023180154128049857
0.023180154128049857
300
299
113.0
0.1
0.04908738521234035
0.04908738521234035
301
300
114.0
0.1
0.12271846303085088
0.12271846303085088
302
301
115.0
0.1
0.07363107781851141
0.07363107781851141
303
302
116.0
0.1999775036518568
0.03272492347489386
0.04772384673422003
304
303
118.0
0.3800466045937417
0.036165158804164044
0.053178000646702195
305
304
122.0
0.3999789212017729
0.02624807399135598
0.04090615434361666
306
305
126.0
0.19979138338482835
0.052496231407642036
0.09817477042468159
307
306
128.0
0.10000000000000002
0.06954046238414868
0.06954046238414868
308
307
129.0
0.299478091386084
-0.04135101085666548
-0.11862784759648992
309
308
132.0
0.1
-0.05045092369046067
-0.05045092369046067
310
309
133.0
0.2999999380254305
-0.011817333508343353
-0.012271846303085532
311
310
136.0
0.39999993027861047
-0.005113269332563064
-0.0054541539124821625
312
311
140.0
0.2999999380254305
0.0022725641614993464
0.0027270769562415254
313
312
143.0
0.2999994422291049
0.004090614589313368
0.006817692390602481
314
313
146.0
0.1
0.04772384673422003
0.04772384673422003
315
314
147.0
0.2840082259949503
0.0412491687590375
0.05454153912482251
205.0
315
150.0
0.1
-0.2890701573615607
-0.2890701573615607
317
316
151.0
0.057304640933941726
0.0027270769562411368
0.0027270769562411368
318
317
152.0
0.1737863664769325
0.009171506378693461
0.010908307824964603
319
318
154.0
0.12833222836107158
0.006703031859348119
0.009544769346844006
320
319
156.0
0.28120851008330744
0.010058248520895208
0.017726000215567417
321
320
161.0
0.22425770297429357
0.011572145697700376
0.017726000215567472
322
321
166.0
0.17616807759200576
0.008189453129310298
0.01499892325932628
323
322
170.0
0.19693236812262244
0.007664834272920751
0.014998923259326336
324
323
175.0
0.20496663637776016
0.01486199419447548
0.02318015412804969
325
324
180.0
0.08354045843689589
0.06272276999354626
0.0627227699935462
326
325
181.0
0.08324177051230515
0.05317800064670225
0.05317800064670225
327
326
182.0
0.16650576294166902
0.10481164693767175
0.18816830998063871
328
327
184.0
0.07510085037599268
0.17044230976507135
0.17044230976507124
215.0
328
185.0
0.1
0.16800119701942506
0.16800119701942506
217.0
215.0
186.0
0.06544720796596044
0.04003944213463262
0.04003944213463262
329
218.0
188.0
0.1
0.11182389985130481
0.11182389985130481
330
329
189.0
0.1
0.09375394933131109
0.09375394933131109
331
330
190.0
0.09947820323097792
0.07658116602495313
0.07658116602495313
332
331
191.0
0.1
0.10281778496208283
0.10281778496208283
333
332
192.0
0.09999999999999999
0.1343894748611003
0.1343894748611003
222.0
333
193.0
0.1
0.11617148410411904
0.11617148410411904
334
222.0
194.0
0.19998140791624863
0.07186577211019207
0.08550115689139792
335
334
196.0
0.19999535192505066
0.024175289773084696
0.03099298216368762
336
335
198.0
0.1999983266888701
0.016120786360386496
0.02021140179474834
337
336
200.0
0.09999999999999999
0.00809454280742461
0.00809454280742461
338
337
201.0
0.1999998140763107
0.009416562537744255
0.010780101015865018
339
338
203.0
0.19999883797788695
0.007415689569788775
0.01082453576509046
340
339
205.0
0.1999998140763107
0.008126950066688288
0.00949048854480905
341
340
207.0
0.1
0.004071603709082439
0.004071603709082439
232.0
341
208.0
0.19999995351907227
-0.028226637009184152
-0.027544867770123993
342
232.0
210.0
0.1999998140763107
0.004372170230219741
0.003008631752099422
343
342
212.0
0.1999999535190723
-0.0008352448215842578
-0.00015347558252365445
344
343
214.0
0.1
0.004043729457746892
0.004043729457746892
345
344
215.0
0.1
-0.0014004413656651948
-0.0014004413656651948
346
345
216.0
0.2
-5.793582207980208e-05
-5.793582207980208e-05
347
346
218.0
0.1
0.0013400609671423425
0.0013400609671423425
348
347
219.0
0.1
-0.004111704859297571
-0.004111704859297571
349
348
220.0
0.10000000000000002
-0.0013827085100892589
-0.0013827085100892589
350
349
221.0
0.10000000000000002
-1.7542846646456667e-05
-1.7542846646456667e-05
351
350
222.0
0.1
-0.005470267729373646
-0.005470267729373646
352
351
223.0
0.1
-0.004105445341530345
-0.004105445341530345
353
352
224.0
0.1
-0.005467814194698661
-0.005467814194698661
354
353
225.0
0.1
-0.0068302786919338665
-0.0068302786919338665
355
354
226.0
0.1
-0.010919903853695345
-0.010919903853695345
356
355
227.0
0.1
-0.008191912077818664
-0.008191912077818664
357
356
228.0
0.19999702522788432
-0.013654875021836599
-0.019109028934319205
358
357
230.0
0.1
0.0831673956936343
0.0831673956936343
359
358
231.0
0.1
0.0886222833027066
0.0886222833027066
360
359
232.0
0.1
0.06953338375698026
0.06953338375698026
361
360
233.0
0.1
0.059989193975575006
0.059989193975575006
362
361
234.0
0.1
0.09953233999486111
0.09953233999486111
363
362
235.0
0.1
0.13362128805049434
0.13362128805049434
364
363
236.0
0.1
0.1636195806017624
0.1636195806017624
365
364
237.0
0.1
0.10498783539292766
0.10498783539292766
22.0
365
238.0
0.09999999999999999
0.0875936402557973
0.0875936402557973
366
24.0
241.0
0.1
0.09774309706325957
0.09774309706325957
367
366
242.0
0.19998810100002995
0.03091933562408311
0.041827643449047436
368
367
244.0
0.19999623505652023
0.026334616778450393
0.032470539929992714
369
368
246.0
0.2999548222375063
0.017344283932993143
0.041888592648120504
370
369
249.0
0.1
0.08668434361609334
0.08668434361609334
31.0
370
250.0
0.10000000000000002
0.029310924149633433
0.029310924149633433
371
31.0
251.0
0.19999623505652023
0.03142802058880356
0.03756394374034633
372
371
253.0
0.1
0.06445637748161115
0.06445637748161115
373
372
254.0
0.29960727181329827
0.04948764805707828
0.12177078876877934
36.0
373
257.0
0.1
0.004700726072675465
0.004700726072675465
374
36.0
258.0
0.19999214477432997
0.011304242102796014
0.020167242210579417
375
374
260.0
0.1
0.008201165634199814
0.008201165634199814
376
375
261.0
0.3165326842066049
0.00755096837699476
0.013575507654389973
377
376
265.0
0.19999925630558835
0.013579736009408094
0.016306812965649176
378
377
267.0
0.3765512740300577
0.009902168968716651
0.018962728799220674
167.0
378
272.0
0.2824563669653235
0.0007572992091198216
0.0016380947690310954
379
169.0
278.0
0.2999998140763107
0.00022508193326897796
-0.0011384565448517847
380
379
281.0
0.19999925630558837
-0.002641844295538043
-0.005368921251779124
381
380
283.0
0.1
-0.054510842764211365
-0.054510842764211365
382
381
284.0
0.19999772243877562
-0.022450796175706778
-0.02722318084912878
383
382
286.0
0.19999925630558837
-0.010873282955603525
-0.013600359911844606
384
383
288.0
0.19999958167178003
-0.01019953270462759
-0.012244840421808512
385
384
290.0
0.19999958167178003
-0.008841524461665529
-0.01088683217884645
386
385
292.0
0.19999958167178003
-0.0074820610968062695
-0.009527368813987191
387
386
294.0
0.19999702522788432
-0.01089405456766146
-0.016348208480144066
388
387
296.0
0.19999772243877567
-0.011578328113422298
-0.0163507127868443
389
388
298.0
0.19999623505652023
-0.012943895073081357
-0.019079818224624123
390
389
300.0
0.19999702522788432
-0.009536708984886566
-0.014990862897368729
391
390
302.0
0.1999992563055884
-0.009538075743309005
-0.012265152699550086
392
391
304.0
0.19526372244794368
-0.0021224076586721097
-0.005448589520983482
393
392
306.0
0.17972130523268645
-0.002876299902485613
-0.0013589090628038925
394
393
308.0
0.1929340280326805
0.006264602098197347
0.00954862350640795
395
394
310.0
0.4831755550450857
0.02095787078321454
0.06818625962516656
396
395
317.0
0.16617556102142225
0.04944303394187077
0.06954216117810885
397
396
319.0
0.1
0.1540805661234823
0.1540805661234823
398
397
320.0
0.19967987831116354
0.08522243163412568
0.14180927847612956
399
398
322.0
0.1
0.10635654678188189
0.10635654678188189
400
399
323.0
0.1
0.1581709559600979
0.1581709559600979
401
400
324.0
0.1
0.12817306476404688
0.12817306476404688
402
401
325.0
0.1
0.13226364072608643
0.13226364072608643
259.0
402
326.0
0.1
0.15375562592938063
0.15375562592938063
403
260.0
328.0
0.1
0.10385320858762981
0.10385320858762981
262.0
403
329.0
0.3999206149534015
0.01578191084047109
0.04032528207494224
404
263.0
334.0
0.1
0.08401873399265014
0.08401873399265014
265.0
404
335.0
0.2767400044407773
0.09400550231482807
0.21233122255653214
267.0
265.0
338.0
0.19998322061906693
0.04562471734307749
0.05857833288522318
405
267.0
340.0
0.19999535192505066
0.01785739096544603
0.02467508335604851
406
405
342.0
0.10000000000000002
0.010053923659707031
0.010053923659707031
269.0
406
343.0
0.1
0.007310095312111464
0.007310095312111464
407
269.0
344.0
0.19999772243877564
0.010120135807659913
0.014892520481081917
408
407
346.0
0.1999998140763107
0.0062152834657549505
0.007578821943875269
409
408
348.0
0.19999925630558837
0.0077996912257933815
0.010526768182034019
410
409
350.0
0.19999883797788695
0.0058938050461652125
0.009302651241466009
411
410
352.0
0.19999925630558837
0.006663424328284151
0.009390501284524788
412
411
354.0
0.19999958167178003
0.0019465596480765512
0.003991867365257029
413
412
356.0
0.19999995351907227
0.006072414989499286
0.006754184228560334
414
413
358.0
0.1
0.006795408604402198
0.006795408604402198
415
414
359.0
0.19999981407631065
0.005421193254439238
0.006784731732560445
416
415
361.0
0.1999983266888701
0.013613846444011202
0.017704461878373046
417
416
363.0
0.19999772243877564
0.007485346986110919
0.012257731659532922
418
417
365.0
0.1
0.013630378532174525
0.013630378532174525
419
418
366.0
0.19999832668887016
0.012264320270614526
0.01635493570497637
420
419
368.0
0.19962362258002986
0.07498960147845857
0.13634883299388356
421
420
370.0
0.09999999999999999
0.07226574372832673
0.07226574372832673
422
421
371.0
0.1
0.05044946648779547
0.05044946648779547
423
422
372.0
0.09999999999999999
0.1527151187749487
0.1527151187749487
424
423
373.0
0.1
0.10226440930198333
0.10226440930198333
425
424
374.0
0.1
0.12408119842877507
0.12408119842877419
426
425
375.0
0.1
0.1486250320670175
0.1486250320670175
427
426
376.0
0.1
0.11726376205373512
0.11726376205373512
428
427
377.0
0.1
0.11862739451013837
0.11862739451013837
429
428
378.0
0.1
0.11862747149798554
0.11862747149798554
430
429
379.0
0.19996857971436555
0.04772325474550046
0.06544925496106785
431
430
381.0
0.19983269198552978
0.061358813132462664
0.10226496747607983
432
431
383.0
0.1
0.02590707519604596
0.02590707519604596
433
432
384.0
0.1
0.008181101974065574
0.008181101974065574
434
433
385.0
0.10000000000000002
0.12544543246841128
0.12544543246841128
435
434
386.0
0.1
0.06544975680589082
0.06544975680589082
436
435
387.0
0.19999772243877564
0.004772240304288244
0.009544624977710248
437
436
389.0
0.1
0.0422696374865601
0.04226963748656021
438
437
390.0
0.1
0.09272057015601365
0.09272057015601365
303.0
438
391.0
0.19998810100002995
0.04506589040528408
0.05597419823024863
439
304.0
395.0
0.29998320512585724
0.027109599667882067
0.0398359460894685
440
439
398.0
0.49996381991637223
0.031039369877069123
0.04685637740310178
441
440
403.0
0.1
0.07122874173142746
0.07122874173142746
307.0
441
404.0
0.1
-0.04339505984513625
-0.04339505984513625
442
309.0
409.0
0.28768978641352616
-0.010220559320740508
-0.013188241487019914
443
442
412.0
0.3881466963693853
0.0023473959227765517
0.003008345312528138
444
443
416.0
0.19999995351907227
0.0021171168592930556
0.0014353476202328963
445
444
418.0
0.29999975210176033
0.003245530240826411
0.004154555642522317
446
445
421.0
0.30000000000000004
0.0013971428053261015
0.0013971428053259904
447
446
424.0
0.3992351115362573
0.043611038163393845
0.15001070464758326
448
447
428.0
0.09999999999999999
0.03681849571910156
0.03681849571910156
449
448
429.0
0.49081028259613485
0.013383414304881436
-0.024533752908362128
320.0
449
436.0
0.07692323738005839
-0.08978158481602994
-0.08978158481602994
450
320.0
437.0
0.21614583298336776
-0.012821879668457159
-0.01757697267592806
451
450
440.0
0.41769052017279285
-0.04016188479923338
-0.11414095227458965
452
451
445.0
0.1
-0.045058449309489434
-0.045058449309489434
453
452
446.0
0.4816422579941561
-0.023386285490827885
-0.03286292432328236
454
453
451.0
0.3783784975298967
-0.009242794009524158
-0.015028158077365683
455
454
455.0
0.3770370192525764
0.0029174606596152897
0.005444191230673023
456
455
459.0
0.1
0.10362771369811041
0.10362771369811041
212.0
456
460.0
0.1
0.09124152956996967
0.09124152956996967
457
213.0
462.0
0.1
0.14039988898832045
0.14039988898832056
458
457
463.0
0.1
0.13360220087887786
0.13360220087887786
327.0
458
464.0
0.09118360936607653
0.04946889823496259
0.04946889823496259
459
327.0
465.0
0.1
0.1501559921195168
0.1501559921195168
328.0
459
466.0
0.09434857276243831
0.13621545631179743
0.13621545631179743
460
216.0
469.0
0.07688113771471736
0.11035671937665881
0.11035671937665881
329.0
460
470.0
0.1
0.09188264711751959
0.09188264711751959
461
329.0
471.0
0.1
0.111256445610181
0.111256445610181
462
461
472.0
0.1
0.15124813350102673
0.15124813350102673
463
462
473.0
0.07975394079200307
0.07356316755526526
0.07356316755526526
109.0
463
474.0
0.09999999999999999
0.1312226279815072
0.1312226279815072
464
109.0
475.0
0.1
0.06477005209483266
0.06477005209483266
334.0
464
476.0
0.1
0.01142157610855854
0.01142157610855854
465
334.0
477.0
0.19995816862172194
0.046089302773293817
0.06654237994510259
466
465
479.0
0.1999908898069754
0.02861287384644262
0.03815764319328663
467
466
481.0
0.1
0.01908321376323574
0.01908321376323574
468
467
482.0
0.19999437583388607
0.021125132512991307
0.02862459414265439
469
468
484.0
0.1999983266888701
0.012264710185287964
0.016355325619649808
470
469
486.0
0.19999958167178003
0.004767247094351834
0.006812554811532756
471
470
488.0
0.1
0.005452235479447065
0.005452235479447065
472
471
489.0
0.19999995351907227
0.0034059229826222115
0.004087692221682815
122.0
472
491.0
0.09999999999999999
0.010460419425212919
0.010460419425212919
473
122.0
492.0
0.1
0.0024255739092593487
0.0024255739092593487
123.0
473
493.0
0.19999995351907227
0.0016619107935893496
0.002343680032649509
474
124.0
496.0
