0.0
40.0
40.0
18.0
1.0
0.000000000000000000e+00 1.260000000000000000e+02 
1.0
39.9695914189
39.8314259226
19.8742761368
1.0
1.000000000000000000e+00 1.270000000000000000e+02 
2.0
39.9419665289
39.7491169475
19.892877291
1.0
2.000000000000000000e+00 1.280000000000000000e+02 
3.0
39.9163117607
39.6707889359
19.9108902028
1.0
3.000000000000000000e+00 1.290000000000000000e+02 
4.0
39.8624925122
39.5067926252
19.905788171
1.0
4.000000000000000000e+00 1.300000000000000000e+02 
5.0
39.8347243204
39.4200271779
19.9086408578
1.0
5.000000000000000000e+00 1.310000000000000000e+02 
6.0
39.8069520903
39.3328812343
19.9119357739
1.0
6.000000000000000000e+00 
7.0
39.7808782894
39.245626695
19.8930808755
1.0
7.000000000000000000e+00 1.320000000000000000e+02 
8.0
39.7555397328
39.1596064032
19.8939289793
1.0
8.000000000000000000e+00 1.330000000000000000e+02 
9.0
39.7316307062
39.0760594743
19.8758998749
1.0
9.000000000000000000e+00 1.340000000000000000e+02 
10.0
39.708895306
38.9953663313
19.8760585909
1.0
1.000000000000000000e+01 1.350000000000000000e+02 
11.0
39.6853401152
38.9147978678
19.8653695857
1.0
1.100000000000000000e+01 
12.0
39.6599525217
38.8335015033
19.8476587547
1.0
1.200000000000000000e+01 
13.0
39.6336991504
38.7520964651
19.8303122504
1.0
1.300000000000000000e+01 
14.0
39.6067513378
38.6701595738
19.8136573173
1.0
1.400000000000000000e+01 
15.0
39.5796215215
38.5885634946
19.7815140112
1.0
1.500000000000000000e+01 
16.0
39.5522780754
38.5056568574
19.7602288221
1.0
1.600000000000000000e+01 
17.0
39.525481116
38.4211893956
20.1430576763
1.0
1.700000000000000000e+01 3.620000000000000000e+02 
18.0
39.4938765824
38.3395649749
20.7148373359
1.0
1.800000000000000000e+01 
19.0
39.4579458196
38.2691282636
20.9777685066
1.0
1.900000000000000000e+01 
20.0
39.4147006727
38.194853286
21.5505772339
1.0
2.000000000000000000e+01 
21.0
39.364727367
38.1186260642
22.2403393343
1.0
2.100000000000000000e+01 3.650000000000000000e+02 
22.0
39.3073524435
38.0615917172
23.0341249549
1.0
2.200000000000000000e+01 
23.0
39.2398174687
38.0122505386
23.7851344113
1.0
2.300000000000000000e+01 
24.0
39.1649355569
37.9681025174
24.4272781961
1.0
2.400000000000000000e+01 
25.0
39.0881308923
37.9352383906
24.9309059949
1.0
2.500000000000000000e+01 
26.0
39.0094999244
37.9074896395
24.4662120914
1.0
2.600000000000000000e+01 
27.0
38.8593129932
37.8410038836
24.9419341902
1.0
2.700000000000000000e+01 
28.0
38.7002260884
37.7859985536
25.1625056463
1.0
2.800000000000000000e+01 
29.0
38.5361206508
37.7276441943
25.2773656707
1.0
2.900000000000000000e+01 
30.0
38.4526614402
37.6994493424
25.9730857562
1.0
3.000000000000000000e+01 
31.0
38.3633467834
37.6871161111
26.4489055177
1.0
3.100000000000000000e+01 
32.0
38.2747797093
37.6795296392
26.8341140178
1.0
3.200000000000000000e+01 
33.0
38.1890533633
37.6779886206
27.2439201834
1.0
3.300000000000000000e+01 
34.0
38.0179520315
37.6837693726
27.527496902
1.0
3.400000000000000000e+01 
35.0
37.9340148258
37.6890664241
27.6071457257
1.0
3.500000000000000000e+01 
36.0
37.8514490719
37.6963698878
27.773185308
1.0
3.600000000000000000e+01 3.740000000000000000e+02 
37.0
37.7673414376
37.7077678644
28.3100078585
1.0
3.700000000000000000e+01 3.750000000000000000e+02 
38.0
37.6825461675
37.7227169614
28.5494253698
1.0
3.800000000000000000e+01 
39.0
37.517325652
37.7636516362
28.9697781969
1.0
3.900000000000000000e+01 1.640000000000000000e+02 
40.0
37.3686120119
37.8066207424
28.7813165025
1.0
4.000000000000000000e+01 
41.0
37.19597249
37.852546823
28.5825107399
1.0
4.100000000000000000e+01 3.770000000000000000e+02 
42.0
36.9513136289
37.9146965491
28.4865812526
1.0
4.200000000000000000e+01 3.780000000000000000e+02 
43.0
36.7033958166
37.9740007645
28.4379272436
1.0
4.300000000000000000e+01 
44.0
36.5309186369
38.0149594749
28.4188309812
1.0
4.400000000000000000e+01 
45.0
36.3607837411
38.0538932579
28.3826039728
1.0
4.500000000000000000e+01 
46.0
36.1897156315
38.0922514319
28.3859052092
1.0
4.600000000000000000e+01 
47.0
36.0194342468
38.1335908635
28.4009636368
1.0
4.700000000000000000e+01 3.790000000000000000e+02 
48.0
35.934723682
38.1549708953
28.7568774095
1.0
4.800000000000000000e+01 1.700000000000000000e+02 
49.0
35.7978408164
38.2092023376
29.7689828124
1.0
4.900000000000000000e+01 1.720000000000000000e+02 
50.0
35.7217127305
38.2481735512
30.4222308588
1.0
5.000000000000000000e+01 1.730000000000000000e+02 
51.0
35.6536758174
38.2980254592
31.0847108273
1.0
5.100000000000000000e+01 
52.0
35.525432315
38.423079084
32.2533848327
1.0
5.200000000000000000e+01 1.740000000000000000e+02 
53.0
35.2835937352
38.7653391882
32.9324125177
1.0
5.300000000000000000e+01 1.750000000000000000e+02 
54.0
35.2417369306
38.8368916081
33.3189368468
1.0
5.400000000000000000e+01 
55.0
35.2040892971
38.915453262
33.9875335166
1.0
5.500000000000000000e+01 1.760000000000000000e+02 
56.0
35.1629916245
39.0658404356
35.0289093256
1.0
5.600000000000000000e+01 
57.0
35.1518285632
39.232103925
0.018788452185
1.0
5.700000000000000000e+01 
58.0
35.1618588232
39.400582215
0.249114687994
1.0
5.800000000000000000e+01 
59.0
35.1843976635
39.6588088109
0.429086330019
1.0
5.900000000000000000e+01 
60.0
35.1997825353
39.8355543365
0.522005793705
1.0
6.000000000000000000e+01 
61.0
35.2173413176
40.0067571678
0.582578946133
1.0
6.100000000000000000e+01 
62.0
35.2367987113
40.1766583884
0.649773542624
1.0
6.200000000000000000e+01 
63.0
35.2565182295
40.3410170566
0.713952523613
1.0
6.300000000000000000e+01 
64.0
35.2787140421
40.5139518871
0.762585706833
1.0
6.400000000000000000e+01 
65.0
35.3034317071
40.6915987368
0.847906973469
1.0
6.500000000000000000e+01 
66.0
35.3266503249
40.867968113
0.907401758058
1.0
6.600000000000000000e+01 
67.0
35.3469105609
41.0380693906
0.964923553468
1.0
6.700000000000000000e+01 
68.0
35.3586470452
41.1247665192
1.01219140773
1.0
6.800000000000000000e+01 
69.0
35.3895737005
41.2952571167
1.08351694244
1.0
6.900000000000000000e+01 
70.0
35.4249316421
41.4680980216
1.1584684561
1.0
7.000000000000000000e+01 
71.0
35.4428282333
41.5540296662
1.19428563078
1.0
7.100000000000000000e+01 
72.0
35.4612767414
41.6398624967
1.22423261383
1.0
7.200000000000000000e+01 
73.0
35.4994155443
41.8127572199
1.31151263997
1.0
7.300000000000000000e+01 
74.0
35.5186978298
41.8975980819
1.34281370262
1.0
7.400000000000000000e+01 
75.0
35.579940998
42.1509051937
1.44344451118
1.0
7.500000000000000000e+01 
76.0
35.6708021747
42.5512619529
1.7064799261
1.0
7.600000000000000000e+01 
77.0
35.696906498
42.6362775329
2.34394034985
1.0
7.700000000000000000e+01 
78.0
35.7278222933
42.7187398987
2.78869777041
1.0
7.800000000000000000e+01 1.970000000000000000e+02 
79.0
35.7664182874
42.7959549717
3.31581758772
1.0
7.900000000000000000e+01 1.980000000000000000e+02 
80.0
35.8129338876
42.8686418955
4.52203304261
1.0
8.000000000000000000e+01 
81.0
35.8724671998
42.9276259669
5.06285909531
1.0
8.100000000000000000e+01 2.000000000000000000e+02 
82.0
35.9404777378
42.9776807685
5.68109695419
1.0
8.200000000000000000e+01 2.010000000000000000e+02 
83.0
36.0090549753
43.0222332208
6.37976762015
1.0
8.300000000000000000e+01 
84.0
36.0859097274
43.053987904
7.27440663117
1.0
8.400000000000000000e+01 
85.0
36.1665415429
43.0739029603
7.70703046279
1.0
8.500000000000000000e+01 
86.0
36.2457993188
43.0947938627
8.54423922516
1.0
8.600000000000000000e+01 
87.0
36.3316879353
43.0999741136
9.13201152797
1.0
8.700000000000000000e+01 
88.0
36.4172450426
43.0985996489
9.73575329774
1.0
8.800000000000000000e+01 
89.0
36.5045477919
43.0887255864
10.3463991502
1.0
8.900000000000000000e+01 
90.0
36.7645423893
43.0224971307
10.8323191926
1.0
9.000000000000000000e+01 
91.0
36.9278643811
42.9621935945
11.4266055349
1.0
9.100000000000000000e+01 
92.0
37.2133191548
42.8277880033
11.7555509565
1.0
9.200000000000000000e+01 2.070000000000000000e+02 
93.0
37.5375875092
42.6509331874
11.9307504133
1.65
9.300000000000000000e+01 4.510000000000000000e+02 
94.0
37.8806233008
42.4572699995
12.0314975935
1.0
9.400000000000000000e+01 
95.0
38.0407149416
42.3491474276
12.180416587
1.0
9.500000000000000000e+01 
96.0
38.1702230361
42.2649117055
12.3595458678
1.0
9.600000000000000000e+01 
97.0
38.2462126884
42.215930588
12.4278104849
1.0
9.700000000000000000e+01 
98.0
38.3205111589
42.166236854
12.5573004191
1.0
9.800000000000000000e+01 
99.0
38.3926504157
42.1168157134
13.2992234544
1.0
9.900000000000000000e+01 
100.0
38.4549298407
42.0595163121
13.7059163274
1.0
1.000000000000000000e+02 
101.0
38.5119297951
41.9993746258
14.0116212672
1.0
1.010000000000000000e+02 3.280000000000000000e+02 
102.0
38.5695718337
41.9351489975
14.6196901333
1.0
1.020000000000000000e+02 2.150000000000000000e+02 
103.0
38.5811923634
41.9200541498
15.2395998574
1.0
1.030000000000000000e+02 2.160000000000000000e+02 
104.0
38.6146476966
41.8534470557
16.0133143856
1.0
1.040000000000000000e+02 4.600000000000000000e+02 
105.0
38.634263521
41.7857761105
16.6187431959
1.0
1.050000000000000000e+02 3.290000000000000000e+02 
106.0
38.6496342972
41.707673651
17.2737731962
1.0
1.060000000000000000e+02 4.610000000000000000e+02 
107.0
38.6566025523
41.6221586013
18.098296972
1.0
1.070000000000000000e+02 4.620000000000000000e+02 
108.0
38.6489505328
41.5332037944
18.7224076204
1.0
1.080000000000000000e+02 3.330000000000000000e+02 
109.0
38.6330695807
41.44695838
19.3250281288
1.0
1.090000000000000000e+02 
110.0
38.6117993602
41.3629893396
19.9481583726
1.0
1.100000000000000000e+02 
111.0
38.5814974564
41.2810852622
20.5311749286
1.0
1.110000000000000000e+02 3.340000000000000000e+02 
112.0
38.5454219895
41.2016183939
21.1125380832
1.0
1.120000000000000000e+02 
113.0
38.4995911873
41.1325645886
21.9418779224
1.0
1.130000000000000000e+02 
114.0
38.3917879773
41.0131602538
22.2396581256
1.0
1.140000000000000000e+02 
115.0
38.3341473132
40.9491028278
22.3981181575
1.0
1.150000000000000000e+02 
116.0
38.2757494279
40.8898286026
22.8141553537
1.0
1.160000000000000000e+02 
117.0
38.1441054202
40.7860245456
23.514194716
1.0
1.170000000000000000e+02 
118.0
38.0071246674
40.6941630624
23.7804198757
1.0
1.180000000000000000e+02 
119.0
37.8684097006
40.598718643
23.3784818464
1.0
1.190000000000000000e+02 
120.0
37.8013270552
40.5471287672
23.3542419543
1.0
1.200000000000000000e+02 
121.0
37.6687493358
40.4475628053
23.1605736931
1.0
1.210000000000000000e+02 
122.0
37.6009616569
40.3932066477
22.7678728734
1.0
1.220000000000000000e+02 
123.0
37.4777504237
40.2768815971
22.2982660256
1.0
1.230000000000000000e+02 
124.0
37.420865872
40.2158710406
22.2266486756
1.35
1.240000000000000000e+02 
125.0
37.3008809478
40.0910821062
22.1555226039
1.0
1.250000000000000000e+02 
126.0
38.9665412427
38.3447935885
18.9402009727
1.0
1.360000000000000000e+02 
127.0
38.9534636057
38.2254844888
18.9127128086
1.0
1.370000000000000000e+02 
128.0
38.941731094
38.1237181962
18.8802123346
1.0
1.380000000000000000e+02 
129.0
38.9194509587
37.9515288213
18.8327265359
1.0
1.390000000000000000e+02 
130.0
38.9084536055
37.8707679706
18.7760244605
1.0
1.400000000000000000e+02 
131.0
38.8976895554
37.7886924799
18.7459355085
1.0
1.410000000000000000e+02 
132.0
38.8861899224
37.7056785414
18.6795735333
1.0
1.420000000000000000e+02 
133.0
38.8744237884
37.619124996
18.6232164652
1.0
1.430000000000000000e+02 
134.0
38.8649868342
37.5312375861
18.5429629793
1.0
1.440000000000000000e+02 
135.0
38.8573579823
37.4422479493
18.6498370661
1.0
1.450000000000000000e+02 
136.0
38.8471582466
37.353485158
19.4932695465
1.0
1.460000000000000000e+02 
137.0
38.8214961142
37.2664191273
20.1253179314
1.0
1.470000000000000000e+02 
138.0
38.7894275507
37.1812360604
20.6085823134
1.0
1.480000000000000000e+02 
139.0
38.7513815847
37.1037752082
21.4480203133
1.0
1.490000000000000000e+02 
140.0
38.7020008575
37.0363975812
22.0584924246
1.0
1.500000000000000000e+02 
141.0
38.6490058041
36.9771881779
22.7480701015
1.0
1.510000000000000000e+02 
142.0
38.5836117904
36.9222686691
23.4700579741
1.0
1.520000000000000000e+02 
143.0
38.5113588017
36.876913509
24.3140192109
1.0
1.530000000000000000e+02 
144.0
38.4331330999
36.8405161673
24.9108441738
1.0
1.540000000000000000e+02 
145.0
38.348689554
36.8058849989
23.2180971716
1.0
1.550000000000000000e+02 
146.0
38.2817955507
36.7518947408
23.902872016
1.0
1.560000000000000000e+02 
147.0
38.2105972364
36.7079621308
24.4496174583
1.0
1.570000000000000000e+02 
148.0
38.1326968439
36.6759667315
25.2073194252
1.0
1.580000000000000000e+02 
149.0
38.0549481893
36.6507689567
25.8560241948
1.0
1.590000000000000000e+02 
150.0
37.9723074284
36.6362792433
26.48611608
1.0
1.600000000000000000e+02 
151.0
37.8875072209
36.6282672716
27.0502539331
1.0
1.610000000000000000e+02 
152.0
37.7163537117
36.6310083768
27.5388015158
1.0
1.620000000000000000e+02 
153.0
37.4591769092
36.6531845038
27.753585484
1.0
1.630000000000000000e+02 
154.0
36.7116486098
36.9849219126
27.9725891404
1.0
1.650000000000000000e+02 
155.0
36.5662420399
37.0078728264
27.7985403764
1.0
1.660000000000000000e+02 
156.0
36.3219684821
37.034643654
27.6086346991
1.0
1.670000000000000000e+02 
157.0
36.0629929981
37.0606137916
27.5083571629
1.0
1.680000000000000000e+02 
158.0
35.8905810751
37.0772146454
27.4577674098
1.0
1.690000000000000000e+02 
159.0
35.2688861524
37.5587446553
28.4401434134
1.0
1.710000000000000000e+02 
160.0
34.8963551701
38.1895914397
33.9197078737
1.0
1.770000000000000000e+02 
161.0
34.800652013
38.4539397545
34.1730589448
1.0
1.780000000000000000e+02 
162.0
34.7805259902
38.5158474158
34.1088905155
1.0
1.790000000000000000e+02 
163.0
34.7511891996
38.60217983
34.5550112824
1.0
1.800000000000000000e+02 
164.0
34.9909536574
39.6594739957
0.173381282048
1.0
1.810000000000000000e+02 
165.0
34.9963255254
39.8821404179
0.204376462043
1.0
1.820000000000000000e+02 
166.0
35.0014131468
40.0550774176
0.239271136104
1.0
1.830000000000000000e+02 
167.0
35.0084738171
40.2232995533
0.2847705581
1.0
1.840000000000000000e+02 
168.0
35.0173868232
40.3950150584
0.312770346532
1.0
1.850000000000000000e+02 
169.0
35.0273533365
40.5730986746
0.36068745269
1.0
1.860000000000000000e+02 
170.0
35.0380612292
40.7476583628
0.452241211521
1.0
1.870000000000000000e+02 
171.0
35.0381775793
41.0578344126
0.552218183186
1.0
1.880000000000000000e+02 
172.0
35.0425513911
41.1158008619
0.359903148967
1.0
1.890000000000000000e+02 
173.0
35.046773746
41.2028455392
0.0109496451507
1.0
1.900000000000000000e+02 
174.0
35.0454299522
41.3563407031
35.9815387164
1.0
1.910000000000000000e+02 
175.0
35.0463760891
41.5230541357
35.9610032022
1.0
1.920000000000000000e+02 
176.0
35.0460475063
41.7080463138
35.9543614837
1.0
1.930000000000000000e+02 
177.0
35.0414660948
41.9411553895
35.9854151002
1.0
1.940000000000000000e+02 
178.0
35.0408764937
42.0788597901
0.038749466001
1.0
1.950000000000000000e+02 
179.0
35.0407464925
42.1639905922
0.4223770245
1.0
1.960000000000000000e+02 
180.0
35.0759222003
42.1802123052
4.14099361353
1.0
1.990000000000000000e+02 
181.0
35.1421512415
42.1446069068
5.9881534425
1.0
2.020000000000000000e+02 
182.0
36.1662281671
42.9843808571
9.96181239905
1.0
2.030000000000000000e+02 
183.0
36.2456400517
42.9698354177
10.386086774
1.0
2.040000000000000000e+02 
184.0
36.40089454
42.9139473394
11.4139886155
1.0
2.050000000000000000e+02 3.170000000000000000e+02 3.180000000000000000e+02 3.190000000000000000e+02 4.480000000000000000e+02 
185.0
36.7005639049
42.7833439141
11.4326467106
1.0
2.060000000000000000e+02 3.200000000000000000e+02 4.500000000000000000e+02 
186.0
37.1302934716
42.1088092083
10.808981178
1.0
2.080000000000000000e+02 
187.0
37.4877815877
41.9936521373
10.7339010469
1.0
2.090000000000000000e+02 4.520000000000000000e+02 
188.0
37.7885303683
41.9080773353
10.6905583419
1.0
2.100000000000000000e+02 
189.0
38.0261603006
41.8384811844
10.6730909852
1.0
2.110000000000000000e+02 
190.0
38.2726666056
41.7663607437
10.6236841824
1.0
2.120000000000000000e+02 
191.0
38.609613238
41.6716673368
10.6349287186
1.0
2.130000000000000000e+02 
192.0
38.6964848901
41.6461926012
10.9960382616
1.0
2.140000000000000000e+02 4.570000000000000000e+02 
193.0
38.1021078397
40.9916418191
15.6695205188
1.0
2.170000000000000000e+02 
194.0
38.1175307243
40.9351913382
16.152350916
1.0
2.180000000000000000e+02 
195.0
38.1325923338
40.8735314354
16.7224651085
1.0
2.190000000000000000e+02 
196.0
38.1509189086
40.7892986719
17.3751064701
1.0
2.200000000000000000e+02 
197.0
38.1599262646
40.7037904739
18.2572605965
1.0
2.210000000000000000e+02 
198.0
38.0576686416
40.7303892878
19.7058959363
1.0
2.220000000000000000e+02 
199.0
37.9797540621
40.7550640916
20.8143272128
1.0
2.230000000000000000e+02 
200.0
37.9092798178
40.8021382532
21.4599186381
1.0
2.240000000000000000e+02 
201.0
37.8759391888
40.7990215215
21.9306471972
1.0
2.250000000000000000e+02 
202.0
37.7665156038
40.6880186955
22.5576657643
1.0
2.260000000000000000e+02 
203.0
37.7617416273
40.2058988716
22.927054223
1.0
2.270000000000000000e+02 
204.0
37.716320508
40.1167386722
22.8560309677
1.0
2.280000000000000000e+02 
205.0
37.6611625996
40.0549998783
22.6678751837
1.0
2.290000000000000000e+02 
206.0
37.5973467743
39.9969799513
22.6291330581
1.0
2.300000000000000000e+02 
207.0
37.0241861929
39.88711883
22.765052309
1.0
2.310000000000000000e+02 
208.0
36.9479772546
39.834650486
22.0947739534
1.0
2.320000000000000000e+02 
209.0
36.8441123901
39.7138358298
21.8020277324
1.0
2.330000000000000000e+02 3.420000000000000000e+02 
210.0
36.7918124854
39.6470281357
21.7292921587
1.0
2.340000000000000000e+02 
211
39.59290751025007
41.653963274108754
26.931809257271482
1.0
2.350000000000000000e+02 
212
39.53559036726728
41.402408969714195
27.231809257271482
1.0
2.360000000000000000e+02 
213
39.469089068062594
41.20619992337686
27.267576103604927
1.0
2.370000000000000000e+02 
214
39.38339498708108
40.9452356837959
27.31347393150458
1.0
2.380000000000000000e+02 
215
39.31542429969809
40.71561974403535
27.34568782235299
1.0
2.390000000000000000e+02 
216
39.263594973368164
40.553930795853155
27.36941773319909
1.0
2.400000000000000000e+02 
217
39.20495198753055
40.3946485711352
27.408989632720928
1.0
2.410000000000000000e+02 
218
39.141145402192144
40.230140914376214
27.424522998414826
1.0
2.420000000000000000e+02 
219
39.109978376590945
40.14797769095278
27.42888702504185
1.0
2.430000000000000000e+02 
220
39.07932565117332
40.0655685534959
26.65170749174421
1.0
2.440000000000000000e+02 
221
39.04700956770153
39.89593020267673
26.232847477505068
1.0
2.450000000000000000e+02 
222
39.02034220979881
39.722159307716886
26.105072974418928
1.0
2.460000000000000000e+02 
223
38.998126921864994
39.55140709756878
25.99200656778819
1.0
2.470000000000000000e+02 
224
38.982057499163425
39.38088013869962
25.8932293194094
1.0
2.480000000000000000e+02 
225
38.970662137013846
39.205276326186606
25.79478361192377
1.0
2.490000000000000000e+02 
226
38.96284163243842
39.02682168265569
25.675044838986928
1.0
2.500000000000000000e+02 
227
38.94826020614907
38.763164708284
25.456320944580163
1.0
2.510000000000000000e+02 3.960000000000000000e+02 3.970000000000000000e+02 
228
38.940589917298674
38.50278547484092
25.286302901349767
1.0
2.520000000000000000e+02 
229
38.94036278259168
38.415809067571935
25.90431501772829
1.0
2.530000000000000000e+02 3.980000000000000000e+02 
230
38.93505478039683
38.33254394719974
26.427421621549964
1.0
2.540000000000000000e+02 3.990000000000000000e+02 
231
38.92160204202051
38.242511358919515
27.07671153869001
1.0
2.550000000000000000e+02 4.000000000000000000e+02 
232
38.89855191498033
38.16150997632265
27.662698839762026
1.0
2.560000000000000000e+02 4.010000000000000000e+02 
233
38.87038793655635
38.08188888903164
28.336830758884343
1.0
2.570000000000000000e+02 
234
38.830781273681495
38.0075867617606
29.00577279588836
1.0
2.580000000000000000e+02 4.020000000000000000e+02 
235
38.77928672796812
37.93509213869594
29.615859874007434
1.0
2.590000000000000000e+02 
236
38.72052402221986
37.872935880427285
30.163418341954756
1.0
2.600000000000000000e+02 
237
38.6594990782993
37.81621767723162
30.918512870992327
1.0
2.610000000000000000e+02 4.030000000000000000e+02 
238
38.5114068175496
37.74114848515037
32.59572341361528
1.0
2.620000000000000000e+02 
239
38.30582384674037
37.69706092920838
33.16040087062222
1.0
2.630000000000000000e+02 
240
38.221512748233266
37.67973730291766
33.694300855525576
1.0
2.640000000000000000e+02 4.040000000000000000e+02 
241
38.134265079283104
37.67423027439724
34.249148316278784
1.0
2.650000000000000000e+02 
242
37.897093959349434
37.68891244874693
35.006443183529505
1.0
2.660000000000000000e+02 
243
37.70985282165334
37.71171824027904
35.30519826180402
1.0
2.670000000000000000e+02 
244
37.624127018299966
37.72615256135945
35.79024705377878
1.0
2.680000000000000000e+02 4.050000000000000000e+02 
245
37.468314622285796
37.7740203958801
0.3086658585059112
1.0
2.690000000000000000e+02 
246
37.31520993267042
37.83072641523569
0.4101965863502315
1.0
2.700000000000000000e+02 
247
37.15422910615532
37.891259205147904
0.46696323466286316
1.0
2.710000000000000000e+02 
248
37.07031652429094
37.92275146335834
0.4890530005482745
1.0
2.720000000000000000e+02 
249
36.903806304471146
37.98517266990671
0.5518854761742205
1.0
2.730000000000000000e+02 
250
36.74193698812351
38.04949316958347
0.607280104107474
1.0
2.740000000000000000e+02 
251
36.58089345844485
38.11540831227239
0.6198923031999399
1.0
2.750000000000000000e+02 
252
36.42585432226472
38.18468758938699
0.6629318930512724
1.0
2.760000000000000000e+02 
253
36.2668878672774
38.25454881041895
0.700684183650722
1.0
2.770000000000000000e+02 
254
35.89511204186562
38.40338631241739
0.886273520335429
1.0
2.780000000000000000e+02 
255
35.740170911666794
38.48646614193222
1.6440173213846023
1.0
2.790000000000000000e+02 
256
35.66742968451432
38.53216632615333
1.7542212489056652
1.0
2.800000000000000000e+02 
257
35.5997764773948
38.576464672516785
1.841265163847332
1.0
2.810000000000000000e+02 
258
35.4651636689687
38.67072072339157
1.9518485488048611
1.0
2.820000000000000000e+02 
259
35.3963357741895
38.7193648999917
2.0274166430519855
1.0
2.830000000000000000e+02 
260
35.33025451748491
38.76911400654083
2.067639715940196
1.0
2.840000000000000000e+02 
261
35.265098334234835
38.819073775132416
2.0912192997882215
1.0
2.850000000000000000e+02 
262
35.197454103761785
38.87134855819316
2.1149008926789605
1.0
2.860000000000000000e+02 
263
35.060709042754894
38.97729180970062
2.1485095085026913
1.0
2.870000000000000000e+02 
264
34.920623087594514
39.0829645980765
2.1879409345990624
1.0
2.880000000000000000e+02 
265
34.78388838160016
39.19220549508211
2.239235351466249
1.0
2.890000000000000000e+02 
266
34.71858550292886
39.248777054782515
3.021924836471861
1.0
2.900000000000000000e+02 
267
34.659683991274335
39.31591770421504
3.4882217543131944
1.0
2.910000000000000000e+02 
268
34.6114589422114
39.38629467433903
3.946208587598015
1.0
2.920000000000000000e+02 
269
34.56554008076704
39.45778404345815
4.569819253062967
1.0
2.930000000000000000e+02 
270
34.53112677009892
39.5351294080939
4.963257888264543
1.0
2.940000000000000000e+02 
271
34.49753527303389
39.61123125490439
5.78418277789217
1.0
2.950000000000000000e+02 
272
34.48076845528898
39.692506222743084
6.544359673443118
1.0
2.960000000000000000e+02 
273
34.47342090089951
39.775690607058145
7.231137907450986
1.0
2.970000000000000000e+02 4.320000000000000000e+02 
274
34.472183275992215
39.85707315793291
7.941321968040728
1.0
2.980000000000000000e+02 
275
34.479983908826874
39.9395175090552
8.503001564516074
1.0
2.990000000000000000e+02 
276
34.496498760231304
40.02267658722008
8.619269212524177
1.0
3.000000000000000000e+02 
277
34.51415899218884
40.10559495299181
8.741961799922112
1.0
3.010000000000000000e+02 
278
34.533643877863355
40.19301134771479
9.00752987889792
1.0
3.020000000000000000e+02 
279
34.55546968083919
40.28021139251762
9.692242355219236
1.0
3.030000000000000000e+02 
280
34.62975587007415
40.44218732344298
10.213807874489165
1.0
3.040000000000000000e+02 
281
34.78655884573807
40.71882567698884
10.5748329563192
1.0
3.050000000000000000e+02 4.390000000000000000e+02 
282
34.97241955227375
41.002609214352134
10.76636668408727
1.0
3.060000000000000000e+02 4.400000000000000000e+02 
283
35.07726792912481
41.15240146507225
10.85431316174077
1.0
3.070000000000000000e+02 
284
35.12627219319314
41.2230672997641
11.368151919406259
1.0
3.080000000000000000e+02 
285
35.303504699953585
41.4085029143909
11.577375175484086
1.0
3.090000000000000000e+02 
286
35.36222022840409
41.470818572505976
11.078448395206859
1.0
3.100000000000000000e+02 
287
35.50359430846461
41.675026310785675
10.736994579429789
1.0
3.110000000000000000e+02 4.420000000000000000e+02 
288
35.68743465870508
41.95530629735242
10.696746069706283
1.0
3.120000000000000000e+02 4.430000000000000000e+02 
289
35.82578611379961
42.17270411418562
10.71119390279241
1.0
3.130000000000000000e+02 4.440000000000000000e+02 
290
35.97433879183718
42.39048395095843
10.72354640217443
1.0
3.140000000000000000e+02 4.450000000000000000e+02 
291
36.022424427377075
42.46210356170276
10.747035219122619
1.0
3.150000000000000000e+02 4.460000000000000000e+02 
292
36.17641806529383
42.667149278177476
11.235472651327342
1.0
3.160000000000000000e+02 
293
36.510229188461224
41.73608066523673
11.333594862420082
1.0
3.210000000000000000e+02 
294
36.57075236574998
41.73060260500468
11.283709680900197
1.0
3.220000000000000000e+02 
295
36.69852118127243
41.68840631335289
11.318537529495666
1.0
3.230000000000000000e+02 
296
36.7972971472707
41.67007564351675
11.333259415000283
1.0
3.240000000000000000e+02 
297
36.899130584297154
41.64430138598173
11.375589358306316
1.0
3.250000000000000000e+02 
298
36.93381980172696
41.63154705974927
11.395288685661102
1.0
3.260000000000000000e+02 
299
37.04785313797907
41.56077384567413
11.807693740081989
1.0
3.270000000000000000e+02 
300
38.03403383392828
40.47505651054795
16.545943085484335
1.0
3.300000000000000000e+02 
301
38.059724292506864
40.42071202587392
17.171539242027336
1.0
3.310000000000000000e+02 
302
38.069043405677256
40.34121040292918
17.715293377791337
1.0
3.320000000000000000e+02 
303
37.94649502917703
40.62589031016542
20.63918007754426
1.0
3.350000000000000000e+02 
304
37.86807985769912
40.504135446868474
20.853766834441323
1.0
3.360000000000000000e+02 
305
37.785483253219056
40.34718978809432
20.972846584126085
1.0
3.370000000000000000e+02 
306
37.74466574288023
40.268511372108314
21.00788672134024
1.0
3.380000000000000000e+02 
307
37.66615578604605
40.117841889827325
21.08233287880355
1.0
3.390000000000000000e+02 
308
37.584793924899124
39.974640762433374
21.10984783569127
1.0
3.400000000000000000e+02 
309
37.49423784302124
39.82964463881732
21.177717646776486
1.0
3.410000000000000000e+02 
310
35.98222818366608
38.88470082876172
21.26916572970918
1.0
3.430000000000000000e+02 
311
35.88973434861914
38.74651394852508
21.21504028302518
1.0
3.440000000000000000e+02 
312
35.84581349253296
38.67652697902442
21.2227342681108
1.0
3.450000000000000000e+02 
313
35.8009340607611
38.603608749874404
21.245275894602024
1.0
3.460000000000000000e+02 
314
35.71021904613644
38.45406326520038
21.23537699764166
1.0
3.470000000000000000e+02 
315
35.66391023428718
38.37786775017529
21.235213055025937
1.0
3.480000000000000000e+02 
316
35.617251040214974
38.30210241341693
21.243853110275957
1.0
3.490000000000000000e+02 
317
35.57121206165862
38.22876878087784
21.219274072551123
1.0
3.500000000000000000e+02 
318
35.52593719551905
38.15567786979473
21.214979336745017
1.0
3.510000000000000000e+02 
319
35.47959882574423
38.08299931629138
21.216753023347938
1.0
3.520000000000000000e+02 
320
35.431390849560465
38.010662755430694
21.187174691785962
1.0
3.530000000000000000e+02 
321
35.38325034277375
37.93889369607245
21.169671141708733
1.0
3.540000000000000000e+02 
322
35.33566097829729
37.86744204925892
21.143213275378727
1.0
3.550000000000000000e+02 
323
35.28789249313793
37.7952232665224
21.108419117439148
1.0
3.560000000000000000e+02 
324
35.24239777448194
37.72306442423751
21.049273628611495
1.0
3.570000000000000000e+02 
325
35.15887203225461
37.578764919823364
20.968838018217077
1.0
3.580000000000000000e+02 
326
35.119164515795156
37.50386748215855
20.91220124397752
1.0
3.590000000000000000e+02 
327
35.08048978917071
37.42518108746629
21.396664533138214
1.0
3.600000000000000000e+02 
328
35.03309222181347
37.34926351487176
21.899919067065177
1.0
3.610000000000000000e+02 
329
36.808544333397165
37.526045936024055
21.59914617934102
1.0
3.630000000000000000e+02 
330
36.98302479056948
37.49423186892698
22.05577872762383
1.0
3.640000000000000000e+02 
331
38.80980353519519
37.398239337608324
24.75429329682084
1.0
3.660000000000000000e+02 
332
38.76871691575896
37.34098527831193
25.319915085961128
1.0
3.670000000000000000e+02 
333
38.62185361428471
37.29904565020757
26.090747463854093
1.0
3.680000000000000000e+02 
334
38.45230477124146
37.27891286437535
26.339070289372998
1.0
3.690000000000000000e+02 
335
38.18809805344275
37.25635955751711
26.430037276122587
1.0
3.700000000000000000e+02 
336
37.95862126702615
37.10889865979259
26.79138777908125
1.0
3.710000000000000000e+02 
337
37.78246267069349
37.09123584902214
27.193727772515
1.0
3.720000000000000000e+02 
338
37.69989819520632
37.0948619362263
27.246198142678196
1.0
3.730000000000000000e+02 
339
36.84078800004635
37.03562499384828
27.863187759357867
1.0
3.760000000000000000e+02 
340
35.530461585487465
37.78713034109121
27.76592907771061
1.0
3.800000000000000000e+02 
341
35.37530299044387
37.821401807200004
27.768701519813067
1.0
3.810000000000000000e+02 
342
35.28824866421325
37.83350746119294
27.73655392837109
1.0
3.820000000000000000e+02 
343
35.110852815833475
37.8469799203882
27.33338273275217
1.0
3.830000000000000000e+02 
344
34.94022818697846
37.85355782594181
27.23873066587007
1.0
3.840000000000000000e+02 
345
34.772363333793976
37.861644925579334
27.166502548397432
1.0
3.850000000000000000e+02 
346
34.60330448444544
37.86377785792678
27.115344685749626
1.0
3.860000000000000000e+02 
347
34.42588121583716
37.863192632538386
27.073506340537424
1.0
3.870000000000000000e+02 
348
34.24106753303134
37.86504669856574
27.027485266548002
1.0
3.880000000000000000e+02 
349
34.05897280846462
37.868628645419406
26.94032956430081
1.0
3.890000000000000000e+02 
350
33.88942884042928
37.870443020784194
26.866631629988667
1.0
3.900000000000000000e+02 
351
33.72335178820353
37.86508876244259
26.79429517546194
1.0
3.910000000000000000e+02 
352
33.549530252992085
37.85437146397085
26.706275208494908
1.0
3.920000000000000000e+02 
353
33.37614146924262
37.84381923364774
26.69265021105687
1.0
3.930000000000000000e+02 
354
33.197372612405154
37.83228125546739
26.63607056639372
1.0
3.940000000000000000e+02 
355
33.047502633264045
37.82230480423279
26.673282018806123
1.0
3.950000000000000000e+02 
356
37.04087324132999
37.208851972020824
35.339499594178655
1.0
4.060000000000000000e+02 
357
37.0096550061169
37.236412493159165
35.7539954603382
1.0
4.070000000000000000e+02 
358
37.00439612205174
37.38585945488029
35.85956639551333
1.0
4.080000000000000000e+02 
359
37.000556423019425
37.56022169591741
35.931791685177835
1.0
4.090000000000000000e+02 
360
36.999224317337706
37.74970292190036
35.97077874932209
1.0
4.100000000000000000e+02 
361
36.99827523893534
37.93451234018869
0.0072654616928762294
1.0
4.110000000000000000e+02 
362
36.999515698213266
38.101730735830365
0.05860893824087632
1.0
4.120000000000000000e+02 
363
37.002227211833485
38.26376683412982
0.07713291479150053
1.0
4.130000000000000000e+02 
364
37.00455692933861
38.43150008694243
0.12858377307920432
1.0
4.140000000000000000e+02 
365
37.00635795209612
38.52015733007144
0.13265274534845184
1.0
4.150000000000000000e+02 
366
37.01112572016914
38.70568616075017
0.1885670255572247
1.0
4.160000000000000000e+02 
367
37.017225845260576
38.888205390749164
0.24745997479231074
1.0
4.170000000000000000e+02 
368
37.02367811570508
39.05958164992804
0.2854709062640661
1.0
4.180000000000000000e+02 
369
37.027376938883556
39.14570215205875
0.3339140292831624
1.0
4.190000000000000000e+02 
370
37.03924448603293
39.31674014213708
0.44182483651252524
1.0
4.200000000000000000e+02 
371
37.0527174853064
39.49398927215501
0.5547361993350624
1.0
4.210000000000000000e+02 
372
37.05994758496548
39.581196227118866
1.2493899880861417
1.0
4.220000000000000000e+02 
373
37.082436998646344
39.66955973518472
1.669875996205028
1.0
4.230000000000000000e+02 
374
37.107348043451196
39.75682581281696
1.9535136451586346
1.0
4.240000000000000000e+02 
375
37.13641701232502
39.84289403002118
2.817691265362842
1.0
4.250000000000000000e+02 
376
37.17511950641638
39.918995398025125
3.4126914577488847
1.0
4.260000000000000000e+02 
377
37.22429883247676
39.98606068859302
4.124447664342241
1.0
4.270000000000000000e+02 
378
37.27855786848697
40.045610063090706
4.98977366017949
1.0
4.280000000000000000e+02 
379
37.34147062930214
40.09752478478641
5.672601866664396
1.0
4.290000000000000000e+02 
380
37.415528751724004
40.141537783381594
6.359004220826081
1.0
4.300000000000000000e+02 
381
37.57953078501166
40.20836987389738
7.239584599109644
1.0
4.310000000000000000e+02 
382
36.16329204270281
39.736785360441495
7.770806162641181
1.0
4.330000000000000000e+02 
383
36.04278813472924
39.693203383353406
7.893239906837728
1.0
4.340000000000000000e+02 
384
35.993799322008904
39.67282985551767
7.9097587202012924
1.0
4.350000000000000000e+02 
385
35.96610077253892
39.65915270728857
8.609581241717343
1.0
4.360000000000000000e+02 
386
35.957599307951824
39.61861486658015
8.977574623382043
1.0
4.370000000000000000e+02 
387
35.95176175714537
39.59699624213398
9.01493742018389
1.0
4.380000000000000000e+02 
388
34.46122678877435
40.6708227636413
10.258438223287092
1.0
4.410000000000000000e+02 
389
36.05417741666195
41.929392152061844
10.006203420704379
1.0
4.470000000000000000e+02 
390
36.27506954349455
41.91112765040812
11.31314564999535
1.0
4.490000000000000000e+02 
391
37.162819030522094
41.400444978457536
9.940355867557269
1.0
4.530000000000000000e+02 
392
37.566104820140424
41.300111434974305
9.494982522587543
1.0
4.540000000000000000e+02 
393
37.89691740787517
41.278542415334094
9.415228757916784
1.0
4.550000000000000000e+02 
394
38.22142643704532
41.260396032780676
9.402892788317944
1.0
4.560000000000000000e+02 
395
38.194523031267416
40.99528079928838
10.787949933649001
1.0
4.580000000000000000e+02 
396
37.737108871870205
40.94697272746194
12.064933133619627
1.0
4.590000000000000000e+02 
397
38.023915839753734
40.82118039363925
18.376605784531847
1.0
4.630000000000000000e+02 
398
37.992506111279134
40.79933096816932
19.56004686861349
1.0
4.640000000000000000e+02 
399
37.95112894264095
40.7792805096848
20.497181590147015
1.0
4.650000000000000000e+02 
400
37.87757347711779
40.64159598417698
20.70853722629908
1.0
4.660000000000000000e+02 
401
37.795033255900705
40.49296265670482
21.022069870599495
1.0
4.670000000000000000e+02 
402
37.75209373071024
40.415088194783216
21.116147227861937
1.0
4.680000000000000000e+02 
403
37.66532039661179
40.26334821267763
21.273535882769693
1.0
4.690000000000000000e+02 
404
37.5741241816886
40.1187969745293
21.38110476020966
1.0
4.700000000000000000e+02 
405
37.477293938688746
39.97842822742954
21.429153444740713
1.0
4.710000000000000000e+02 
406
37.428097998461425
39.91052483336095
21.44914735830995
1.0
4.720000000000000000e+02 
407
37.09858412279916
39.81981839665591
21.763742809056104
1.0
4.730000000000000000e+02 
408
36.88753754410536
39.82781801107228
21.995146101173944
1.0
4.740000000000000000e+02 
-
408
408
