40.0
39.900865789
19.8676171605
0.0
39.9419665289
39.7491169475
19.892877291
1.0
39.9163117607
39.6707889359
19.9108902028
2.0
39.8898860867
39.5903012505
19.9115419888
3.0
39.8347243204
39.4200271779
19.9086408578
4.0
39.8069520903
39.3328812343
19.9119357739
5.0
39.7808782894
39.245626695
19.8930808755
6.0
39.7555397328
39.1596064032
19.8939289793
7.0
39.7316307062
39.0760594743
19.8758998749
8.0
39.708895306
38.9953663313
19.8760585909
9.0
39.6853401152
38.9147978678
19.8653695857
10.0
39.6599525217
38.8335015033
19.8476587547
11.0
39.6336991504
38.7520964651
19.8303122504
12.0
39.6067513378
38.6701595738
19.8136573173
13.0
39.5796215215
38.5885634946
19.7815140112
14.0
39.5522780754
38.5056568574
19.7602288221
15.0
39.525481116
38.4211893956
20.1430576763
16.0
39.4938765824
38.3395649749
20.7148373359
17.0
39.4579458196
38.2691282636
20.9777685066
18.0
39.4147006727
38.194853286
21.5505772339
19.0
39.364727367
38.1186260642
22.2403393343
20.0
39.3073524435
38.0615917172
23.0341249549
21.0
39.2398174687
38.0122505386
23.7851344113
22.0
39.1649355569
37.9681025174
24.4272781961
23.0
39.0881308923
37.9352383906
24.9309059949
24.0
39.0094999244
37.9074896395
24.4662120914
25.0
38.9344876512
37.8731398533
24.8275205111
26.0
38.7809965589
37.8127396153
25.0993564117
27.0
38.6183354092
37.7567645385
25.224337141
28.0
38.4526614402
37.6994493424
25.9730857562
29.0
38.3633467834
37.6871161111
26.4489055177
30.0
38.2747797093
37.6795296392
26.8341140178
31.0
38.1890533633
37.6779886206
27.2439201834
32.0
38.1036184811
37.6793483681
27.4060844407
33.0
37.9340148258
37.6890664241
27.6071457257
34.0
37.8514490719
37.6963698878
27.773185308
35.0
37.7673414376
37.7077678644
28.3100078585
36.0
37.6825461675
37.7227169614
28.5494253698
37.0
37.6021496974
37.742511204
28.7897333073
38.0
37.453555278
37.779902671
29.0281426163
39.0
37.2835752632
37.8302240618
28.6342168321
40.0
37.1129818163
37.8731435881
28.550669846
41.0
36.8694833952
37.9343910446
28.4727357588
42.0
36.6167961106
37.9943767595
28.4445889962
43.0
36.445583182
38.0349391217
28.3965406012
44.0
36.275487297
38.0724992855
28.3901933866
45.0
36.1042175231
38.1120439697
28.3982757192
46.0
35.934723682
38.1549708953
28.7568774095
47.0
35.8544822413
38.1773906493
29.506422157
48.0
35.7217127305
38.2481735512
30.4222308588
49.0
35.6536758174
38.2980254592
31.0847108273
50.0
35.5850391287
38.3576902729
31.6389274846
51.0
35.4736376609
38.4919602679
32.4763051021
52.0
35.2417369306
38.8368916081
33.3189368468
53.0
35.2040892971
38.915453262
33.9875335166
54.0
35.1769109419
38.993506948
34.7093091321
55.0
35.1505698757
39.1499371737
35.8510659056
56.0
35.1556166501
39.3157630229
0.168974907042
57.0
35.1698091655
39.4892605148
0.351729353335
58.0
35.1917856811
39.7480749494
0.475000777599
59.0
35.2079235813
39.9214635906
0.538326425289
60.0
35.2270486296
40.0923061902
0.624565012863
61.0
35.2468197878
40.2622360375
0.691087569937
62.0
35.2672510401
40.4270083913
0.738628041369
63.0
35.2905291519
40.6024230871
0.809874157996
64.0
35.3159511063
40.7804940459
0.877148555452
65.0
35.3363901965
40.9533685172
0.952956295908
66.0
35.3586470452
41.1247665192
1.01219140773
67.0
35.3731376652
41.2104252762
1.06450434823
68.0
35.4064196888
41.3813891363
1.1221900711
69.0
35.4428282333
41.5540296662
1.19428563078
70.0
35.4612767414
41.6398624967
1.22423261383
71.0
35.4801001339
41.7260605114
1.27192768716
72.0
35.5186978298
41.8975980819
1.34281370262
73.0
35.5381780979
41.982358769
1.39665327481
74.0
35.6005762804
42.2346259696
1.42568409914
75.0
35.696906498
42.6362775329
2.34394034985
76.0
35.7278222933
42.7187398987
2.78869777041
77.0
35.7664182874
42.7959549717
3.31581758772
78.0
35.8129338876
42.8686418955
4.52203304261
79.0
35.8724671998
42.9276259669
5.06285909531
80.0
35.9404777378
42.9776807685
5.68109695419
81.0
36.0090549753
43.0222332208
6.37976762015
82.0
36.0859097274
43.053987904
7.27440663117
83.0
36.1665415429
43.0739029603
7.70703046279
84.0
36.2457993188
43.0947938627
8.54423922516
85.0
36.3316879353
43.0999741136
9.13201152797
86.0
36.4172450426
43.0985996489
9.73575329774
87.0
36.5045477919
43.0887255864
10.3463991502
88.0
36.5918624081
43.0681506809
10.6363624031
89.0
36.8495313927
42.9978070363
11.2744077128
90.0
37.0038538177
42.9284040915
11.5486762537
91.0
37.2594215594
42.8034047459
11.7970859907
92.0
37.6153348379
42.6098156314
11.958987924
93.0
37.9328511472
42.4255241349
12.0874597666
94.0
38.072544703
42.3279311818
12.2485526096
95.0
38.1948033762
42.2487619934
12.3841684799
96.0
38.3205111589
42.166236854
12.5573004191
97.0
38.3926504157
42.1168157134
13.2992234544
98.0
38.4549298407
42.0595163121
13.7059163274
99.0
38.5119297951
41.9993746258
14.0116212672
100.0
38.5695718337
41.9351489975
14.6196901333
101.0
38.5811923634
41.9200541498
15.2395998574
102.0
38.6146476966
41.8534470557
16.0133143856
103.0
38.634263521
41.7857761105
16.6187431959
104.0
38.6496342972
41.707673651
17.2737731962
105.0
38.6566025523
41.6221586013
18.098296972
106.0
38.6489505328
41.5332037944
18.7224076204
107.0
38.6330695807
41.44695838
19.3250281288
108.0
38.6117993602
41.3629893396
19.9481583726
109.0
38.5814974564
41.2810852622
20.5311749286
110.0
38.5454219895
41.2016183939
21.1125380832
111.0
38.4995911873
41.1325645886
21.9418779224
112.0
38.4448788936
41.0731597199
22.1506034154
113.0
38.3341473132
40.9491028278
22.3981181575
114.0
38.2757494279
40.8898286026
22.8141553537
115.0
38.2105811178
40.8338731521
23.3780851496
116.0
38.0761794566
40.7396872079
23.6849415818
117.0
37.9370229638
40.650037698
23.4114679962
118.0
37.8013270552
40.5471287672
23.3542419543
119.0
37.731368181
40.4945989755
23.1853627726
120.0
37.6009616569
40.3932066477
22.7678728734
121.0
37.5352076625
40.3376385607
22.3658047469
122.0
37.420865872
40.2158710406
22.2266486756
123.0
37.3620597569
40.1538172975
22.2059092139
124.0
37.2399012727
40.027773971
22.1295352874
125.0
38.4193680893
39.9328004883
20.1987398376
0.0
38.6365122392
39.4364916683
19.7102645284
1.0
38.8280851669
39.0926441878
19.2659564231
2.0
38.941917547
38.9290474732
19.0434086848
3.0
38.9812920271
38.8262036793
18.9425679482
4.0
38.9768183437
38.8180354155
18.9529957634
5.0
38.968547993
38.8050722967
18.9577334284
7.0
38.9680933223
38.8088870073
18.9552206918
8.0
38.9678721041
38.81044644
18.9616907026
9.0
38.9665412427
38.3447935885
18.9402009727
10.0
38.9534636057
38.2254844888
18.9127128086
126.0
38.941731094
38.1237181962
18.8802123346
127.0
38.9309217687
38.035576187
18.8579607103
128.0
38.9084536055
37.8707679706
18.7760244605
129.0
38.8976895554
37.7886924799
18.7459355085
130.0
38.8861899224
37.7056785414
18.6795735333
131.0
38.8744237884
37.619124996
18.6232164652
132.0
38.8649868342
37.5312375861
18.5429629793
133.0
38.8573579823
37.4422479493
18.6498370661
134.0
38.8471582466
37.353485158
19.4932695465
135.0
38.8214961142
37.2664191273
20.1253179314
136.0
38.7894275507
37.1812360604
20.6085823134
137.0
38.7513815847
37.1037752082
21.4480203133
138.0
38.7020008575
37.0363975812
22.0584924246
139.0
38.6490058041
36.9771881779
22.7480701015
140.0
38.5836117904
36.9222686691
23.4700579741
141.0
38.5113588017
36.876913509
24.3140192109
142.0
38.4331330999
36.8405161673
24.9108441738
143.0
38.348689554
36.8058849989
23.2180971716
144.0
38.2817955507
36.7518947408
23.902872016
145.0
38.2105972364
36.7079621308
24.4496174583
146.0
38.1326968439
36.6759667315
25.2073194252
147.0
38.0549481893
36.6507689567
25.8560241948
148.0
37.9723074284
36.6362792433
26.48611608
149.0
37.8875072209
36.6282672716
27.0502539331
150.0
37.8006467227
36.6270500247
27.3733196603
151.0
37.6324175569
36.638124084
27.6253749023
152.0
37.372116588
36.6629552356
27.8355470054
153.0
37.0418869646
36.8543980695
27.9799634824
39.0
36.6459822176
36.995586592
27.9318397109
154.0
36.49786296
37.015914599
27.7252294798
155.0
36.2337176041
37.0435965281
27.5764875778
156.0
35.9771981025
37.0692542643
27.4870737686
157.0
35.8045130849
37.0839964547
27.4351379391
158.0
35.2688861524
37.5587446553
28.4401434134
48.0
35.1279740688
37.6443992533
28.9311701315
159.0
34.9646397987
37.8666266566
29.6075974994
49.0
34.8951288798
37.9838800824
30.2604953457
50.0
34.8679468965
38.1331759434
31.7504545572
52.0
34.8217161541
38.1944161866
32.2414211556
53.0
34.8940901881
38.1696125428
33.9627335527
55.0
34.8716212976
38.2607302131
34.0287039313
160.0
34.7805259902
38.5158474158
34.1088905155
161.0
34.7511891996
38.60217983
34.5550112824
162.0
34.73202648
38.6901891181
35.2144491464
163.0
34.994174556
39.78228962
0.195045419167
164.0
34.9989985698
39.9710531618
0.226181762492
165.0
35.0041335478
40.1397772779
0.278236609646
166.0
35.0128050855
40.3075997969
0.297730012539
167.0
35.0222821326
40.4843825034
0.359117590388
168.0
35.0323845355
40.660139682
0.414136562471
169.0
35.0453555241
40.8353229135
0.436132349237
170.0
35.0425513911
41.1158008619
0.359903148967
171.0
35.046773746
41.2028455392
0.0109496451507
172.0
35.045876598
41.2821950677
35.9878912684
173.0
35.0459302
41.4422826811
35.9550444112
174.0
35.0464927589
41.6172314399
35.952933634
175.0
35.0448519816
41.8017180741
35.9546432641
176.0
35.0409928216
42.0272646463
0.0136306796609
177.0
35.0407464925
42.1639905922
0.4223770245
178.0
35.051016974
42.2483878925
0.903718668943
179.0
35.0591307105
42.1994488736
2.82767239323
78.0
35.0759222003
42.1802123052
4.14099361353
79.0
35.1323596914
42.2354787005
4.48079287773
180.0
35.1340426977
42.1783140943
5.46920056346
81.0
35.1421512415
42.1446069068
5.9881534425
82.0
35.2114177993
42.178729523
6.69501464835
181.0
36.2456400517
42.9698354177
10.386086774
182.0
36.326524887
42.9495393957
11.1878850429
183.0
36.4802882678
42.8795698506
11.5013214812
184.0
36.7600547816
42.757162106
11.3958750038
185.0
36.99854079
42.3105777186
10.8771922758
92.0
37.1717651399
42.0888106377
10.8120658428
186.0
37.5564827344
41.9731331399
10.7168191295
187.0
37.859133023
41.8891115977
10.6851067471
188.0
38.108619325
41.8138165491
10.6644828064
189.0
38.3560986049
41.7424718907
10.6161638035
190.0
38.6964848901
41.6461926012
10.9960382616
191.0
38.7780067848
41.6186512431
11.5301796668
192.0
38.1353104808
41.1108515981
14.7575291088
102.0
38.1021078397
40.9916418191
15.6695205188
103.0
38.1175307243
40.9351913382
16.152350916
193.0
38.1325923338
40.8735314354
16.7224651085
194.0
38.1509189086
40.7892986719
17.3751064701
195.0
38.1599262646
40.7037904739
18.2572605965
196.0
38.1549470661
40.6190018653
18.8326543161
197.0
38.0252311371
40.6775630585
20.1758873749
198.0
37.935483225
40.6965824461
21.4030291898
199.0
37.8640711638
40.7408528479
21.5906768919
200.0
37.8271046873
40.7465484581
22.4629627375
201.0
37.70765031
40.6304296025
22.6281478394
202.0
37.716320508
40.1167386722
22.8560309677
203.0
37.6611625996
40.0549998783
22.6678751837
204.0
37.5973467743
39.9969799513
22.6291330581
205.0
37.5351536477
39.9391429632
22.5979359088
206.0
36.9479772546
39.834650486
22.0947739534
207.0
36.8948369165
39.7769250284
21.867160827
208.0
36.7918124854
39.6470281357
21.7292921587
209.0
36.7392228684
39.5774032793
21.6924909721
210.0
39.617704907720565
41.45899659950811
27.233208485858317
211.0
39.54463698091118
41.26060649261553
27.29431492731792
212.0
39.46497941461117
41.02492830952937
27.317028619141862
213.0
39.38191845593805
40.76231054190468
27.363656233359652
214.0
39.314580875150305
40.53847405047969
27.388280079127302
215.0
39.260204092353916
40.3783411769862
27.4491340265244
216.0
39.19809572382168
40.217495117281445
27.46801474137936
217.0
39.13477577406144
40.05214522739178
27.476348200749168
218.0
39.104123048643814
39.969736089934905
26.69916866745153
219.0
39.08668275251177
39.8844289010453
26.387948930936037
220.0
39.05777379286299
39.71338011838781
26.21427587049855
221.0
39.03337567301048
39.53937143616884
26.09570319238991
222.0
39.01444499058441
39.371529130157214
26.00645080665655
223.0
39.000630966908695
39.19764530411212
25.892194081296992
224.0
38.991810735850486
39.021465930882144
25.78515408127397
225.0
38.982313181553174
38.842058033955055
25.66017601578232
226.0
38.9691987341549
38.58073169353563
25.42944245607504
227.0
38.96516018006217
38.31997660401094
25.95177619343561
228.0
38.959852177867326
38.23671148363874
26.474882797257283
229.0
38.946399439491
38.14667889535852
27.12417271439733
230.0
38.923349312450824
38.06567751276165
27.710160015469345
231.0
38.89518533402684
37.98605642547064
28.384291934591662
232.0
38.85557867115199
37.911754298199604
29.05323397159568
233.0
38.804084125438614
37.83925967513495
29.663321049714753
234.0
38.745321419690356
37.77710341686629
30.210879517662075
235.0
38.68429647576979
37.720385213670625
30.965974046699646
236.0
38.61354832003297
37.67444472390406
32.10277852821472
237.0
38.45469622294236
37.62654420845533
33.06892575071486
238.0
38.24631014570376
37.58390483935666
33.74176203123289
239.0
38.1590624767536
37.57839781083624
34.296609491986096
240.0
38.06900509350202
37.58113399812938
34.78888978482808
241.0
37.87687216329781
37.598342436380854
35.1238023270871
242.0
37.64892441577046
37.63032009779845
35.8377082294861
243.0
37.56970648125328
37.65275740635548
0.2614334320001035
244.0
37.41623237699746
37.70550479495074
0.4233229751688228
245.0
37.26049777598693
37.7647507383681
0.48515182579745186
246.0
37.09511392176143
37.82691899979734
0.5365141762555865
247.0
37.01162693815813
37.85824338007107
0.559700588730152
248.0
36.84710969677344
37.921486360765
0.6228789858800425
249.0
36.68515118365431
37.986744541813756
0.6632408332782163
250.0
36.52783038768859
38.053387329252715
0.7203560392451323
251.0
36.37175378174319
38.12394368399008
0.7550055734669527
252.0
36.21214180248348
38.191592971165186
0.74702113051395
253.0
35.84023094380199
38.34522125346276
1.5069435452123443
254.0
35.69222708198481
38.436333862592335
1.8016824246129843
255.0
35.62457387486529
38.48063220895579
1.888726339554644
256.0
35.55737373757273
38.52731419418094
1.9578436448178493
257.0
35.421133171659996
38.62353243643071
2.0748778187593047
258.0
35.3550519149554
38.673281542979836
2.115100891647508
259.0
35.28989573170533
38.72324131157142
2.1386804754955406
260.0
35.22225150123228
38.77551609463217
2.1623620683862725
261.0
35.15454556168401
38.82882113001256
2.1942076290525137
262.0
35.015310983382086
38.934050566797936
2.2167754786567997
263.0
34.87600649520583
39.041237843324254
2.2617357801914864
264.0
34.743382900399354
39.15294459122152
3.06938601217918
265.0
34.68448138874483
39.22008524065404
3.5356829300205064
266.0
34.63625633968189
39.29046221077803
3.993669763305327
267.0
34.59033747823754
39.36195157989715
4.617280428770279
268.0
34.555924167569415
39.439296944532906
5.010719063971855
269.0
34.52233267050438
39.515398791343394
5.831643953599482
270.0
34.505565852759474
39.59667375918209
6.59182084915043
271.0
34.498218298370006
39.67985814349715
7.278599083158298
272.0
34.49698067346271
39.761240694371914
7.988783143748045
273.0
34.50478130629737
39.843685045494205
8.550462740223391
274.0
34.5212961577018
39.92684412365909
8.666730388231496
275.0
34.53895638965933
40.00976248943081
8.78942297562943
276.0
34.55844127533385
40.09717888415379
9.054991054605235
277.0
34.58026707830968
40.184378928956626
9.739703530926553
278.0
34.61586733778058
40.26791541962391
10.172235850507569
279.0
34.694053899018094
40.42404755445335
10.424125535656156
280.0
34.85526460335512
40.692265847883796
10.669725062986778
281.0
35.04830845942807
40.981678875468646
10.86975418446752
282.0
35.15106959066363
41.1272348362031
11.415613095113576
283.0
35.20698819649775
41.19102884757407
11.816342274225908
284.0
35.387017625874584
41.37498610894498
11.125909570914175
285.0
35.43594513231568
41.44427576446709
10.833876388665427
286.0
35.57477318755983
41.647728473562836
10.781974316880556
287.0
35.757843825841256
41.932197582811476
10.743879813772569
288.0
35.899757076398586
42.14995216636713
10.757869540911983
289.0
36.04722182484757
42.366271098141766
10.794496394829938
290.0
36.09583377106739
42.43856765529801
11.06444689669614
291.0
36.25252164394899
42.626535843083886
11.331925720824488
292.0
39.938167397208645
39.93357193028388
16.059725457164106
184
37.60965805781275
41.136147921993185
12.410802770536506
184
38.82897045473584
40.43732558221964
14.670327198377938
184
36.87417036147411
41.505218173766494
11.757901648364985
185
36.51288622112854
41.73947178628261
11.314313743940291
293
36.586179090010255
41.72832321565286
11.28755247165148
294
36.709296118586124
41.68846927167468
11.326932290106635
295
36.810622867384055
41.66815602329502
11.328031686805794
296
36.93381980172696
41.63154705974927
11.395288685661102
297
37.04785313797907
41.56077384567413
11.807693740081989
298
37.08115664899854
41.55190327248606
12.06713698138151
299
37.65845234939685
41.16445279772812
14.012412326445281
101
38.03403383392828
40.47505651054795
16.545943085484335
105
38.059724292506864
40.42071202587392
17.171539242027336
300
38.069043405677256
40.34121040292918
17.715293377791337
301
38.073806296729195
40.25128201341762
18.167058785604407
302
38.032816211739394
40.566876419263565
18.666299727268544
108
37.97005328028373
40.49414109621196
20.452526823896612
111
37.90834546427482
40.57235439857169
20.77164119944577
303
37.82701313892377
40.42697219477267
20.91545852187842
304
37.74466574288023
40.268511372108314
21.00788672134024
305
37.7047014178856
40.191462203218286
21.045330379351576
306
37.62662650673168
40.045894948595894
21.0897208076707
307
37.54094769101109
39.90275096972762
21.1447290130402
308
37.44615747193356
39.75706974726768
21.187331034495163
309
36.059665992130185
38.942344007202884
21.452632564458305
209
35.93383344427366
38.813630560121155
21.23074843857337
310
35.84581349253296
38.67652697902442
21.2227342681108
311
35.8009340607611
38.603608749874404
21.245275894602024
312
35.755544511223285
38.528892823616204
21.233948882252378
313
35.66391023428718
38.37786775017529
21.235213055025937
314
35.617251040214974
38.30210241341693
21.243853110275957
315
35.57121206165862
38.22876878087784
21.219274072551123
316
35.52593719551905
38.15567786979473
21.214979336745017
317
35.47959882574423
38.08299931629138
21.216753023347938
318
35.431390849560465
38.010662755430694
21.187174691785962
319
35.38325034277375
37.93889369607245
21.169671141708733
320
35.33566097829729
37.86744204925892
21.143213275378727
321
35.28789249313793
37.7952232665224
21.108419117439148
322
35.24239777448194
37.72306442423751
21.049273628611495
323
35.199694811436686
37.65174661239491
21.009624656657156
324
35.119164515795156
37.50386748215855
20.91220124397752
325
35.08048978917071
37.42518108746629
21.396664533138214
326
35.03309222181347
37.34926351487176
21.899919067065177
327
34.98210425685513
37.27801498990999
22.29838072213728
328
36.808544333397165
37.526045936024055
21.59914617934102
17
36.98302479056948
37.49423186892698
22.05577872762383
329
37.078413269054124
37.45343684271891
22.75624351371863
330
37.949378306750795
37.66328691704128
23.362785236675876
21
38.76871691575896
37.34098527831193
25.319915085961128
331
38.70280312146865
37.31279265156852
25.917857876638614
332
38.53810825280024
37.28789198746501
26.209671693201877
333
38.36494157931849
37.271918321056226
26.396001299163327
334
38.1017978377909
37.2489522352751
26.641034312961985
335
37.86519658632207
37.094594444621784
27.116468845885393
336
37.69989819520632
37.0948619362263
27.246198142678196
337
37.61489497641917
37.10057949817697
27.600296618836413
338
36.963586910279865
37.042351428312806
27.579890031780717
36
36.84078800004635
37.03562499384828
27.863187759357867
37
36.7630793018977
37.04841425119906
27.923232139979717
339
36.726856201558725
37.04962495016844
28.008263297649442
41
36.3077554541843
37.04033014239153
28.061849194706905
42
35.366866717098404
37.46414441097282
27.48609886330336
47
35.458762039037225
37.807713025428484
27.765909520865126
340
35.28824866421325
37.83350746119294
27.73655392837109
341
35.19922520301514
37.844476616852596
27.428063141549206
342
35.02515641589555
37.84996048791174
27.283903457710103
343
34.8560062442857
37.85823205126005
27.20957603379255
344
34.689428847509355
37.863455433854135
27.15013510195066
345
34.5156351052829
37.86324638308524
27.09874282442167
346
34.334253002936585
37.86343782115966
27.05537729999902
347
34.14893294427174
37.866967115100714
26.969523513489158
348
33.9725465569612
37.870456398252365
26.894415238023786
349
33.80638951649681
37.86883878340295
26.805471817125348
350
33.63752589793723
37.86100092508602
26.73707539434828
351
33.459773662937735
37.84854621515133
26.679851928578493
352
33.286909379339164
37.838770447256316
26.653672313408702
353
33.129977243413414
37.82758654071283
26.657227245631482
354
32.96010409405043
37.81679721268615
26.713054786438683
355
36.06203534898432
37.90694386664694
25.901994213901894
227
37.13267187719488
37.920247653241624
25.746542042872687
227
37.54656160819172
37.937605987546824
26.196078709261215
229
37.77901605360944
37.95489783709088
26.53340926496069
230
37.807293515300934
37.97647885239196
27.383134314737795
231
37.8154775781263
37.99238767305996
28.1141436696297
232
37.812192227613856
38.022215183854826
29.26634907816048
234
37.83693116258158
37.20729397873678
31.44554006921937
237
37.86759157403783
37.23978178052904
33.33826801521862
240
37.100361191679525
37.20073664619818
35.47868432033405
244
37.02485085023383
37.28470891141469
35.3845272466931
356
37.00687590233287
37.30843379863586
35.81761354922288
357
37.001558444676135
37.47033227542078
35.90945198921527
358
36.99963523913256
37.6545774836261
35.94197131096024
359
36.99841499885242
37.84312028916035
35.99675903060069
360
36.99867292307251
38.01902512304906
0.04312132657809964
361
37.00040059435512
38.1825346034159
0.08410253423210512
362
37.003391857279254
38.34651115878608
0.10060897874031793
363
37.00635795209612
38.52015733007144
0.13265274534845184
364
37.00803519433737
38.61264892334921
0.17174530267263188
365
37.014568184336504
38.79800825373076
0.19818941837268444
366
37.02016320380281
38.974564897145335
0.2817171934671263
367
37.027376938883556
39.14570215205875
0.3339140292831624
368
37.03291824974174
39.2304376761849
0.4031984954288317
369
37.045621700218234
39.405682396167066
0.48278236679348097
370
37.05994758496548
39.581196227118866
1.2493899880861417
371
37.082436998646344
39.66955973518472
1.669875996205028
372
37.107348043451196
39.75682581281696
1.9535136451586346
373
37.13641701232502
39.84289403002118
2.817691265362842
374
37.17511950641638
39.918995398025125
3.4126914577488847
375
37.22429883247676
39.98606068859302
4.124447664342241
376
37.27855786848697
40.045610063090706
4.98977366017949
377
37.34147062930214
40.09752478478641
5.672601866664396
378
37.415528751724004
40.141537783381594
6.359004220826081
379
37.49501978352545
40.17581316164914
7.056530719857193
380
37.66333138233717
40.23335790347038
7.436857297457545
381
36.16329204270281
39.736785360441495
7.770806162641181
273
36.04278813472924
39.693203383353406
7.893239906837728
382
35.993799322008904
39.67282985551767
7.9097587202012924
383
35.96610077253892
39.65915270728857
8.609581241717343
384
35.95784620672549
39.63897439062377
8.986339441262366
385
35.95176175714537
39.59699624213398
9.01493742018389
386
35.94294610632691
39.57461019700257
9.234638114773762
387
34.18993197995742
39.955262510746465
10.164487626583416
281
34.238515649288395
40.444805015450704
10.172826409109994
282
34.547510225022535
40.65225750654238
10.288990307469682
388
35.18289281488541
40.93447558478064
9.89326010005608
287
35.226777599942274
40.95343478195921
9.927600239480052
288
35.28325780471147
41.44925485344612
9.98752196405776
289
35.214407228368756
41.83807642938521
9.993755767386348
290
35.740143729671715
41.92317383376838
10.005579973994271
291
36.13764725197893
41.91845059140694
10.003488220302604
389
36.27506954349455
41.91112765040812
11.31314564999535
184
36.33014122827253
41.88078621874842
11.578157608987372
390
36.26860012804087
41.88776882406398
10.960533620446158
185
36.75597251410352
41.905784006229595
10.91626705839746
93
37.162819030522094
41.400444978457536
9.940355867557269
187
37.2382139788542
41.335017527236154
9.644948903312516
391
37.654503927247234
41.29553348012457
9.475263819857776
392
37.98403283532561
41.27326811899587
9.392464174818025
393
38.30809222756024
41.25597022977121
9.418365850806355
394
38.194523031267416
40.99528079928838
10.787949933649001
192
38.26798262509034
40.966753607877784
11.578578380877122
395
37.740667774988836
40.90939131657445
12.48109347953643
396
38.06505840600691
40.847491234463114
16.464741879523995
104
38.04369628153743
40.83344991767114
17.558645980945414
106
38.023915839753734
40.82118039363925
18.376605784531847
107
38.01512860942819
40.74023990692614
19.263353329042808
397
37.96783474451391
40.72618603469941
20.271899162597954
398
37.91494870876199
40.71397731894654
20.615047745251324
399
37.83945357150581
40.56808638809609
20.92968332375876
400
37.75209373071024
40.415088194783216
21.116147227861937
401
37.70873094897976
40.33787410501351
21.210511477337747
402
37.621104800787734
40.191253511753104
21.3464561677201
403
37.526426533345656
40.04767989413066
21.420434404268125
404
37.428097998461425
39.91052483336095
21.44914735830995
405
37.37884183487294
39.841947699134245
21.47522778985912
406
37.025217875716386
39.76655508569026
21.812217464505736
407
36.8373112903916
39.77338961073007
22.003412223223037
408
-
474
0.0
