0
30.0
30.0
17.348589144877977
1.5
0.000000000000000000e+00 
1
29.92657485044851
29.098960084507567
18.148589144877977
1.5
1.000000000000000000e+00 5.900000000000000000e+01 4.180000000000000000e+02 
2
29.740498696872184
27.730257716103832
18.413231785516224
1.5
2.000000000000000000e+00 6.000000000000000000e+01 
3
29.4788072613307
25.848889271949204
18.380995476321537
1.5
3.000000000000000000e+00 6.100000000000000000e+01 
4
29.24138901661497
24.02608943695051
18.40403804582933
1.5
4.000000000000000000e+00 8.400000000000000000e+01 
5
29.083518304880396
22.887072626763036
18.27060788773337
1.5
5.000000000000000000e+00 8.220000000000000000e+02 
6
28.946330118260736
21.77121021402221
17.357914067519925
1.5
6.000000000000000000e+00 6.400000000000000000e+01 
7
28.997856963934225
20.724798733387924
16.157969245072586
1.5
7.000000000000000000e+00 8.600000000000000000e+01 8.190000000000000000e+02 
8
29.602516152640867
18.860090114194247
15.279476939379204
1.5
8.000000000000000000e+00 6.600000000000000000e+01 8.180000000000000000e+02 
9
30.32784562609982
16.944594492445443
15.273402694159785
1.5
9.000000000000000000e+00 6.700000000000000000e+01 
10
31.045271590738714
15.06961434903517
15.2331503568258
1.5
1.000000000000000000e+01 1.020000000000000000e+02 2.190000000000000000e+02 4.240000000000000000e+02 
11
31.43954340220676
14.066040412406242
14.344785984105494
1.5
1.100000000000000000e+01 1.030000000000000000e+02 2.180000000000000000e+02 8.160000000000000000e+02 
12
31.940668735912368
13.216329319745945
13.911693860585084
1.5
1.200000000000000000e+01 2.170000000000000000e+02 
13
32.49172158499014
12.420728002451863
13.242491390256276
1.5
1.300000000000000000e+01 
14
33.16009909307256
11.687917416735
13.131968206596518
1.5
1.400000000000000000e+01 
15
33.94018915034653
10.878820371802025
12.873202441098558
1.5
1.500000000000000000e+01 
16
35.500439319275586
9.38927978538164
12.24381781592204
1.5
1.600000000000000000e+01 
17
36.08412329068377
8.998179690835622
12.339975546833136
1.5
1.700000000000000000e+01 
18
36.90659806342342
8.381820913681436
12.35346719947284
1.5
1.800000000000000000e+01 
19
37.83823678868371
7.6853354935366625
12.164808347353002
1.5
1.900000000000000000e+01 
20
39.62561531222839
6.4570738456069865
12.184310076245293
1.5
2.000000000000000000e+01 
21
40.47615976752125
5.886332944518232
11.901770795214624
1.5
2.100000000000000000e+01 
22
42.43587340426503
4.779994458978204
11.461524732580259
1.5
2.200000000000000000e+01 
23
44.34742110544645
3.8914589111125952
10.791973729231373
1.5
2.300000000000000000e+01 
24
46.41815317025376
3.1747963224711473
10.5610239835683
1.5
2.400000000000000000e+01 
25
48.5142119009295
2.6127200631710368
10.145867757345068
1.5
2.500000000000000000e+01 
26
50.59274832704012
2.183557083180088
10.077165128687495
1.5
2.600000000000000000e+01 
27
51.678452087197925
1.9869113796628133
9.392119920931373
1.5
2.700000000000000000e+01 
28
53.817702174770076
1.9538456619383524
8.112902675775011
1.5
2.800000000000000000e+01 
29
55.860813249464364
2.3489373565581055
7.161622010612271
1.5
2.900000000000000000e+01 
30
56.81124891216587
2.6004787562564764
6.951015324770891
1.5
3.000000000000000000e+01 
31
57.862006996093115
2.879806780177259
6.457652074234229
1.5
3.100000000000000000e+01 
32
59.85912320964493
3.8852326516175424
5.2246275356064595
1.5
3.200000000000000000e+01 
33
62.38485915947578
5.6450894535319955
4.523241152906523
1.5
3.300000000000000000e+01 
34
63.24791311561477
6.450920440428704
4.047596156598413
1.5
3.400000000000000000e+01 
35
63.99929228054454
7.190196330004788
3.3010229300881955
1.5
3.500000000000000000e+01 
36
64.59865830075003
7.986834268192888
2.5217465299779445
1.5
3.600000000000000000e+01 
37
65.45798063955571
11.180093203127779
0.6397263300061979
1.5
3.700000000000000000e+01 
38
65.69425245200246
15.019709003108964
0.0988534178085092
1.5
3.800000000000000000e+01 2.750000000000000000e+02 
39
65.59267753637707
17.37087029262006
33.586357236554726
1.5
3.900000000000000000e+01 2.720000000000000000e+02 2.730000000000000000e+02 2.740000000000000000e+02 3.880000000000000000e+02 3.890000000000000000e+02 
40
63.86160260598754
21.395912977830697
31.756848060904673
1.5
4.000000000000000000e+01 4.100000000000000000e+01 3.900000000000000000e+02 
41
60.32048865455895
25.50631643507601
30.5945582185619
1.5
4.200000000000000000e+01 2.640000000000000000e+02 2.650000000000000000e+02 3.920000000000000000e+02 
42
57.8604229833865
27.878385954931545
29.753149445432694
1.5
4.300000000000000000e+01 4.400000000000000000e+01 2.580000000000000000e+02 3.990000000000000000e+02 8.470000000000000000e+02 
43
50.922277927076436
31.35914430738827
27.95073394725398
1.5
4.500000000000000000e+01 4.600000000000000000e+01 2.510000000000000000e+02 2.520000000000000000e+02 2.530000000000000000e+02 2.540000000000000000e+02 2.550000000000000000e+02 2.560000000000000000e+02 2.570000000000000000e+02 4.000000000000000000e+02 4.010000000000000000e+02 4.030000000000000000e+02 8.370000000000000000e+02 8.390000000000000000e+02 
44
44.7419982730706
32.47124992617273
27.26029812656319
1.5
4.700000000000000000e+01 
45
43.52442233611091
32.60282534175259
27.062752264827267
1.5
4.800000000000000000e+01 2.500000000000000000e+02 4.040000000000000000e+02 8.350000000000000000e+02 8.360000000000000000e+02 
46
41.695997619174484
32.80847326006737
26.752325515454075
1.5
4.900000000000000000e+01 7.800000000000000000e+01 
47
40.99297254594798
32.84515862990477
25.92667231962683
1.5
5.000000000000000000e+01 9.900000000000000000e+01 4.080000000000000000e+02 
48
37.8982593499076
32.11737704254584
24.183998243448542
1.5
5.100000000000000000e+01 7.900000000000000000e+01 2.440000000000000000e+02 2.450000000000000000e+02 2.460000000000000000e+02 
49
35.19604373744881
31.11120596304874
23.47380468837345
1.5
5.200000000000000000e+01 8.000000000000000000e+01 4.110000000000000000e+02 8.270000000000000000e+02 8.280000000000000000e+02 
50
31.04035808567155
28.57456605091007
22.894108765942015
1.5
5.300000000000000000e+01 4.120000000000000000e+02 
51
30.143272568179917
27.98796589187217
22.60474773573808
1.5
5.400000000000000000e+01 2.370000000000000000e+02 4.130000000000000000e+02 
52
28.528348704529375
26.588937794656076
21.07960429126365
1.5
5.500000000000000000e+01 8.260000000000000000e+02 
53
26.889091824689746
23.724061218804483
19.777837579337547
1.5
5.600000000000000000e+01 2.310000000000000000e+02 8.240000000000000000e+02 8.250000000000000000e+02 
54
26.48511414423107
22.713164747001912
19.657818333607405
1.5
5.700000000000000000e+01 2.300000000000000000e+02 
55
26.12833783630273
21.710904970073564
18.605796065504727
1.5
5.800000000000000000e+01 
56
26.444339076005143
17.45475521812765
15.302929101003262
1.5
6.200000000000000000e+01 4.200000000000000000e+02 
57
27.4103041229252
15.76320313794405
14.247727027978325
1.5
6.300000000000000000e+01 4.210000000000000000e+02 
58
29.150777060358877
12.97798293799083
14.231189544440944
1.5
6.500000000000000000e+01 
59
33.65604966059057
10.889236933219381
12.700506487987974
1.5
6.800000000000000000e+01 
60
34.482290485365844
10.001878632847252
12.063402046356817
1.5
6.900000000000000000e+01 
61
35.22828818033509
9.663636864036693
11.767591359850806
1.5
7.000000000000000000e+01 
62
36.221428725489524
8.87193382294036
11.659537940414012
1.5
7.100000000000000000e+01 
63
44.28701140627666
3.509618401878088
11.244530639248406
1.5
7.200000000000000000e+01 
64
47.05800813306608
2.362266193982189
9.863446782843557
1.5
7.300000000000000000e+01 
65
48.10195807296584
2.1859563123494805
9.193413355234911
1.5
7.400000000000000000e+01 
66
53.35609503598597
1.965893672221001
8.927239122675031
1.5
7.500000000000000000e+01 
67
60.32225066687029
4.0927900513684605
4.948976360153504
1.5
7.600000000000000000e+01 
68
62.032629311776404
5.541905733533845
3.8259767922930727
1.5
7.700000000000000000e+01 
69
26.252001171242025
21.44089738599772
18.444691165460224
1.5
8.100000000000000000e+01 
70
26.074226845156755
19.35835509791944
16.649117659002894
1.5
8.200000000000000000e+01 
71
26.36806960420096
17.336861645193604
16.608879011296764
1.5
8.300000000000000000e+01 
72
26.97100965715869
14.745721564120956
14.897412764371678
1.5
8.500000000000000000e+01 
73
31.688554600552145
12.937290578892027
13.295371128142042
1.5
8.700000000000000000e+01 
74
33.353245935611255
11.458347708612063
12.163817488818777
1.5
8.800000000000000000e+01 
75
34.384026158122836
10.423783388205697
12.236303476963487
1.5
8.900000000000000000e+01 
76
35.391666291376595
9.463958175742823
12.043838257330572
1.5
9.000000000000000000e+01 
77
37.29737768173095
8.137071205772953
11.92537408972946
1.5
9.100000000000000000e+01 
78
37.845183646689975
7.516017963035232
11.92841013141595
1.5
9.200000000000000000e+01 
79
38.77985491102719
6.7753757499676235
11.74780263912359
1.5
9.300000000000000000e+01 8.100000000000000000e+02 
80
39.89298975259809
5.699689732493982
10.807781237966687
1.5
9.400000000000000000e+01 2.100000000000000000e+02 
81
42.294733691810656
4.64477184417956
10.831395657531319
1.5
9.500000000000000000e+01 
82
45.64960357547582
3.0610161660300657
10.275035683441978
1.5
9.600000000000000000e+01 
83
51.909534145453364
2.247658577743667
8.761352681755154
1.5
9.700000000000000000e+01 
84
53.93452655318521
1.9819845482041027
8.144511318115947
1.5
9.800000000000000000e+01 
85
26.115818057778867
21.86759587889034
18.891918936763446
1.5
1.000000000000000000e+02 
86
26.286907835620557
16.303409337763657
15.467263299893105
1.5
1.010000000000000000e+02 
87
33.50294062991354
10.898011971296667
12.437084002704756
1.5
1.040000000000000000e+02 
88
35.12008053186699
7.1147486072645005
11.929966925073211
1.5
1.050000000000000000e+02 
89
36.12887395668513
6.37162040361967
11.713593317221825
1.5
1.060000000000000000e+02 
90
36.155010221937644
8.411334635042001
11.426564352002382
1.5
1.070000000000000000e+02 
91
37.90101444528786
5.712467869610805
10.835206244828614
1.5
1.080000000000000000e+02 
92
58.76006135438547
3.29643728796436
6.457419336823072
1.5
1.090000000000000000e+02 
93
60.63555794006423
4.028159723687793
6.52927476468181
1.5
1.100000000000000000e+02 
94
62.32424488341621
4.684043498405361
6.403353811267133
1.5
1.110000000000000000e+02 
95
63.870307786619435
5.2973914715419985
6.3526182719923945
1.5
1.120000000000000000e+02 
96
64.53405048049414
5.561146931279227
6.388572672304661
1.5
1.130000000000000000e+02 
97
65.72217931164492
6.046580623111032
6.60875694288978
1.5
1.140000000000000000e+02 
98
66.03908278797
6.146991494369214
7.607802953602167
1.5
1.150000000000000000e+02 
99
66.57735365676184
6.2484207397330325
8.066865856870969
1.5
1.160000000000000000e+02 
100
67.21324895351103
6.3056649236873135
9.734625942517981
1.5
1.170000000000000000e+02 
101
68.31988573270044
6.08451397599946
10.518908871128124
1.5
1.180000000000000000e+02 8.550000000000000000e+02 
102
69.05834826024464
5.8513157118850065
10.777975003689216
1.5
1.190000000000000000e+02 1.930000000000000000e+02 2.890000000000000000e+02 3.740000000000000000e+02 
103
69.97250074034613
5.52377346898791
11.667973040081591
1.5
1.200000000000000000e+02 1.900000000000000000e+02 1.920000000000000000e+02 3.730000000000000000e+02 7.770000000000000000e+02 
104
70.7917379540562
5.093051751005289
11.646417142692103
1.5
1.210000000000000000e+02 1.910000000000000000e+02 2.910000000000000000e+02 3.710000000000000000e+02 7.790000000000000000e+02 
105
73.4217660925266
3.6856138993893515
11.622058013262501
1.5
1.220000000000000000e+02 
106
74.42888544328879
3.1407828785406933
11.65834907421935
1.5
1.230000000000000000e+02 
107
75.35211453791834
2.6284953600044703
11.134104136546739
1.5
1.240000000000000000e+02 
108
76.2342371998287
2.255383185481029
10.483326319880382
1.5
1.250000000000000000e+02 
109
77.1824239207482
1.9803733798032077
10.060552674641327
1.5
1.260000000000000000e+02 
110
78.28279093401244
1.7470086522740118
9.916670406916571
1.5
1.270000000000000000e+02 
111
79.40277940276876
1.5571137240783592
9.87735386013081
1.5
1.280000000000000000e+02 
112
1.423176301911346
1.157696353952812
9.801992011313864
1.5
1.290000000000000000e+02 
113
1.708419043606023
1.0424233827076432
9.814705659250443
1.5
1.300000000000000000e+02 
114
2.799859564475878
0.8564581969089362
9.80790955717906
1.5
1.310000000000000000e+02 
115
3.935839504687383
0.6761239721491465
9.751329503812872
1.5
1.320000000000000000e+02 
116
4.9796103903617635
0.5377780485870118
9.535774129097575
1.5
1.330000000000000000e+02 
117
5.971399424057804
0.4542523559367506
9.427885389674154
1.5
1.340000000000000000e+02 
118
7.031156258734232
0.34094318620984154
8.837313947776442
1.5
1.350000000000000000e+02 
119
8.117223366265383
0.41160571309680916
8.353239702804348
1.5
1.360000000000000000e+02 
120
9.103048068139017
0.5119110107568952
8.327118473511247
1.5
1.370000000000000000e+02 
121
10.056942806357636
0.599194173587474
8.223592022944699
1.5
1.380000000000000000e+02 
122
11.116506617235308
0.7053085120121421
8.236381116773073
1.5
1.390000000000000000e+02 
123
12.336686953122976
0.8230843147196318
8.226694906614727
1.5
1.400000000000000000e+02 
124
13.451832910910642
0.9282054811584106
8.274610782665738
1.5
1.410000000000000000e+02 
125
14.432297607379445
1.003190403403424
8.278906039771632
1.5
1.420000000000000000e+02 
126
16.424007421811265
1.2037780957238242
8.433684405141298
1.5
1.430000000000000000e+02 
127
17.503752710429413
1.200140343489466
9.254200282742058
1.5
1.440000000000000000e+02 1.450000000000000000e+02 
128
22.72160744950622
0.16542201893295116
10.022356950332576
1.5
1.460000000000000000e+02 1.470000000000000000e+02 
129
27.93080884924064
79.11157174561563
10.037377582565579
1.5
1.480000000000000000e+02 1.490000000000000000e+02 
130
34.09744140350966
78.0525071212287
9.912781370698315
1.5
1.500000000000000000e+02 3.160000000000000000e+02 
131
37.772712881553716
77.01314447043413
10.96497526874236
1.5
1.510000000000000000e+02 
132
38.837957116396055
76.85212913434486
11.538635109383868
1.5
1.520000000000000000e+02 
133
39.588673327442244
76.38060821485419
13.295506081374224
1.5
1.530000000000000000e+02 
134
40.66244099101658
74.75790146316398
15.93121828880123
1.5
1.540000000000000000e+02 3.170000000000000000e+02 
135
41.16495962000202
72.7844047524708
16.54596700159714
1.5
1.550000000000000000e+02 
136
41.2565227321559
70.85132140100848
17.81932398606197
1.5
1.560000000000000000e+02 
137
41.20416774761446
69.76315249455195
18.54020641961109
1.5
1.570000000000000000e+02 3.210000000000000000e+02 
138
41.033327893088334
68.83371100835078
20.896515923406184
1.5
1.580000000000000000e+02 3.220000000000000000e+02 
139
39.99761787763149
67.56986022329913
22.33003180043332
1.5
1.590000000000000000e+02 
140
39.23935139312321
66.92635687731763
23.26001686605162
1.5
1.600000000000000000e+02 
141
37.395154842703036
66.3299894260742
26.34021628945547
1.5
1.610000000000000000e+02 1.620000000000000000e+02 
142
32.43360587342692
67.00801864520287
27.301616151607558
1.5
1.630000000000000000e+02 
143
30.409652199584794
67.33117770061462
27.274998846196905
1.5
1.640000000000000000e+02 1.650000000000000000e+02 
144
25.343601013067207
68.84004943819886
27.860183318410133
1.5
1.660000000000000000e+02 1.670000000000000000e+02 
145
20.218790635522502
70.09013585429749
27.761694767784373
1.5
1.680000000000000000e+02 
146
18.270885806186403
70.64468847961854
28.359143406929654
1.5
1.690000000000000000e+02 
147
16.143294492357743
71.39248375479865
28.215969352123718
1.5
1.700000000000000000e+02 
148
15.160130986979027
71.71553152515416
28.02668782114319
1.5
1.710000000000000000e+02 
149
14.224332240487659
71.98215158065526
28.046761569211508
1.5
1.720000000000000000e+02 
150
13.186217237569926
72.27615062531574
27.284659515008293
1.5
1.730000000000000000e+02 
151
12.070514272355606
72.42619841527095
27.169766064385634
1.5
1.740000000000000000e+02 
152
10.966422457155893
72.56207540893207
27.216310044496414
1.5
1.750000000000000000e+02 
153
9.897523161078134
72.6889516854351
27.179823760624036
1.5
1.760000000000000000e+02 
154
8.872268601749322
72.86519496077953
27.09831514847715
1.5
1.770000000000000000e+02 
155
7.8153037785555295
72.98501399182818
26.63378094922838
1.5
1.780000000000000000e+02 
156
6.704615371814162
72.92799382796258
26.48319755253262
1.5
1.790000000000000000e+02 
157
5.621584828582324
73.10791725530521
26.51565213532363
1.5
1.800000000000000000e+02 
158
4.601023913296267
73.05966143602394
26.445609095718048
1.5
1.810000000000000000e+02 7.680000000000000000e+02 
159
3.607846965661282
72.95548309275823
26.45593961899704
1.5
1.820000000000000000e+02 
160
1.4121204744567266
72.95065066275635
26.38351839692474
1.5
1.830000000000000000e+02 
161
1.1482671370065436
72.91864537520564
26.33308555298845
1.5
1.840000000000000000e+02 
162
79.99720536259315
72.92476794971036
26.399617742486395
1.5
1.850000000000000000e+02 
163
78.90335293979393
73.12523283313026
26.383112509801546
1.5
1.860000000000000000e+02 
164
77.78353502934587
73.12683572799175
26.39661839008584
1.5
1.870000000000000000e+02 
165
76.70814400898388
73.13033909106998
26.205979070251203
1.5
1.880000000000000000e+02 
166
75.70488442335244
73.11335607067488
25.972969390751647
1.5
1.890000000000000000e+02 
167
69.74921048652148
72.31172801714422
25.310782523012623
1.5
1.940000000000000000e+02 
168
68.67157804010553
72.15194666220098
25.19038784235904
1.5
1.950000000000000000e+02 
169
67.6044161876392
71.97673204511504
24.264880347955398
1.5
1.960000000000000000e+02 
170
66.77301733051343
71.604613235227
23.185213145455215
1.5
1.970000000000000000e+02 
171
65.9779973784008
71.20237201566029
22.385875082011538
1.5
1.980000000000000000e+02 
172
64.55608956641791
70.05751636830244
20.44117664307799
1.5
1.990000000000000000e+02 
173
56.85946605157264
1.6997028419232971
22.830979508389273
1.5
2.000000000000000000e+02 2.010000000000000000e+02 2.020000000000000000e+02 
174
52.04376565133326
79.23359383839006
23.982543387181373
1.5
2.030000000000000000e+02 
175
49.738566762299435
79.74759623146383
25.86886338538033
1.5
2.040000000000000000e+02 
176
48.631606275573304
79.54775810308635
25.893642786679877
1.5
2.050000000000000000e+02 
177
44.018572222108105
1.2893531119496662
26.639973172958953
1.5
2.060000000000000000e+02 
178
42.967767282162484
1.5220752582523578
26.77177229148538
1.5
2.070000000000000000e+02 
179
40.85729798238156
2.8749371559831665
28.36694525517671
1.5
2.080000000000000000e+02 
180
38.861615890357704
4.067737815662738
27.778026253855465
1.5
2.090000000000000000e+02 
181
36.60837976116848
5.10515639098113
27.742995719253614
1.5
2.110000000000000000e+02 
182
34.498362540122514
5.993247041127267
28.339364475355094
1.5
2.120000000000000000e+02 
183
33.57953978899072
6.405878430607248
28.325659072522654
1.5
2.130000000000000000e+02 
184
32.6304215018063
6.829454466795392
28.315018650639498
1.5
2.140000000000000000e+02 
185
31.666708740007657
7.167162269390316
28.357736628132518
1.5
2.150000000000000000e+02 
186
30.673784115132204
7.5070767435242125
28.276413115678487
1.5
2.160000000000000000e+02 
187
26.75008425036696
8.937249618496569
29.376138599212585
1.5
2.200000000000000000e+02 2.210000000000000000e+02 4.230000000000000000e+02 
188
24.81010398831004
9.76012413662144
29.24169235067715
1.5
2.220000000000000000e+02 
189
27.267367331146794
22.726627673181476
33.520405131917705
1.5
2.230000000000000000e+02 
190
27.011528942627407
23.825163580147688
33.5625190834065
1.5
2.240000000000000000e+02 
191
26.75233312254396
24.915327716746148
34.62448459266632
1.5
2.250000000000000000e+02 
192
26.722335158722117
25.876379626947458
0.27939725639505686
1.5
2.260000000000000000e+02 
193
26.794194955211722
26.884375346067287
0.3094379888192931
1.5
2.270000000000000000e+02 
194
26.86328749602514
27.99589061580249
0.46629229368945624
1.5
2.280000000000000000e+02 
195
26.949338590390727
29.025805562224743
1.2298960010503284
1.5
2.290000000000000000e+02 
196
27.874732406824233
31.98895169686739
3.5001657672599453
1.5
2.320000000000000000e+02 2.330000000000000000e+02 2.340000000000000000e+02 
197
30.392359192091714
35.59412965131185
3.63113479586866
1.5
2.350000000000000000e+02 2.360000000000000000e+02 
198
32.14720633134003
37.80440130563049
4.582754300682791
1.5
2.380000000000000000e+02 2.390000000000000000e+02 
199
33.67335022063186
39.15743130339853
4.912332717606912
1.5
2.400000000000000000e+02 2.410000000000000000e+02 2.420000000000000000e+02 2.430000000000000000e+02 
200
41.94469786527208
33.37527553042035
7.529433718288514
1.5
2.470000000000000000e+02 2.480000000000000000e+02 2.490000000000000000e+02 4.050000000000000000e+02 4.060000000000000000e+02 4.070000000000000000e+02 
201
55.61127113351798
43.31030666844202
8.934774807754435
1.5
2.590000000000000000e+02 2.600000000000000000e+02 2.610000000000000000e+02 2.620000000000000000e+02 3.970000000000000000e+02 8.380000000000000000e+02 8.400000000000000000e+02 8.410000000000000000e+02 8.420000000000000000e+02 8.430000000000000000e+02 8.440000000000000000e+02 8.450000000000000000e+02 8.460000000000000000e+02 8.480000000000000000e+02 
202
59.84072423534519
43.184375076364375
8.899091295863794
1.5
2.630000000000000000e+02 2.660000000000000000e+02 3.930000000000000000e+02 
203
63.93636042642508
42.44295881102556
10.529192738611446
1.5
2.670000000000000000e+02 2.680000000000000000e+02 3.910000000000000000e+02 
204
65.82625643617655
41.876470519091356
10.643646449541551
1.5
2.690000000000000000e+02 2.700000000000000000e+02 2.710000000000000000e+02 
205
73.11150490969723
38.59224071370148
11.915316353655003
1.5
2.760000000000000000e+02 2.770000000000000000e+02 
206
74.47389933660952
37.41772493351019
13.170556667175498
1.5
2.780000000000000000e+02 2.790000000000000000e+02 2.800000000000000000e+02 8.500000000000000000e+02 
207
77.11511877279418
35.3146815457774
12.018985827485189
1.5
2.810000000000000000e+02 
208
77.90546397982594
34.82413434186599
11.397598613500117
1.5
2.820000000000000000e+02 
209
78.88334994639668
34.35397605794258
10.596916235086706
1.5
2.830000000000000000e+02 
210
79.94119365530713
34.02639934601909
10.38041380884481
1.5
2.840000000000000000e+02 
211
0.7692676868436128
33.80765907330332
9.86476925964601
1.5
2.850000000000000000e+02 
212
1.4791906779549033
33.687623117200715
8.688136433155531
1.5
2.860000000000000000e+02 
213
2.3510190201367354
33.69348751911799
8.00307811825097
1.5
2.870000000000000000e+02 
214
3.2307670468240275
33.820381368718564
7.792147282864267
1.5
2.880000000000000000e+02 
215
5.092729358620273
34.18756276006463
6.710785536966201
1.5
2.900000000000000000e+02 3.700000000000000000e+02 7.800000000000000000e+02 8.570000000000000000e+02 
216
8.64733287059877
35.87736138359819
5.489854180968409
1.5
2.920000000000000000e+02 3.720000000000000000e+02 4.520000000000000000e+02 7.780000000000000000e+02 8.560000000000000000e+02 
217
74.27695393552666
1.7352002811367324
10.386523661388896
1.5
2.930000000000000000e+02 4.530000000000000000e+02 
218
10.409813046317621
36.89283881049104
5.609428155122173
1.5
2.940000000000000000e+02 
219
11.301085544961724
37.44144785066256
5.434366280499106
1.5
2.950000000000000000e+02 
220
12.176666700827825
38.00963463270848
4.763899556830174
1.5
2.960000000000000000e+02 
221
12.947613106293334
38.64600569040713
4.311906286733547
1.5
2.970000000000000000e+02 
222
14.403925738641217
40.10766476360486
4.336731771286482
1.5
2.980000000000000000e+02 
223
15.014124322337072
40.73413068992993
4.325663446569409
1.5
2.990000000000000000e+02 
224
15.813752182693065
41.528560509333424
4.3040890442385775
1.5
3.000000000000000000e+02 
225
5.989296111675674
79.81595608202828
8.989974190889077
1.5
3.010000000000000000e+02 
226
7.017456296788458
79.87230387064862
8.94246463625695
1.5
3.020000000000000000e+02 
227
8.040150253780611
79.95043729562074
8.961784609900763
1.5
3.030000000000000000e+02 
228
9.137243789633168
0.0182120316478096
8.945810394851359
1.5
3.040000000000000000e+02 
229
10.254886931920343
0.0649831301681294
8.6821146417397
1.5
3.050000000000000000e+02 
230
10.913951659202048
0.13464354536455359
8.700292448117182
1.5
3.060000000000000000e+02 
231
11.281324268613552
0.17441761818776969
8.61768211302668
1.5
3.070000000000000000e+02 
232
13.331468066377173
0.21979911345498815
8.677026752225581
1.5
3.080000000000000000e+02 
233
14.3065232733944
0.23133125115354103
8.615158154483158
1.5
3.090000000000000000e+02 
234
15.880990300395855
0.25730466186878376
8.536575985943646
1.5
3.100000000000000000e+02 
235
18.714213436852415
0.4682212182791903
8.00613904288754
1.5
3.110000000000000000e+02 3.120000000000000000e+02 
236
24.436170655034292
1.064078806489967
8.052160633217841
1.5
3.130000000000000000e+02 
237
29.733223588859474
1.4501811464370817
9.507943632804976
1.5
3.140000000000000000e+02 3.150000000000000000e+02 
238
41.559743443349355
73.89544600117452
16.66960156671873
1.5
3.180000000000000000e+02 
239
41.54767627128468
70.96960480740199
21.287456561897017
1.5
3.190000000000000000e+02 
240
41.56543952497458
70.9831352102616
21.288396355531695
1.5
3.200000000000000000e+02 
241
39.90864478782996
70.0169253629991
26.178888672739582
1.5
3.230000000000000000e+02 3.240000000000000000e+02 3.250000000000000000e+02 3.260000000000000000e+02 3.270000000000000000e+02 3.280000000000000000e+02 3.290000000000000000e+02 3.300000000000000000e+02 3.310000000000000000e+02 
242
32.71886597170768
70.14600121388223
26.264286489412754
1.5
3.320000000000000000e+02 3.330000000000000000e+02 3.340000000000000000e+02 3.350000000000000000e+02 3.360000000000000000e+02 3.370000000000000000e+02 8.850000000000000000e+02 8.860000000000000000e+02 
243
26.998478635400097
70.15504338675926
26.246368542739194
1.5
3.380000000000000000e+02 3.390000000000000000e+02 3.400000000000000000e+02 3.410000000000000000e+02 3.420000000000000000e+02 3.430000000000000000e+02 7.550000000000000000e+02 7.570000000000000000e+02 
244
21.112433597726557
70.14349096739363
26.187271769086003
1.5
3.440000000000000000e+02 3.450000000000000000e+02 3.460000000000000000e+02 3.470000000000000000e+02 7.560000000000000000e+02 7.580000000000000000e+02 
245
17.040743660889518
70.00080711822186
25.47341234925382
1.5
3.480000000000000000e+02 3.490000000000000000e+02 7.590000000000000000e+02 
246
15.040327772046535
69.73375881484418
25.350480046884208
1.5
3.500000000000000000e+02 3.510000000000000000e+02 7.600000000000000000e+02 
247
12.97102740672569
69.4187491995788
25.136093590280595
1.5
3.520000000000000000e+02 
248
11.966997381906948
69.24822112538561
25.133822689353387
1.5
3.530000000000000000e+02 
249
10.908608954074824
69.06941793534591
24.708545847529372
1.5
3.540000000000000000e+02 
250
9.835402955704497
68.81248323079812
24.652140517396397
1.5
3.550000000000000000e+02 
251
8.83247798443368
68.5648095302767
24.676987699044776
1.5
3.560000000000000000e+02 
252
7.847636268167511
68.33350218773762
24.746500842347025
1.5
3.570000000000000000e+02 
253
6.774426034354325
68.07934321729303
24.745533102526746
1.5
3.580000000000000000e+02 
254
5.737593686707228
67.83857177416242
24.683938235798998
1.5
3.590000000000000000e+02 
255
4.753038739876447
67.60907688048167
24.748836355131438
1.5
3.600000000000000000e+02 
256
3.7710784951875116
67.38794393031826
24.76973209545405
1.5
3.610000000000000000e+02 
257
2.7116477714080194
67.13120644571245
24.712200571797666
1.5
3.620000000000000000e+02 
258
1.6610367259159644
66.8880985830609
24.690669946176513
1.5
3.630000000000000000e+02 
259
0.6852558415475651
66.66663672158352
24.672261909483574
1.5
3.640000000000000000e+02 
260
79.78389816736606
66.45005869926752
24.387926527365146
1.5
3.650000000000000000e+02 
261
78.80744787653131
66.16968037272164
23.956739714797642
1.5
3.660000000000000000e+02 
262
77.75981622024685
65.77972709576645
23.88917062354463
1.5
3.670000000000000000e+02 
263
76.83718294753109
65.4395822220697
23.967296690397543
1.5
3.680000000000000000e+02 
264
75.96540921663359
65.09391297708552
23.967236365623098
1.5
3.690000000000000000e+02 8.580000000000000000e+02 
265
69.39922291224423
62.71213013428101
24.22651502501534
1.5
3.750000000000000000e+02 4.490000000000000000e+02 4.500000000000000000e+02 4.510000000000000000e+02 
266
68.44311793264777
62.382789867117545
24.167259942312196
1.5
3.760000000000000000e+02 4.480000000000000000e+02 
267
67.4596431463209
62.054338018999175
24.169411667397565
1.5
3.770000000000000000e+02 
268
66.63112263666815
61.77156917255492
24.44650609258455
1.5
3.780000000000000000e+02 8.530000000000000000e+02 
269
65.91138187798903
61.61139899486624
25.905975502567166
1.5
3.790000000000000000e+02 8.520000000000000000e+02 
270
65.25718994077275
61.61196006722808
25.829951086500905
1.5
3.800000000000000000e+02 3.810000000000000000e+02 
271
63.7828814316943
61.9550877024287
29.736430348010938
1.5
3.820000000000000000e+02 3.830000000000000000e+02 
272
62.37319866019411
62.99170210246768
29.931766324905766
1.5
3.840000000000000000e+02 3.850000000000000000e+02 3.860000000000000000e+02 3.870000000000000000e+02 
273
44.28357777452157
67.38752980262723
25.63366551263752
1.5
3.940000000000000000e+02 3.950000000000000000e+02 3.960000000000000000e+02 3.980000000000000000e+02 4.020000000000000000e+02 
274
25.53498519488359
57.728806672882655
20.9517258127759
1.5
4.090000000000000000e+02 4.100000000000000000e+02 8.320000000000000000e+02 
275
22.736752808934686
44.64808264738275
17.11950164234218
1.5
4.140000000000000000e+02 
276
23.10759594443266
41.57833812817216
16.368552234175322
1.5
4.150000000000000000e+02 
277
23.29871512309892
40.575808923186145
14.948247534166946
1.5
4.160000000000000000e+02 
278
23.70821738448158
39.70060685950074
13.544611235231253
1.5
4.170000000000000000e+02 
279
25.13139773830531
38.21715403854565
11.724227289738772
1.5
4.190000000000000000e+02 
280
30.22809804950585
10.014756507124012
13.834539248886742
1.5
4.220000000000000000e+02 
281
33.35399710982854
10.523447591902766
11.873399861246911
1.5
4.250000000000000000e+02 
282
34.02376157347617
10.039816956886693
11.764197756383043
1.5
4.260000000000000000e+02 
283
35.279731674760306
9.12846754356611
11.617415622809451
1.5
4.270000000000000000e+02 
284
36.54360113560507
8.229813612014958
10.996428892403179
1.5
4.280000000000000000e+02 
285
37.41722932857675
7.888963430028021
10.40059230041639
1.5
4.290000000000000000e+02 
286
39.411827063930765
6.6975559383264285
10.717352490400412
1.5
4.300000000000000000e+02 
287
42.87789646233014
4.8373958571815185
10.886894812539518
1.5
4.310000000000000000e+02 
288
46.39507576309386
2.920925205640789
11.076636763969386
1.5
4.320000000000000000e+02 
289
48.21713522150443
1.972254285350075
11.0382994448542
1.5
4.330000000000000000e+02 8.020000000000000000e+02 
290
49.14355913906597
1.5070894343825247
10.590429172922734
1.5
4.340000000000000000e+02 8.000000000000000000e+02 8.010000000000000000e+02 
291
52.228617230583
0.8476875933271115
8.727512984000834
1.5
4.350000000000000000e+02 
292
57.074759104467496
1.9388250952218185
6.829699212013796
1.5
4.360000000000000000e+02 
293
60.03593372213925
2.918233077628469
6.384489690346456
1.5
4.370000000000000000e+02 
294
62.25895625362798
4.155217608527675
6.047743162241487
1.5
4.380000000000000000e+02 
295
64.21410428051715
5.079738876196129
6.076215256873894
1.5
4.390000000000000000e+02 
296
65.24959093235563
5.594477312140135
6.177281181685141
1.5
4.400000000000000000e+02 
297
66.67547505915391
6.2418799888967795
6.036801561430013
1.5
4.410000000000000000e+02 
298
66.98327204574406
6.40143555492144
6.271293934536647
1.5
4.420000000000000000e+02 
299
67.70722231402934
6.769337945446444
6.218123301317566
1.5
4.430000000000000000e+02 
300
67.74066813481996
6.7886532601677825
6.431422016520782
1.5
4.440000000000000000e+02 
301
67.78396982037124
6.80598883137953
7.177975612529469
1.5
4.450000000000000000e+02 
302
67.79909567930176
6.807956038232692
7.813991790195878
1.5
4.460000000000000000e+02 
303
67.9093397458821
6.800784050284157
10.507721425583266
1.5
4.470000000000000000e+02 
304
75.44770353201653
3.7163970540608666
10.451657962696785
1.5
4.540000000000000000e+02 
305
76.16777761450636
3.5568576689869245
9.896296217289914
1.5
4.550000000000000000e+02 
306
76.93875466790513
3.4564527965364302
8.79924277299041
1.5
4.560000000000000000e+02 
307
77.80139331916291
3.4794163546060375
8.633654050288815
1.5
4.570000000000000000e+02 
308
78.75667073981882
3.512230845724458
8.549168537106178
1.5
4.580000000000000000e+02 
309
79.70221119925223
3.54657233013746
8.548884487103049
1.5
4.590000000000000000e+02 
310
0.6485993851947816
3.577587901870917
8.56447287080679
1.5
4.600000000000000000e+02 
311
1.6606545389775311
3.605182729064089
8.507252848959398
1.5
4.610000000000000000e+02 
312
2.6670541802375163
3.6428676002282208
8.618058533442593
1.5
4.620000000000000000e+02 
313
3.6540914326154557
3.6604298999488796
8.546204047958135
1.5
4.630000000000000000e+02 
314
5.578008742530807
3.7233561854245893
8.52047747209176
1.5
4.640000000000000000e+02 
315
7.620856307439695
3.7813453209944816
8.533763771134588
1.5
4.650000000000000000e+02 
316
9.369725974750557
3.8287295686919585
8.512902467774548
1.5
4.660000000000000000e+02 
317
10.195007851123306
3.8510140186862607
8.443185777676307
1.5
4.670000000000000000e+02 
318
12.135504418200957
3.7419075839768086
10.165078973405679
1.5
4.680000000000000000e+02 
319
14.078785572932583
3.269500145266697
10.162483454351486
1.5
4.690000000000000000e+02 
320
17.01244059196713
2.6196235415670164
10.143349007509473
1.5
4.700000000000000000e+02 4.710000000000000000e+02 
321
23.801818054371623
0.8541185065983243
10.30684873603673
1.5
4.720000000000000000e+02 
322
27.796232201056206
79.86493402476333
10.271693952595497
1.5
4.730000000000000000e+02 4.740000000000000000e+02 4.750000000000000000e+02 7.510000000000000000e+02 7.520000000000000000e+02 7.530000000000000000e+02 7.540000000000000000e+02 8.840000000000000000e+02 
323
38.19752814169486
79.94202565957322
8.507975204272917
1.5
4.760000000000000000e+02 4.770000000000000000e+02 7.410000000000000000e+02 7.420000000000000000e+02 7.430000000000000000e+02 7.440000000000000000e+02 7.450000000000000000e+02 8.880000000000000000e+02 8.890000000000000000e+02 
324
46.50300934998306
0.22093053069843616
8.480668774655461
1.5
4.780000000000000000e+02 7.340000000000000000e+02 7.350000000000000000e+02 7.360000000000000000e+02 7.370000000000000000e+02 7.380000000000000000e+02 8.900000000000000000e+02 8.910000000000000000e+02 
325
48.34130877088397
0.27037229014596553
8.531026635687276
1.5
4.790000000000000000e+02 7.330000000000000000e+02 
326
50.2137562143764
0.3415786724108001
8.547583703877528
1.5
4.800000000000000000e+02 8.950000000000000000e+02 
327
50.9449560033549
0.36085411529072564
8.41817101852902
1.5
4.810000000000000000e+02 8.970000000000000000e+02 
328
51.68154266145146
0.3992359982154534
7.530908525719775
1.5
4.820000000000000000e+02 
329
52.666027115066456
0.6052334433086097
7.56213068542983
1.5
4.830000000000000000e+02 7.280000000000000000e+02 9.010000000000000000e+02 
330
54.02715336532853
0.8584402688543706
7.511666163362316
1.5
4.840000000000000000e+02 4.880000000000000000e+02 7.200000000000000000e+02 
331
54.37535597151831
0.9122034307285061
8.222874245940803
1.5
4.850000000000000000e+02 4.890000000000000000e+02 4.910000000000000000e+02 6.320000000000000000e+02 6.330000000000000000e+02 6.340000000000000000e+02 6.350000000000000000e+02 6.360000000000000000e+02 6.370000000000000000e+02 6.380000000000000000e+02 6.390000000000000000e+02 6.400000000000000000e+02 7.060000000000000000e+02 7.070000000000000000e+02 7.080000000000000000e+02 7.090000000000000000e+02 7.100000000000000000e+02 7.110000000000000000e+02 7.120000000000000000e+02 7.130000000000000000e+02 7.140000000000000000e+02 7.150000000000000000e+02 7.160000000000000000e+02 7.170000000000000000e+02 7.210000000000000000e+02 1.272000000000000000e+03 1.273000000000000000e+03 
332
54.96731305913508
0.9544082979503277
9.575629162162741
1.5
4.860000000000000000e+02 
333
56.65794881562257
0.20637381160792057
12.15903458880869
1.5
4.870000000000000000e+02 7.180000000000000000e+02 9.050000000000000000e+02 
334
57.71740539903732
78.33335075577085
15.90211263016787
1.5
4.900000000000000000e+02 4.920000000000000000e+02 4.930000000000000000e+02 6.410000000000000000e+02 
335
59.48649260848611
66.94804179832187
16.51098612291726
11.449999999999974
4.940000000000000000e+02 4.950000000000000000e+02 6.420000000000000000e+02 6.430000000000000000e+02 6.440000000000000000e+02 1.270000000000000000e+03 1.271000000000000000e+03 
336
60.313956971485766
60.739763621937016
16.61231645647406
2.300000000000008
4.960000000000000000e+02 6.450000000000000000e+02 6.460000000000000000e+02 
337
60.94785024010781
56.326234510818885
16.598373984461492
1.5
4.970000000000000000e+02 6.470000000000000000e+02 
338
61.12445900263748
54.93643625835084
16.594039251077252
1.5
4.980000000000000000e+02 6.480000000000000000e+02 1.264000000000000000e+03 1.265000000000000000e+03 
339
61.2746607193718
53.862740109318736
16.419954448858064
1.5
4.990000000000000000e+02 6.490000000000000000e+02 
340
62.940977999185854
51.956681654864994
11.544867446369173
1.5
5.000000000000000000e+02 5.010000000000000000e+02 6.500000000000000000e+02 1.261000000000000000e+03 
341
66.84927248141072
51.50580732140321
7.857539840092951
20.499999999999954
5.020000000000000000e+02 5.030000000000000000e+02 5.040000000000000000e+02 5.050000000000000000e+02 5.060000000000000000e+02 5.070000000000000000e+02 6.510000000000000000e+02 6.520000000000000000e+02 6.530000000000000000e+02 1.245000000000000000e+03 1.246000000000000000e+03 1.247000000000000000e+03 1.248000000000000000e+03 1.249000000000000000e+03 1.250000000000000000e+03 1.251000000000000000e+03 1.252000000000000000e+03 1.253000000000000000e+03 1.254000000000000000e+03 1.255000000000000000e+03 1.256000000000000000e+03 1.257000000000000000e+03 1.258000000000000000e+03 1.259000000000000000e+03 1.260000000000000000e+03 
342
9.98214327265579
59.52316168586442
6.773278384989977
36.60000000000106
5.080000000000000000e+02 5.090000000000000000e+02 5.100000000000000000e+02 5.110000000000000000e+02 5.120000000000000000e+02 5.130000000000000000e+02 6.540000000000000000e+02 6.550000000000000000e+02 6.560000000000000000e+02 6.570000000000000000e+02 6.580000000000000000e+02 6.590000000000000000e+02 6.600000000000000000e+02 6.610000000000000000e+02 6.620000000000000000e+02 1.216000000000000000e+03 1.220000000000000000e+03 1.221000000000000000e+03 1.222000000000000000e+03 1.223000000000000000e+03 1.224000000000000000e+03 1.225000000000000000e+03 1.226000000000000000e+03 1.227000000000000000e+03 1.228000000000000000e+03 1.229000000000000000e+03 1.230000000000000000e+03 1.231000000000000000e+03 1.232000000000000000e+03 1.233000000000000000e+03 1.234000000000000000e+03 1.235000000000000000e+03 1.236000000000000000e+03 1.237000000000000000e+03 1.238000000000000000e+03 1.239000000000000000e+03 1.240000000000000000e+03 1.241000000000000000e+03 1.242000000000000000e+03 1.243000000000000000e+03 1.244000000000000000e+03 
343
32.56722951013074
68.57059995262983
6.461818907941406
18.349999999999923
5.140000000000000000e+02 5.150000000000000000e+02 5.160000000000000000e+02 6.630000000000000000e+02 6.640000000000000000e+02 1.203000000000000000e+03 1.204000000000000000e+03 1.205000000000000000e+03 1.206000000000000000e+03 1.207000000000000000e+03 1.208000000000000000e+03 1.209000000000000000e+03 1.210000000000000000e+03 1.211000000000000000e+03 1.212000000000000000e+03 1.213000000000000000e+03 1.214000000000000000e+03 1.215000000000000000e+03 1.217000000000000000e+03 1.218000000000000000e+03 1.219000000000000000e+03 
344
42.59261660261459
71.5107029268076
6.208978004814672
1.5
5.170000000000000000e+02 5.180000000000000000e+02 6.650000000000000000e+02 6.660000000000000000e+02 6.670000000000000000e+02 
345
48.84046098263943
74.26892113351231
6.275289074360334
1.5
5.190000000000000000e+02 6.680000000000000000e+02 1.195000000000000000e+03 1.196000000000000000e+03 
346
51.366323366529585
75.30551975644286
7.06494045055493
1.5
5.200000000000000000e+02 6.690000000000000000e+02 
347
54.92199441172431
76.26983594712013
6.506651122274375
1.5
5.210000000000000000e+02 6.700000000000000000e+02 
348
57.457940129120495
77.25776791393398
6.428430948105159
1.5
5.220000000000000000e+02 6.710000000000000000e+02 
349
59.86194648611588
78.21089095030723
6.442195578010323
1.5
5.230000000000000000e+02 
350
62.325529304369965
79.16846926824107
6.412645592085598
1.5
5.240000000000000000e+02 
351
63.17712907288596
79.51688809454633
6.411575821648465
1.5
5.250000000000000000e+02 
352
64.90509663816373
0.3189329429414596
4.738413610312145
1.5
5.260000000000000000e+02 1.187000000000000000e+03 
353
66.17962187471063
1.470126541135527
3.3918355111707355
1.5
5.270000000000000000e+02 
354
67.19025271708799
3.874480917991196
1.386232344727453
1.5
5.280000000000000000e+02 1.185000000000000000e+03 
355
66.84279027835214
8.167017842543265
33.46433997022264
3.0499999999999865
5.290000000000000000e+02 5.300000000000000000e+02 1.178000000000000000e+03 1.179000000000000000e+03 1.180000000000000000e+03 1.181000000000000000e+03 1.182000000000000000e+03 1.183000000000000000e+03 1.184000000000000000e+03 
356
64.84527163489696
14.651921232774447
33.05620864173592
1.5
5.310000000000000000e+02 
357
63.342768221276025
18.99096853804316
33.059339182768355
1.5
5.320000000000000000e+02 
358
62.19063929980955
21.823661684422145
32.36553071624786
1.5
5.330000000000000000e+02 
359
61.44325732634316
23.47507306654222
32.49034973142797
1.5
5.340000000000000000e+02 
360
60.527073039031976
26.314508469738314
33.373950472671034
1.5
5.350000000000000000e+02 
361
59.76790176293271
29.237446291417005
33.34827629703403
1.5
5.360000000000000000e+02 
362
58.83108351964102
33.17760073938665
33.4196824190651
1.5
5.370000000000000000e+02 
363
57.93434490853096
35.79835250345259
32.31029074764641
1.5
5.380000000000000000e+02 
364
56.63379143320783
38.421812545455055
32.26808070562039
1.5
5.390000000000000000e+02 5.400000000000000000e+02 1.162000000000000000e+03 1.163000000000000000e+03 
365
54.98568678326532
43.378951076323624
33.127462712220456
1.5
5.410000000000000000e+02 5.420000000000000000e+02 6.770000000000000000e+02 1.157000000000000000e+03 1.158000000000000000e+03 1.159000000000000000e+03 
366
53.19540989821235
49.84152804967246
32.52528716069487
1.5
5.430000000000000000e+02 5.440000000000000000e+02 5.450000000000000000e+02 6.780000000000000000e+02 6.790000000000000000e+02 6.810000000000000000e+02 1.150000000000000000e+03 1.151000000000000000e+03 1.152000000000000000e+03 
367
48.60537666847136
58.85530221707714
33.0530650004876
15.049999999999859
5.460000000000000000e+02 5.470000000000000000e+02 5.480000000000000000e+02 5.490000000000000000e+02 5.500000000000000000e+02 5.510000000000000000e+02 6.800000000000000000e+02 6.820000000000000000e+02 6.830000000000000000e+02 6.840000000000000000e+02 6.850000000000000000e+02 1.126000000000000000e+03 1.127000000000000000e+03 1.129000000000000000e+03 1.130000000000000000e+03 1.131000000000000000e+03 1.132000000000000000e+03 1.133000000000000000e+03 1.134000000000000000e+03 1.135000000000000000e+03 1.136000000000000000e+03 1.137000000000000000e+03 1.138000000000000000e+03 1.139000000000000000e+03 1.140000000000000000e+03 1.141000000000000000e+03 1.142000000000000000e+03 1.143000000000000000e+03 1.144000000000000000e+03 
368
43.90714652129847
1.1015238388098996
33.85265952896927
4.049999999999919
5.520000000000000000e+02 5.530000000000000000e+02 5.540000000000000000e+02 6.860000000000000000e+02 6.870000000000000000e+02 6.880000000000000000e+02 6.890000000000000000e+02 1.116000000000000000e+03 1.117000000000000000e+03 1.118000000000000000e+03 1.119000000000000000e+03 1.120000000000000000e+03 1.121000000000000000e+03 1.122000000000000000e+03 1.123000000000000000e+03 1.124000000000000000e+03 1.125000000000000000e+03 1.128000000000000000e+03 
369
42.191620293774946
10.684481255968773
34.00360871939534
1.5
5.550000000000000000e+02 6.900000000000000000e+02 1.110000000000000000e+03 1.111000000000000000e+03 
370
41.94029033368964
12.473985618369502
34.01199980635179
1.5
5.560000000000000000e+02 6.910000000000000000e+02 1.109000000000000000e+03 
371
41.67704809352936
14.355825652923178
34.03347408948445
1.5
5.570000000000000000e+02 6.920000000000000000e+02 
372
41.1687356338574
17.808294151910545
33.8583914568293
1.5
5.580000000000000000e+02 1.103000000000000000e+03 
373
40.739666805885456
20.456708557218285
33.78643992511562
1.5
5.590000000000000000e+02 1.100000000000000000e+03 
374
40.23628043904946
22.750336963323154
33.826130973216344
1.5
5.600000000000000000e+02 
375
40.055815361741544
23.734975762715905
33.80144811758169
1.5
5.610000000000000000e+02 1.096000000000000000e+03 
376
39.65234659721581
25.53090644269
32.25968349889641
1.5
5.620000000000000000e+02 
377
39.06119730359554
26.807372612452536
31.354068750891464
1.5
5.630000000000000000e+02 1.090000000000000000e+03 1.091000000000000000e+03 1.092000000000000000e+03 1.093000000000000000e+03 
378
37.177152987688146
28.80714855855976
29.15348760858458
1.5
5.640000000000000000e+02 1.082000000000000000e+03 1.083000000000000000e+03 
379
35.32087161701925
29.80841815350783
28.096335922328446
1.5
5.650000000000000000e+02 1.081000000000000000e+03 
380
33.87338847390955
30.232719825894947
27.947838390105314
1.5
5.660000000000000000e+02 1.077000000000000000e+03 
381
33.010524330336246
30.473341375230298
27.896149202986578
1.5
5.670000000000000000e+02 1.075000000000000000e+03 1.076000000000000000e+03 
382
30.67218611816336
30.69228994365278
26.271375058713407
1.5
5.680000000000000000e+02 1.071000000000000000e+03 1.072000000000000000e+03 
383
28.992243407602732
30.654334219262566
25.976515214273423
1.5
5.690000000000000000e+02 1.069000000000000000e+03 1.070000000000000000e+03 
384
26.286772766144047
30.50923072670671
25.92627372670884
1.5
5.700000000000000000e+02 
385
23.556323511660906
30.39575365176902
25.802975864465033
1.5
5.710000000000000000e+02 1.053000000000000000e+03 1.054000000000000000e+03 
386
20.614184214377946
29.741939333008617
24.304899841127437
1.5
5.720000000000000000e+02 
387
18.828927856479165
29.131223589367654
23.096053519684915
1.5
5.730000000000000000e+02 
388
17.359028635639145
28.28614920868367
23.109079909941947
1.5
5.740000000000000000e+02 1.035000000000000000e+03 
389
15.659292324965037
27.407492778595532
23.55674809239075
1.5
5.750000000000000000e+02 1.032000000000000000e+03 1.033000000000000000e+03 1.034000000000000000e+03 
390
12.571371050907263
25.612343978024846
22.48615938056532
1.5
5.760000000000000000e+02 5.770000000000000000e+02 1.027000000000000000e+03 1.028000000000000000e+03 1.029000000000000000e+03 1.030000000000000000e+03 1.031000000000000000e+03 
391
7.092710062204668
20.921664950770992
21.281286164704618
1.5
5.780000000000000000e+02 1.023000000000000000e+03 1.024000000000000000e+03 1.025000000000000000e+03 1.026000000000000000e+03 
392
5.431309354762527
18.595807288251443
20.196760101012615
1.5
5.790000000000000000e+02 1.021000000000000000e+03 1.022000000000000000e+03 
393
4.719679539640703
16.837450483409942
19.19323523534901
1.5
5.800000000000000000e+02 1.019000000000000000e+03 1.020000000000000000e+03 
394
4.233777298854245
15.096223867508876
19.14254181643166
1.5
5.810000000000000000e+02 1.018000000000000000e+03 
395
3.8646573984361865
13.25047187391467
17.92009839997736
1.5
5.820000000000000000e+02 
396
3.9175706077036647
11.339333613366476
16.935427643150106
1.5
5.830000000000000000e+02 1.013000000000000000e+03 1.014000000000000000e+03 
397
4.108323059329313
9.469732397766768
16.98560340409643
1.5
5.840000000000000000e+02 1.010000000000000000e+03 1.011000000000000000e+03 1.012000000000000000e+03 
398
4.266693175137751
7.469792874808203
16.952710365704853
1.5
5.850000000000000000e+02 
399
4.340576550620091
6.488355946100143
17.05053785431683
1.5
5.860000000000000000e+02 
400
4.671020804116823
4.486100656633151
14.602621050062643
1.5
5.870000000000000000e+02 
401
6.79052598711341
0.6753715675766632
14.138621852980588
1.5
5.880000000000000000e+02 
402
7.755817780473185
79.2169219844778
14.102770796934763
1.5
5.890000000000000000e+02 
403
8.329206482750328
78.3660932261264
14.016050838510978
1.5
5.900000000000000000e+02 
404
9.332727893848197
76.89932397428117
14.086659850826909
1.5
5.910000000000000000e+02 
405
10.375569286977964
75.3492818994228
13.962730629269386
1.5
5.920000000000000000e+02 
406
11.39312550675029
73.96177118947736
13.619521180639376
1.5
5.930000000000000000e+02 1.001000000000000000e+03 
407
13.348801054752778
71.5555242548459
13.599914882186306
1.5
5.940000000000000000e+02 
408
14.609377766222863
70.03329697369203
13.581204468545465
1.5
5.950000000000000000e+02 9.960000000000000000e+02 
409
15.997346257078597
68.36474722914639
13.57348026299557
1.5
5.960000000000000000e+02 
410
17.318474149304272
66.91886268164849
12.818306902463272
1.5
5.970000000000000000e+02 
411
18.019753526926632
66.27283383122436
12.864058198567468
1.5
5.980000000000000000e+02 9.930000000000000000e+02 
412
18.812049950047918
65.56763916761007
12.861755956410805
1.5
5.990000000000000000e+02 9.920000000000000000e+02 
413
19.6459737362364
64.8107764025153
12.841719602248343
1.5
6.000000000000000000e+02 9.910000000000000000e+02 
414
21.198229655160908
63.416472948305035
12.779834222856207
1.5
6.010000000000000000e+02 6.020000000000000000e+02 6.120000000000000000e+02 6.140000000000000000e+02 9.880000000000000000e+02 9.890000000000000000e+02 9.900000000000000000e+02 
415
26.01913774328367
59.25801996716541
12.754157422932227
1.5
6.030000000000000000e+02 6.040000000000000000e+02 6.180000000000000000e+02 9.820000000000000000e+02 9.830000000000000000e+02 9.840000000000000000e+02 9.850000000000000000e+02 9.860000000000000000e+02 9.870000000000000000e+02 
416
32.61560516572447
53.75947505103016
12.7174951273717
1.5
6.050000000000000000e+02 9.770000000000000000e+02 9.780000000000000000e+02 
417
34.27006615505334
52.38522643102714
12.793425643770265
1.5
6.060000000000000000e+02 9.740000000000000000e+02 
418
35.45037661881064
50.202903906418854
15.883521739937962
1.5
6.070000000000000000e+02 
419
35.46622525495635
47.27795109878819
19.292110195750794
1.5
6.080000000000000000e+02 
420
34.13322018607849
44.33827779000364
20.66099710276388
1.5
6.090000000000000000e+02 9.710000000000000000e+02 9.720000000000000000e+02 
421
32.532273055475216
41.736078433797296
21.62171089436156
1.5
6.100000000000000000e+02 
422
31.3539730180781
40.4074658069076
21.46042823498885
1.5
6.110000000000000000e+02 9.670000000000000000e+02 
423
27.16245927720604
34.39434464482925
20.694171169289987
1.5
6.130000000000000000e+02 9.590000000000000000e+02 9.600000000000000000e+02 9.610000000000000000e+02 9.620000000000000000e+02 9.630000000000000000e+02 
424
24.604152924244904
29.396255744210865
20.575688901314056
1.5
6.150000000000000000e+02 6.160000000000000000e+02 6.170000000000000000e+02 7.020000000000000000e+02 9.500000000000000000e+02 9.550000000000000000e+02 9.560000000000000000e+02 9.570000000000000000e+02 9.580000000000000000e+02 
425
17.50584035824227
19.635277291162602
21.501957505150422
1.5
6.190000000000000000e+02 6.200000000000000000e+02 6.210000000000000000e+02 9.440000000000000000e+02 9.450000000000000000e+02 9.460000000000000000e+02 9.470000000000000000e+02 9.480000000000000000e+02 9.490000000000000000e+02 
426
9.116898827713296
9.68798286007108
21.322342610266844
1.5
6.220000000000000000e+02 7.050000000000000000e+02 9.370000000000000000e+02 9.430000000000000000e+02 
427
7.103031327708269
7.202535943976079
20.388465120788766
1.5
6.230000000000000000e+02 9.320000000000000000e+02 
428
6.013474627528788
5.221374586323164
20.130915758780983
1.5
6.240000000000000000e+02 
429
5.557888486998819
4.292736976066461
19.719015623864596
1.5
6.250000000000000000e+02 
430
5.133210715824776
3.2498168078073064
18.1505965389663
1.5
6.260000000000000000e+02 
431
5.029055013050862
2.1241607539416925
15.99378626814907
1.5
6.270000000000000000e+02 9.250000000000000000e+02 9.260000000000000000e+02 9.280000000000000000e+02 
432
6.816310918206639
79.6755343232763
12.069124016346008
1.5
6.280000000000000000e+02 9.220000000000000000e+02 9.230000000000000000e+02 9.240000000000000000e+02 
433
10.429575662637797
77.3733514265385
11.207525442861106
1.5
6.290000000000000000e+02 6.300000000000000000e+02 6.310000000000000000e+02 9.180000000000000000e+02 9.190000000000000000e+02 9.200000000000000000e+02 9.210000000000000000e+02 
434
65.44157627195067
1.4334058009565216
3.702454184648343
1.5
6.720000000000000000e+02 
435
59.88891630299908
26.075380970844687
32.61981138230828
1.5
6.730000000000000000e+02 
436
58.965124383558035
28.00456918136336
32.634429840689606
1.5
6.740000000000000000e+02 
437
58.521695117653834
28.977713888368793
32.57376826857458
1.5
6.750000000000000000e+02 
438
57.53413506092737
32.093599399976576
33.45332542629337
1.5
6.760000000000000000e+02 1.166000000000000000e+03 
439
4.880240849965767
2.4144541129763337
14.917881079171504
1.5
6.930000000000000000e+02 
440
6.02030143424997
0.4733141421656739
13.82801189965133
1.5
6.940000000000000000e+02 
441
7.222815966981187
78.78526674034818
13.891498709520143
1.5
6.950000000000000000e+02 
442
7.806507077829954
77.97319556491605
13.923202933899661
1.5
6.960000000000000000e+02 
443
8.480120729903046
77.02046422751206
13.936663330914982
1.5
6.970000000000000000e+02 1.005000000000000000e+03 
444
11.792666796194911
72.51698498739202
13.733655877025004
1.5
6.980000000000000000e+02 1.000000000000000000e+03 
445
30.096731742131116
56.89600813035342
11.559737152452941
1.5
6.990000000000000000e+02 9.790000000000000000e+02 9.800000000000000000e+02 9.810000000000000000e+02 
446
36.24451045648775
52.22792150448521
14.212848191597809
1.5
7.000000000000000000e+02 
447
31.18423116185116
38.25553734081092
20.758219844738317
1.5
7.010000000000000000e+02 9.640000000000000000e+02 9.650000000000000000e+02 9.660000000000000000e+02 
448
25.499355170954573
27.55008646661178
20.081041804975484
1.5
7.030000000000000000e+02 7.040000000000000000e+02 9.510000000000000000e+02 9.520000000000000000e+02 9.530000000000000000e+02 9.540000000000000000e+02 
449
25.622709646989147
72.57287461635276
11.255553789455897
1.5
7.190000000000000000e+02 
450
25.78342068762365
72.48060589305851
15.03504071977073
1.5
7.220000000000000000e+02 7.230000000000000000e+02 7.240000000000000000e+02 7.250000000000000000e+02 
451
25.797183322809794
72.02419422964884
17.923141874216817
1.5
7.260000000000000000e+02 7.270000000000000000e+02 
452
25.711231947625066
71.25935729454446
19.535353774155865
1.5
7.290000000000000000e+02 9.000000000000000000e+02 
453
25.479042470642653
70.64628999540815
19.60745937763
1.5
7.300000000000000000e+02 1.301000000000000000e+03 
454
25.490945619600836
70.6443580207937
19.587441107709033
1.5
7.310000000000000000e+02 
455
25.18458002992966
69.84954779443105
19.42184998141949
1.5
7.320000000000000000e+02 1.304000000000000000e+03 
456
23.19170007025778
62.80108390046027
18.74867397045479
1.5
7.390000000000000000e+02 7.400000000000000000e+02 
457
22.31059323848549
55.34812568146908
18.032835904960216
1.5
7.460000000000000000e+02 7.470000000000000000e+02 7.480000000000000000e+02 7.490000000000000000e+02 7.500000000000000000e+02 8.870000000000000000e+02 
458
23.265620292806997
32.94106802231924
17.158862329719796
1.5
7.610000000000000000e+02 
459
23.351064270000496
30.827461779858066
15.891544029274176
1.5
7.620000000000000000e+02 
460
23.629291880349143
29.745969695173763
16.58275782659841
1.5
7.630000000000000000e+02 
461
23.78758722109742
28.702983568309758
17.872402937565322
1.5
7.640000000000000000e+02 
462
23.662210702484195
27.707714797067243
16.765472751460475
1.5
7.650000000000000000e+02 
463
23.768560747656146
26.66027083369783
16.73088611033792
1.5
7.660000000000000000e+02 
464
23.92928691035677
25.56358819119242
16.775316505312112
1.5
7.670000000000000000e+02 
465
24.148591397113773
23.51262524907858
16.765240224399086
1.5
7.690000000000000000e+02 
466
24.256743194510456
22.414433455241355
16.692368839981526
1.5
7.700000000000000000e+02 
467
24.37469358057386
21.3376046427307
16.78034580129977
1.5
7.710000000000000000e+02 
468
24.45243100646761
20.471520798137835
16.78342681006888
1.5
7.720000000000000000e+02 
469
24.540464691789435
19.478373540549214
16.83359740037523
1.5
7.730000000000000000e+02 
470
24.636215474373426
18.379477303228636
16.740741019664412
1.5
7.740000000000000000e+02 
471
24.735234883650556
17.372290106044566
16.820936212399815
1.5
7.750000000000000000e+02 
472
24.855649927066057
16.45197986332171
16.898679022068208
1.5
7.760000000000000000e+02 
473
25.40004351765024
9.508969058114438
16.6017917959435
1.5
7.810000000000000000e+02 
474
25.500607493997304
8.634581437470652
15.925040545933406
1.5
7.820000000000000000e+02 
475
25.733544193226027
7.726869759831713
15.841224445352434
1.5
7.830000000000000000e+02 
476
25.962814606604148
6.813924494874524
15.027622979562938
1.5
7.840000000000000000e+02 
477
26.305365163025396
5.993605743979965
13.249933335575323
1.5
7.850000000000000000e+02 
478
26.76265018090814
5.451386726964938
12.431656406915048
1.5
7.860000000000000000e+02 
479
27.30535061948468
5.005733684980549
11.447847027672267
1.5
7.870000000000000000e+02 
480
28.18196748299966
4.541344451994867
11.08593111978274
1.5
7.880000000000000000e+02 
481
29.32049972489641
4.034036376800947
11.127142277841214
1.5
7.890000000000000000e+02 7.900000000000000000e+02 
482
31.246568925353266
3.1742745805064443
11.069997580637937
1.5
7.910000000000000000e+02 7.920000000000000000e+02 
483
34.371022883183535
1.8703865004648899
10.973113880280488
1.5
7.930000000000000000e+02 7.940000000000000000e+02 
484
35.7461095355988
1.1214025686391582
11.083988603531765
1.5
7.950000000000000000e+02 7.960000000000000000e+02 
485
37.729970692497034
0.039108925641631265
12.629524845476087
1.5
7.970000000000000000e+02 
486
38.61722648033203
79.33562758988982
12.739972950731532
1.5
7.980000000000000000e+02 7.990000000000000000e+02 
487
42.62485121840008
75.61879141710351
13.127340581861564
1.5
8.030000000000000000e+02 8.040000000000000000e+02 
488
44.17072356973012
73.9526449540127
13.690227004275517
1.5
8.050000000000000000e+02 8.060000000000000000e+02 
489
45.57061141194984
72.20411067276713
14.118593287384895
1.5
8.070000000000000000e+02 
490
40.68144280243238
4.223807909422819
28.65635875981777
1.5
8.080000000000000000e+02 8.090000000000000000e+02 
491
35.68195112276489
6.098204982406717
28.261668762119942
1.5
8.110000000000000000e+02 
492
34.64577072895427
6.503576898481008
28.293188499514468
1.5
8.120000000000000000e+02 
493
33.672604309794764
6.881119667077759
28.255564485011398
1.5
8.130000000000000000e+02 
494
31.38713798141331
7.588713634857466
28.19660940958353
1.5
8.140000000000000000e+02 
495
30.35194319276878
7.913436395934392
28.30157478970238
1.5
8.150000000000000000e+02 
496
28.262990037708974
8.631308157159896
28.499575913493842
1.5
8.170000000000000000e+02 
497
22.050277935786507
11.374065438483528
29.563634913510754
1.5
8.200000000000000000e+02 8.210000000000000000e+02 
498
27.001535970060143
24.375000478511435
33.88579442931973
1.5
8.230000000000000000e+02 
499
34.604725285359585
41.004573754115434
5.3705327225377335
1.5
8.290000000000000000e+02 8.300000000000000000e+02 8.310000000000000000e+02 
500
38.54570867493252
43.26721216420431
6.483199131818491
1.5
8.330000000000000000e+02 8.340000000000000000e+02 
501
68.34418009510898
42.807628084131
10.627652976958984
1.5
8.490000000000000000e+02 
502
76.18827279461003
39.17141307200845
11.449541801680818
1.5
8.510000000000000000e+02 
503
1.6106997832195278
37.640003263762054
6.350009760734321
1.5
8.540000000000000000e+02 
504
74.16963108943246
4.2049449022194425
10.364996287283267
1.5
8.590000000000000000e+02 
505
75.26453634490707
3.902592503850083
10.258498034468666
1.5
8.600000000000000000e+02 
506
76.32262265855962
3.6448702667977253
10.301396445746791
1.5
8.610000000000000000e+02 
507
77.32696938507546
3.3991894978696093
10.326597014071659
1.5
8.620000000000000000e+02 
508
78.38562691617201
3.1457094111969335
10.216609448728608
1.5
8.630000000000000000e+02 
509
79.50800095764707
2.890184707521191
10.143200960418483
1.5
8.640000000000000000e+02 
510
0.5491663016976531
2.671472840054468
10.065430514436015
1.5
8.650000000000000000e+02 
511
1.5818271588709627
2.474924530693859
10.087600775286829
1.5
8.660000000000000000e+02 
512
2.596181329594576
2.2676580685677967
9.95683431957148
1.5
8.670000000000000000e+02 
513
4.752244569465256
1.833301091281427
9.981694650252138
1.5
8.680000000000000000e+02 
514
5.005815076103694
1.6886645657755048
9.201931179017828
1.5
8.690000000000000000e+02 
515
6.186804671078691
1.6429540308371475
9.087732879922436
1.5
8.700000000000000000e+02 
516
7.269600247573077
1.6112812547402462
9.104046867962191
1.5
8.710000000000000000e+02 
517
8.307802735474445
1.5781945826872295
9.088495002408267
1.5
8.720000000000000000e+02 
518
9.366191826097849
1.5350476058142593
9.045564419218849
1.5
8.730000000000000000e+02 8.740000000000000000e+02 
519
11.579364084500886
1.4062932819030323
8.90244634268546
1.5
8.750000000000000000e+02 8.760000000000000000e+02 
520
13.64122667683271
1.3051149138684055
8.853489549388156
1.5
8.770000000000000000e+02 8.780000000000000000e+02 
521
15.82307590080384
1.269998827279855
8.765196010456386
1.5
8.790000000000000000e+02 8.800000000000000000e+02 
522
17.956236494929552
1.2518266444876645
8.770746154834
1.5
8.810000000000000000e+02 8.820000000000000000e+02 8.830000000000000000e+02 
523
46.12497202612547
5.607090564573841
7.27977185609665
1.5
8.920000000000000000e+02 
524
47.65584925173469
5.979539569575747
7.133837054701766
1.5
8.930000000000000000e+02 
525
48.334529557123275
6.422767884445138
7.0716926034706376
1.5
8.940000000000000000e+02 
526
49.3129466169487
6.653402712633774
7.159388851863962
1.5
8.960000000000000000e+02 
527
50.137811856190446
6.790121221216363
7.0867297726032845
1.5
8.980000000000000000e+02 
528
51.09544875348867
6.951290902172753
7.246633091062156
1.5
8.990000000000000000e+02 
529
52.1014728557891
7.589746572407618
6.7889177656514255
1.5
9.020000000000000000e+02 
530
52.17460456214239
7.6373839743239245
6.39785886233614
1.5
9.030000000000000000e+02 
531
52.20872047397804
7.669776699318673
5.084942401520934
1.5
9.040000000000000000e+02 
532
52.682965065118495
7.955915278762658
0.9046042281291147
1.5
9.060000000000000000e+02 9.070000000000000000e+02 9.100000000000000000e+02 9.110000000000000000e+02 9.120000000000000000e+02 
533
52.453611216933794
9.193892004898935
32.29334048425334
1.5
9.080000000000000000e+02 9.090000000000000000e+02 
534
49.97570839000653
13.719380828817652
32.49009277440483
1.5
9.130000000000000000e+02 9.140000000000000000e+02 9.150000000000000000e+02 9.160000000000000000e+02 9.170000000000000000e+02 
535
42.96531242271076
25.992935289327807
32.1742819002254
1.5
9.270000000000000000e+02 
536
42.583270301504825
27.763298567342176
1.7421590111585084
1.5
9.290000000000000000e+02 9.300000000000000000e+02 9.310000000000000000e+02 
537
44.52149876684634
31.05331430469485
3.514878335319615
1.5
9.330000000000000000e+02 9.340000000000000000e+02 9.350000000000000000e+02 9.360000000000000000e+02 9.380000000000000000e+02 9.390000000000000000e+02 9.400000000000000000e+02 9.410000000000000000e+02 9.420000000000000000e+02 
538
74.36229637723572
43.85333388831562
31.68201320922079
1.5
9.680000000000000000e+02 9.690000000000000000e+02 9.700000000000000000e+02 
539
35.31012755975384
51.07323132376479
34.38981764102112
1.5
9.730000000000000000e+02 
540
33.2277519928843
54.10515028066419
29.71143589251397
1.5
9.750000000000000000e+02 9.760000000000000000e+02 
541
15.936439119173848
66.8769114038377
29.912977719020432
1.5
9.940000000000000000e+02 
542
12.028909828306649
53.810780089639145
25.33718665260401
1.5
9.950000000000000000e+02 
543
9.910244087623356
53.474264413974105
24.910631727927086
1.5
9.970000000000000000e+02 9.980000000000000000e+02 
544
7.809995875443693
53.044595724575984
24.903061327975724
1.5
9.990000000000000000e+02 
545
3.911765486281407
52.338310816227334
25.036745060129917
1.5
1.002000000000000000e+03 
546
2.040353577922798
51.995502472313376
25.018681605619644
1.5
1.003000000000000000e+03 
547
1.6258317878366926
51.86968210980066
24.939882736623797
1.5
1.004000000000000000e+03 
548
5.229792706155902
78.1729714314055
30.36679160198782
1.5
1.006000000000000000e+03 1.007000000000000000e+03 
549
1.775813997469883
4.16996656846842
31.21359916117568
1.5
1.008000000000000000e+03 1.009000000000000000e+03 
550
79.41234391032377
10.164079613547504
34.214205200738846
1.5
1.015000000000000000e+03 1.016000000000000000e+03 
551
79.03149545597263
11.477804429580761
34.143951690961785
1.5
1.017000000000000000e+03 
552
1.5415480312422525
31.362707778922378
2.0993544082853655
1.5
1.036000000000000000e+03 
553
1.8408443643979227
31.95749554562245
1.8796836421044802
1.5
1.037000000000000000e+03 1.038000000000000000e+03 
554
2.4697095734973944
34.106649620189195
1.808536685734841
1.5
1.039000000000000000e+03 1.040000000000000000e+03 
555
2.800429457271554
35.36862855894609
1.8734293562051878
1.5
1.041000000000000000e+03 1.042000000000000000e+03 1.052000000000000000e+03 
556
2.9789808563060594
35.9927086969605
1.0860017131626503
1.5
1.043000000000000000e+03 1.044000000000000000e+03 1.045000000000000000e+03 1.046000000000000000e+03 1.047000000000000000e+03 1.048000000000000000e+03 1.049000000000000000e+03 1.050000000000000000e+03 1.051000000000000000e+03 1.055000000000000000e+03 
557
3.134327199480607
37.779246923514386
1.0912723941341231
1.5
1.056000000000000000e+03 1.057000000000000000e+03 1.058000000000000000e+03 1.059000000000000000e+03 
558
3.2915133420057137
38.82711253189408
0.8791344544679249
1.5
1.060000000000000000e+03 1.061000000000000000e+03 1.062000000000000000e+03 1.063000000000000000e+03 
559
3.4763910729757272
39.976688262507004
1.0069063598019916
1.5
1.064000000000000000e+03 1.065000000000000000e+03 
560
3.558522258119053
40.530104491819465
1.852072670745113
1.5
1.066000000000000000e+03 
561
3.6373308194583522
40.77209468325274
2.172403120264357
1.5
1.067000000000000000e+03 1.068000000000000000e+03 
562
5.095622456714108
43.630944640750435
2.69507237167699
1.5
1.073000000000000000e+03 1.074000000000000000e+03 
563
6.451292437564513
46.539213355452716
3.4097874305677323
1.5
1.078000000000000000e+03 
564
6.687537921570386
46.90460734903144
3.607007002532292
1.5
1.079000000000000000e+03 1.080000000000000000e+03 
565
8.409453815499834
49.00589913239377
4.586372227488423
1.5
1.084000000000000000e+03 1.085000000000000000e+03 1.086000000000000000e+03 
566
9.315151128097936
49.82625297835594
4.577295599399428
1.5
1.087000000000000000e+03 1.088000000000000000e+03 1.089000000000000000e+03 
567
11.733509943637548
51.61900186585646
5.890614334452163
1.5
1.094000000000000000e+03 1.095000000000000000e+03 
568
13.792685547359907
52.249809197691484
7.6196456538520945
1.5
1.097000000000000000e+03 1.098000000000000000e+03 1.099000000000000000e+03 
569
16.468454262040318
52.31401489260436
8.963749195099743
1.5
1.101000000000000000e+03 1.102000000000000000e+03 
570
18.74855095755738
52.247712265599176
9.465073932309602
1.5
1.104000000000000000e+03 1.105000000000000000e+03 
571
20.581131331665077
52.029096118907844
9.333408127294103
1.5
1.106000000000000000e+03 1.107000000000000000e+03 
572
22.360093549762276
51.89339414283324
8.615287279051191
1.5
1.108000000000000000e+03 
573
26.82551200607075
52.032079400877436
8.038506532392146
1.5
1.112000000000000000e+03 1.113000000000000000e+03 1.114000000000000000e+03 1.115000000000000000e+03 
574
58.507678681553585
61.483777127111836
4.616173669458212
1.5
1.145000000000000000e+03 1.146000000000000000e+03 1.147000000000000000e+03 1.148000000000000000e+03 
575
61.569604685945095
64.39197279449925
3.2479203999903286
1.5
1.149000000000000000e+03 
576
64.01905203432271
68.11799854523059
3.0579365326003627
1.5
1.153000000000000000e+03 1.154000000000000000e+03 
577
65.39526481567812
70.12115146372452
5.4272588800945805
1.5
1.155000000000000000e+03 1.156000000000000000e+03 
578
69.65664050817452
73.99954819087138
4.101260124439702
1.5
1.160000000000000000e+03 1.161000000000000000e+03 
579
72.59364732036188
77.31782929144612
4.019458398806862
1.5
1.164000000000000000e+03 1.165000000000000000e+03 
580
59.1531338952074
30.989129526380186
14.0081531812907
1.5
1.167000000000000000e+03 1.168000000000000000e+03 
581
60.45586020172736
28.05389672241467
14.832717496294286
1.5
1.169000000000000000e+03 
582
62.82558738193769
21.875428454483096
14.194722511619423
1.5
1.170000000000000000e+03 1.171000000000000000e+03 
583
64.43764418806515
19.044250754158675
14.042580382311758
1.5
1.172000000000000000e+03 1.173000000000000000e+03 1.174000000000000000e+03 1.175000000000000000e+03 
584
67.32887312881928
14.862146527931538
13.655867667238688
1.5
1.176000000000000000e+03 1.177000000000000000e+03 
585
4.298352653562089
29.029846162885796
2.119334465623604
1.5
1.186000000000000000e+03 
586
5.53947278519542
31.94623596851222
4.469185734292888
1.5
1.188000000000000000e+03 
587
55.34664976704401
76.15226993810035
23.83834665592621
1.5
1.189000000000000000e+03 1.190000000000000000e+03 1.191000000000000000e+03 
588
52.485094219101896
74.8532631142812
23.90801673233159
1.5
1.192000000000000000e+03 1.193000000000000000e+03 1.194000000000000000e+03 
589
45.446475315724804
71.51631483877478
23.405650403396113
1.5
1.197000000000000000e+03 1.198000000000000000e+03 1.199000000000000000e+03 1.200000000000000000e+03 1.201000000000000000e+03 1.202000000000000000e+03 
590
11.721743996660198
15.742827003991394
18.982371185240346
1.5
1.262000000000000000e+03 
591
11.74184405982066
15.741173200222313
18.96639056085595
1.5
1.263000000000000000e+03 
592
7.363749284870103
77.61300777247182
20.218061925426007
1.5
1.266000000000000000e+03 1.267000000000000000e+03 
593
60.56042935261861
58.03740863303614
0.7742957715930525
1.5
1.268000000000000000e+03 1.269000000000000000e+03 
594
58.810466111175614
73.81111027568257
33.67746356912699
1.5
1.274000000000000000e+03 1.275000000000000000e+03 
595
58.3858648031501
75.95428739955746
33.568884424823686
1.5
1.276000000000000000e+03 
596
58.175057922846065
76.915046608694
32.50212214804427
1.5
1.277000000000000000e+03 1.278000000000000000e+03 1.279000000000000000e+03 
597
57.33290187164942
77.97494251614646
29.126534151512807
1.5
1.280000000000000000e+03 1.281000000000000000e+03 1.282000000000000000e+03 1.283000000000000000e+03 1.284000000000000000e+03 1.285000000000000000e+03 1.286000000000000000e+03 
598
56.95874269065578
78.18148566709915
29.156930931781428
1.5
1.287000000000000000e+03 1.288000000000000000e+03 1.289000000000000000e+03 1.290000000000000000e+03 1.291000000000000000e+03 1.292000000000000000e+03 
599
56.63479583186097
78.28482205828838
27.678181540215235
1.5
1.293000000000000000e+03 1.294000000000000000e+03 1.295000000000000000e+03 1.296000000000000000e+03 1.297000000000000000e+03 1.298000000000000000e+03 
600
56.50031089776108
78.30819404464943
26.63095784704233
1.5
1.299000000000000000e+03 1.300000000000000000e+03 
601
55.35313196756045
78.36724087012668
26.456306862750992
1.5
1.302000000000000000e+03 
602
54.802079435374445
78.38280159030577
24.991686920563147
1.5
1.303000000000000000e+03 
-
455
602
