30.0
30.0
17.999999999999996
0
29.86468808408865
28.492221507464237
18.51319427583372
1
29.604809614238004
26.776150400872847
18.35215781667447
2
29.365296642122587
25.00301918242557
18.343379938824512
3
29.083518304880396
22.887072626763036
18.27060788773337
4
28.946330118260736
21.77121021402221
17.357914067519925
5
28.997856963934225
20.724798733387924
16.157969245072586
6
29.233614386326106
19.782350388993887
15.301598058008146
7
29.985992741968523
17.89676077760499
15.411981395487462
8
30.671642327343715
16.040435064458368
15.260965684917561
9
31.43954340220676
14.066040412406242
14.344785984105494
10
31.940668735912368
13.216329319745945
13.911693860585084
11
32.49172158499014
12.420728002451863
13.242491390256276
12
33.16009909307256
11.687917416735
13.131968206596518
13
33.94018915034653
10.878820371802025
12.873202441098558
14
35.500439319275586
9.38927978538164
12.24381781592204
15
36.08412329068377
8.998179690835622
12.339975546833136
16
36.90659806342342
8.381820913681436
12.35346719947284
17
37.83823678868371
7.6853354935366625
12.164808347353002
18
38.78930654803072
7.020614053253862
12.163388820009176
19
40.47615976752125
5.886332944518232
11.901770795214624
20
41.434986228551274
5.28772891282417
11.509927514413512
21
43.377889413754865
4.312540629975557
11.191760742678607
22
45.374139310938894
3.5377941417269376
10.741811926030957
23
47.49355221344688
2.8533605317008797
10.269528029964805
24
49.5337629135369
2.3969546339174843
10.140701880329399
25
51.678452087197925
1.9869113796628133
9.392119920931373
26
52.7737878205095
1.9220753199145735
8.488400339928347
27
54.846766663218276
2.1179448516058414
7.475936835684058
28
56.81124891216587
2.6004787562564764
6.951015324770891
29
57.862006996093115
2.879806780177259
6.457652074234229
30
58.92625935475803
3.3442622118638
5.730601783106995
31
60.67709990857083
4.408486808622921
4.993126988868803
32
63.24791311561477
6.450920440428704
4.047596156598413
33
63.99929228054454
7.190196330004788
3.3010229300881955
34
64.59865830075003
7.986834268192888
2.5217465299779445
35
65.0417052383307
8.930269093673292
1.5764419385166977
36
65.73489657153526
13.13396603301507
0.539762030223855
37
65.67101745375284
16.216098047617134
34.84449596960502
38
65.28736139828594
18.395947892563044
32.59937387519651
39
63.27398775733464
22.304730164379265
31.202657591646577
40
60.32048865455895
25.50631643507601
30.5945582185619
40
59.54327220675515
26.271147799987865
30.595315729995896
41
56.91664295937339
28.584283563768572
29.064436490480706
42
52.963181189789665
30.55419781123141
28.73340115754772
42
49.8708380782455
31.641183292049647
27.613799846128487
43
45.48543232836531
32.43012387621959
27.11802762371239
43
44.46448918649848
32.49230576792013
27.081921818185936
44
42.40174020260653
32.7396522658562
26.979930588525246
45
40.99297254594798
32.84515862990477
25.92667231962683
46
39.97995263136896
32.754005060945474
24.744738126223808
47
37.055064345431354
31.81305461955727
24.23223981369128
48
34.22544407018246
30.62133146147537
23.18535804890772
49
30.143272568179917
27.98796589187217
22.60474773573808
50
29.25614301965024
27.33848642000676
21.70674006949107
51
27.890070549788536
25.74047122307821
20.255094306846075
52
26.48511414423107
22.713164747001912
19.657818333607405
53
26.12833783630273
21.710904970073564
18.605796065504727
54
25.964720476132797
20.705261579045548
17.666721784619973
55
25.98198332374964
19.588157820417788
16.79948171627458
1
26.161859011016535
18.46894110195916
16.076661186980036
2
26.444339076005143
17.45475521812765
15.302929101003262
3
26.81882508963342
16.538531223608995
14.459635822579338
56
28.021101503579462
14.815536780622065
14.242680390108827
57
29.150777060358877
12.97798293799083
14.231189544440944
6
29.69701216045926
12.089509449205362
14.274902119993227
58
30.866916077325072
10.169664583375008
13.736314706357547
8
31.445809209328623
9.475462458013329
12.976739000172925
9
34.482290485365844
10.001878632847252
12.063402046356817
59
35.22828818033509
9.663636864036693
11.767591359850806
60
36.221428725489524
8.87193382294036
11.659537940414012
61
37.119306711966885
8.195884534196953
11.621304756307106
62
45.17549556666536
3.05620546770397
11.035259814019087
63
48.10195807296584
2.1859563123494805
9.193413355234911
64
49.15793450320946
2.1493321100968363
8.759107738107138
65
54.473938347118164
1.903988669062787
8.20109227333047
66
61.14850865718478
4.713418957744141
4.299852135982062
67
62.818216511530906
6.460845018701161
3.2053145634100098
68
38.485337975933106
29.807837082192584
25.090756565372676
46
34.18323776882983
28.899386997185974
23.481616352102705
48
31.347849804271995
27.49439751631515
22.635588889399326
49
26.082691241965467
20.39082768096616
17.52807631674906
69
26.216981730721077
18.3559375273542
16.550439429748344
70
26.482128135414616
16.463361446663534
16.31040386132719
71
26.97100965715869
14.745721564120956
14.897412764371678
4
27.437821335193608
13.721734599859577
14.551403016646585
72
29.847186326413272
10.713097145543692
13.037555875504047
7
32.56089410307597
11.812668456266046
11.691991632240587
73
34.384026158122836
10.423783388205697
12.236303476963487
74
35.391666291376595
9.463958175742823
12.043838257330572
75
37.29737768173095
8.137071205772953
11.92537408972946
76
37.845183646689975
7.516017963035232
11.92841013141595
77
38.77985491102719
6.7753757499676235
11.74780263912359
78
40.417010820540916
5.918626756518296
10.603098372924505
79
40.781294542921394
5.3520276648699205
10.795769114351234
80
43.12824710692133
4.237851872796002
10.744768792867264
81
46.55632752222028
2.781122139927175
10.12449353068765
82
52.89982320910492
2.1387509378253617
8.768687912700823
83
54.91221162581673
2.0249400171103065
7.003552337473893
84
36.66212977002089
30.380375905895093
24.240359792059238
47
25.92955492953963
21.101488557074738
18.607104221003038
85
26.837240066571873
14.746686642906061
15.371286129112132
86
32.17254092269257
7.352948420554146
11.960961399475051
10
33.95939390106195
6.556526873289763
11.270348199286277
11
35.12008053186699
7.1147486072645005
11.929966925073211
87
36.12887395668513
6.37162040361967
11.713593317221825
88
36.155010221937644
8.411334635042001
11.426564352002382
89
37.90101444528786
5.712467869610805
10.835206244828614
90
38.70218134381845
5.64856908571997
10.960944412902531
91
59.71681072271255
3.6729232169834267
6.54838985550262
92
61.47092427718326
4.34416762842193
6.450729679031208
93
63.139346292292714
5.012993320178684
6.456587228332644
94
64.53405048049414
5.561146931279227
6.388572672304661
95
65.22366689778634
5.846484528655846
6.3219064968499445
96
66.03908278797
6.146991494369214
7.607802953602167
97
66.57735365676184
6.2484207397330325
8.066865856870969
98
67.21324895351103
6.3056649236873135
9.734625942517981
99
68.31988573270044
6.08451397599946
10.518908871128124
100
69.05834826024464
5.8513157118850065
10.777975003689216
101
69.97250074034613
5.52377346898791
11.667973040081591
102
69.99465379474645
5.541031102630231
11.657237431256878
103
71.58720433854177
4.66712980204764
11.65370301808602
104
74.42888544328879
3.1407828785406933
11.65834907421935
105
75.35211453791834
2.6284953600044703
11.134104136546739
106
76.2342371998287
2.255383185481029
10.483326319880382
107
77.1824239207482
1.9803733798032077
10.060552674641327
108
78.28279093401244
1.7470086522740118
9.916670406916571
109
79.40277940276876
1.5571137240783592
9.87735386013081
110
1.423176301911346
1.157696353952812
9.801992011313864
111
1.708419043606023
1.0424233827076432
9.814705659250443
112
2.799859564475878
0.8564581969089362
9.80790955717906
113
3.935839504687383
0.6761239721491465
9.751329503812872
114
4.9796103903617635
0.5377780485870118
9.535774129097575
115
5.971399424057804
0.4542523559367506
9.427885389674154
116
7.031156258734232
0.34094318620984154
8.837313947776442
117
8.117223366265383
0.41160571309680916
8.353239702804348
118
9.103048068139017
0.5119110107568952
8.327118473511247
119
10.056942806357636
0.599194173587474
8.223592022944699
120
11.116506617235308
0.7053085120121421
8.236381116773073
121
12.336686953122976
0.8230843147196318
8.226694906614727
122
13.451832910910642
0.9282054811584106
8.274610782665738
123
14.432297607379445
1.003190403403424
8.278906039771632
124
15.35383839298234
1.0709132437410136
8.24325860671511
125
17.503752710429413
1.200140343489466
9.254200282742058
126
18.47636726057609
1.100234387222728
10.011673215901906
127
22.72160744950622
0.16542201893295116
10.022356950332576
127
23.728986357251436
79.96949882795063
10.101798386919725
128
27.93080884924064
79.11157174561563
10.037377582565579
128
28.955488903955995
78.92964916861449
9.941459702845258
129
33.06191616502639
78.20560459933964
9.925414452167102
129
35.040276193999446
78.06039013371131
10.502824241721404
130
38.837957116396055
76.85212913434486
11.538635109383868
131
39.588673327442244
76.38060821485419
13.295506081374224
132
40.217448337614535
75.73766941264037
15.23527921083847
133
40.97033359319162
73.72493958061843
16.337376374522215
134
41.31008200051801
71.88214776542944
17.69900320564056
135
41.20416774761446
69.76315249455195
18.54020641961109
136
41.033327893088334
68.83371100835078
20.896515923406184
137
40.57995262318457
68.17330022870671
21.803703602915874
138
39.23935139312321
66.92635687731763
23.26001686605162
139
38.34361810181019
66.39893561089303
25.750328085659827
140
36.45447916510321
66.35013987536716
26.858020205320233
141
32.43360587342692
67.00801864520287
27.301616151607558
141
31.4208970213653
67.17379412756644
27.277330021709645
142
29.40188238240836
67.48579294702745
28.198605884996105
143
25.343601013067207
68.84004943819886
27.860183318410133
143
24.377734820660613
69.10379087116742
27.72373199003303
144
20.218790635522502
70.09013585429749
27.761694767784373
144
19.275371664312953
70.30250299767394
28.357534554220635
145
17.18379597378951
71.03554077188
28.324347283851413
146
15.160130986979027
71.71553152515416
28.02668782114319
147
14.224332240487659
71.98215158065526
28.046761569211508
148
13.186217237569926
72.27615062531574
27.284659515008293
149
12.070514272355606
72.42619841527095
27.169766064385634
150
10.966422457155893
72.56207540893207
27.216310044496414
151
9.897523161078134
72.6889516854351
27.179823760624036
152
8.872268601749322
72.86519496077953
27.09831514847715
153
7.8153037785555295
72.98501399182818
26.63378094922838
154
6.704615371814162
72.92799382796258
26.48319755253262
155
5.621584828582324
73.10791725530521
26.51565213532363
156
4.601023913296267
73.05966143602394
26.445609095718048
157
3.607846965661282
72.95548309275823
26.45593961899704
158
1.4121204744567266
72.95065066275635
26.38351839692474
159
1.1482671370065436
72.91864537520564
26.33308555298845
160
79.99720536259315
72.92476794971036
26.399617742486395
161
78.90335293979393
73.12523283313026
26.383112509801546
162
77.78353502934587
73.12683572799175
26.39661839008584
163
76.70814400898388
73.13033909106998
26.205979070251203
164
75.70488442335244
73.11335607067488
25.972969390751647
165
74.7317329691044
73.07121857529725
25.97344311219358
166
73.76833245279984
73.03048991101781
25.752269148921197
103
72.77675176216626
72.95609390868184
25.27671862656033
104
70.67288673112319
72.476257654329
25.16982002959205
103
69.74921048652148
72.31172801714422
25.310782523012623
102
68.67157804010553
72.15194666220098
25.19038784235904
167
67.6044161876392
71.97673204511504
24.264880347955398
168
66.77301733051343
71.604613235227
23.185213145455215
169
65.9779973784008
71.20237201566029
22.385875082011538
170
64.55608956641791
70.05751636830244
20.44117664307799
171
64.1642164597527
69.27298060981131
20.142773385897243
172
55.8974237955197
1.073226543986877
22.90828977917846
173
54.997805444136944
0.4907888572110908
22.805214357244694
173
54.04955761571071
79.86076506665052
22.878510736228893
173
51.13686535385263
78.94085195705911
25.975928989287585
174
48.631606275573304
79.54775810308635
25.893642786679877
175
47.56363543320217
79.6404503820211
25.945075550483644
176
42.967767282162484
1.5220752582523578
26.77177229148538
177
41.91073457536715
1.751387755203801
28.022343928595085
178
39.87672163982525
3.303682711939733
28.210144555298797
179
36.76754713794961
4.749285267591897
27.705395361075986
180
36.60837976116848
5.10515639098113
27.742995719253614
80
35.4822010763095
5.407804520278501
27.696712738877476
181
33.57953978899072
6.405878430607248
28.325659072522654
182
32.6304215018063
6.829454466795392
28.315018650639498
183
31.666708740007657
7.167162269390316
28.357736628132518
184
30.673784115132204
7.5070767435242125
28.276413115678487
185
29.72001761337341
7.88173033370815
28.32507701900865
186
28.760996080437778
8.317681353919955
28.357833804028537
12
27.838519068698226
8.915880953303066
28.7332708259138
11
26.75008425036696
8.937249618496569
29.376138599212585
10
25.731280726749137
9.234153637457355
29.334109449838355
187
24.81010398831004
9.76012413662144
29.24169235067715
187
23.82919984079786
10.24315946363968
29.210505573283413
188
27.011528942627407
23.825163580147688
33.5625190834065
189
26.75233312254396
24.915327716746148
34.62448459266632
190
26.722335158722117
25.876379626947458
0.27939725639505686
191
26.794194955211722
26.884375346067287
0.3094379888192931
192
26.86328749602514
27.99589061580249
0.46629229368945624
193
26.949338590390727
29.025805562224743
1.2298960010503284
194
27.15129275117558
29.97142637632208
1.90033769810649
195
27.476938992746803
30.943021801402487
2.2111028373308463
54
27.874732406824233
31.98895169686739
3.5001657672599453
53
28.45253273852212
32.842150896794145
3.5507717284303517
196
29.033329491679797
33.683613523836435
3.5116548636253553
196
30.392359192091714
35.59412965131185
3.63113479586866
196
30.936410542517162
36.09754948172983
3.423643595874272
197
31.55606681879393
36.986547054932686
3.6127258714282515
197
32.14720633134003
37.80440130563049
4.582754300682791
51
32.8133299453665
38.41302460182392
4.8428091266012485
198
33.67335022063186
39.15743130339853
4.912332717606912
198
34.58426160237467
39.907459035076386
6.470275518518656
199
35.56358692354661
40.31144311167915
6.359351963724699
199
36.53424185788604
40.68101330989267
6.590667508765732
199
37.59076210617271
41.128212037099225
6.4976142766277
199
38.64656585436209
41.50992287021213
6.51836005229231
48
39.68005783501288
41.86253048526819
6.495780219342651
48
40.72566463654116
42.29671848761553
6.563800699144283
48
43.84502833830703
43.322160783815505
7.805907218332784
200
44.923958057069264
43.45371706183847
7.919281068173461
200
45.156367594561694
33.494040360860986
8.874674212133113
200
47.05808792895911
43.62585631164976
8.85816865135998
45
48.13490213465073
43.61379998186085
9.065067883329165
43
49.2140573628501
43.53691527518427
8.983151537746837
43
50.33898738549841
43.473359483364426
8.914257480465102
43
51.427007974499396
43.44162126434495
8.915575171772804
43
52.47700757595128
43.41626810294216
8.917840704566188
43
53.48287448396605
43.39060174135661
9.001662888494689
43
54.51142540875239
43.350745516613145
8.966482151899747
43
55.61127113351798
43.31030666844202
8.934774807754435
42
56.71449014583696
43.27555051091723
8.890050534490937
201
57.76737488336505
43.24594351421124
8.913217300102488
201
58.79734816815246
43.21888227286334
8.973893265139644
201
59.84072423534519
43.184375076364375
8.899091295863794
201
60.88985950770071
43.1587869272402
9.743620283529292
202
61.917080441777685
42.97117755979962
10.100256859630681
41
62.98279914537422
42.73908120655004
10.584486468069718
41
63.93636042642508
42.44295881102556
10.529192738611446
202
64.85143444678644
42.18140201959981
10.583252495854191
203
65.82625643617655
41.876470519091356
10.643646449541551
203
66.86455609125144
41.55857459999056
11.51253749067388
204
67.85700564037123
41.07508570135141
11.53500577159753
204
68.76655021380348
40.61389717004732
11.432461869698226
204
70.55292743520853
39.72579916278089
11.165123631901542
39
71.1279439254543
39.37264735519221
11.01316086003685
39
72.1764948992602
38.97074249706139
10.971999755961953
39
73.11150490969723
38.59224071370148
11.915316353655003
38
73.87162828290805
38.15420995990311
13.865931343899167
205
74.47389933660952
37.41772493351019
13.170556667175498
205
75.32362725999612
36.574549721132335
12.35892217934743
206
76.31650483550496
35.854322165721634
12.195625998990513
206
77.11511877279418
35.3146815457774
12.018985827485189
206
77.90546397982594
34.82413434186599
11.397598613500117
207
78.88334994639668
34.35397605794258
10.596916235086706
208
79.94119365530713
34.02639934601909
10.38041380884481
209
0.7692676868436128
33.80765907330332
9.86476925964601
210
1.4791906779549033
33.687623117200715
8.688136433155531
211
2.3510190201367354
33.69348751911799
8.00307811825097
212
3.2307670468240275
33.820381368718564
7.792147282864267
213
4.161936139844448
33.960639963233504
7.308784329166384
214
5.092729358620273
34.18756276006463
6.710785536966201
102
6.012299177159237
34.5001418492847
6.158326669803394
215
7.792250937690266
35.38218097549192
5.587017265973054
104
9.47067970326985
36.38013989106126
5.628044261986464
216
10.409813046317621
36.89283881049104
5.609428155122173
217
11.301085544961724
37.44144785066256
5.434366280499106
218
12.176666700827825
38.00963463270848
4.763899556830174
219
12.947613106293334
38.64600569040713
4.311906286733547
220
14.403925738641217
40.10766476360486
4.336731771286482
221
15.014124322337072
40.73413068992993
4.325663446569409
222
15.813752182693065
41.528560509333424
4.3040890442385775
223
16.557648259478547
42.28934287406842
4.3565080461984325
224
7.017456296788458
79.87230387064862
8.94246463625695
225
8.040150253780611
79.95043729562074
8.961784609900763
226
9.137243789633168
0.0182120316478096
8.945810394851359
227
10.254886931920343
0.0649831301681294
8.6821146417397
228
10.913951659202048
0.13464354536455359
8.700292448117182
229
11.281324268613552
0.17441761818776969
8.61768211302668
230
12.072345124303602
0.20670553680039738
8.65159189658501
231
13.50490178243773
0.21747916441758663
8.629016923941979
232
14.755130320544563
0.23768985831966494
8.63037368860321
233
16.58943752090864
0.28043524477230863
8.416146530320445
234
19.49393213019383
0.5557797662594619
8.01005109936834
235
23.514275647325956
0.9697145909566669
8.060423345383516
235
25.31252523688933
1.1509962433620449
8.079657854167587
236
30.3956564115614
1.4235985621469407
10.04570445234011
237
34.8671469487851
0.5080299524520313
9.969535586332258
237
39.16546106813976
79.68718177733705
10.10532265951625
130
40.92996955509525
77.91328954350878
16.274011960591675
134
41.66505723712964
73.1890718876924
16.688497943985386
238
41.56543952497458
70.9831352102616
21.288396355531695
239
41.15488867015969
70.49917390884035
23.244793342747514
240
40.54599911803936
70.154670336136
24.81278327344469
137
39.90864478782996
70.0169253629991
26.178888672739582
138
39.260561616844065
70.0262011087399
26.381481901189108
241
38.521090729379516
70.05512051480252
26.33486829151054
241
37.71016540045897
70.07167743831728
26.30612938682878
241
36.902803654882625
70.08235292486127
26.366132316425325
241
36.18165884191423
70.09796117647427
26.358547868624946
241
35.39129732189695
70.1126666860456
26.330528716835765
241
34.49594383321447
70.12143760693269
26.37618289879324
241
33.587645479719704
70.13558949907676
26.336428691064903
241
32.71886597170768
70.14600121388223
26.264286489412754
241
31.84497791385361
70.1466885180248
26.270145962584696
242
30.860073809084728
70.14922533492768
26.32918891521381
242
29.89634393794162
70.1586297974571
26.28691699761135
242
28.989518115695773
70.16355925831367
26.239146766634533
242
28.053447761253054
70.16158739323751
26.21435295954259
242
26.998478635400097
70.15504338675926
26.246368542739194
242
26.009329282590688
70.15239642851398
26.244178572294782
243
25.078419495749213
70.15078987647185
26.24433892536311
243
24.140831031087863
70.14999396992872
26.245144345945455
243
23.127465501766245
70.15027650141816
26.22536945055893
243
22.10568269837215
70.14676736142285
26.22649869324061
243
21.112433597726557
70.14349096739363
26.187271769086003
243
20.139589271962585
70.13416968412405
26.150845521802736
244
19.116328386581944
70.11908883624017
26.102538506677547
244
18.05725175711632
70.09577398836603
25.686475193186666
244
17.040743660889518
70.00080711822186
25.47341234925382
244
16.05156483125318
69.8744814453519
25.38451226356342
245
15.040327772046535
69.73375881484418
25.350480046884208
245
14.002869934645604
69.58895817958418
25.20095583290862
246
12.97102740672569
69.4187491995788
25.136093590280595
246
11.966997381906948
69.24822112538561
25.133822689353387
247
10.908608954074824
69.06941793534591
24.708545847529372
248
9.835402955704497
68.81248323079812
24.652140517396397
249
8.83247798443368
68.5648095302767
24.676987699044776
250
7.847636268167511
68.33350218773762
24.746500842347025
251
6.774426034354325
68.07934321729303
24.745533102526746
252
5.737593686707228
67.83857177416242
24.683938235798998
253
4.753038739876447
67.60907688048167
24.748836355131438
254
3.7710784951875116
67.38794393031826
24.76973209545405
255
2.7116477714080194
67.13120644571245
24.712200571797666
256
1.6610367259159644
66.8880985830609
24.690669946176513
257
0.6852558415475651
66.66663672158352
24.672261909483574
258
79.78389816736606
66.45005869926752
24.387926527365146
259
78.80744787653131
66.16968037272164
23.956739714797642
260
77.75981622024685
65.77972709576645
23.88917062354463
261
76.83718294753109
65.4395822220697
23.967296690397543
262
75.96540921663359
65.09391297708552
23.967236365623098
263
75.04679688884822
64.75130317688027
23.886891750971756
264
74.0894727748169
64.39409824130652
24.01098122790937
215
73.13122353905199
64.01613341165371
24.070621983785173
104
71.21437332607766
63.29560658532205
24.234577346658234
216
70.26600946749934
62.99165820221953
24.192067918486398
103
69.39922291224423
62.71213013428101
24.22651502501534
102
68.44311793264777
62.382789867117545
24.167259942312196
265
67.4596431463209
62.054338018999175
24.169411667397565
266
66.63112263666815
61.77156917255492
24.44650609258455
267
65.91138187798903
61.61139899486624
25.905975502567166
268
65.25718994077275
61.61196006722808
25.829951086500905
269
64.51227080798944
61.59105561307948
28.776850076500278
270
63.7828814316943
61.9550877024287
29.736430348010938
270
63.0832234575965
62.45625707213355
29.93955731502502
271
62.37319866019411
62.99170210246768
29.931766324905766
271
61.66152167556436
63.530420874006495
28.932220271812653
272
60.860351561108175
63.94667018351157
28.950980821825695
272
60.05131472372051
64.35665391609682
28.827033243739507
272
59.26269243879554
64.72480584535928
28.500284851326406
272
58.412670127714335
65.06891516723823
28.516168427685457
39
53.79463373190103
66.85781017393074
28.400407956180352
39
51.97935333972355
67.4828495804385
27.337726878820543
40
48.91973283892192
67.77030144359912
26.467617119893166
203
47.9308547036471
67.79071874176638
25.9556171980106
41
44.28357777452157
67.38752980262723
25.63366551263752
202
43.2742566365496
67.29441174620946
25.192406132679025
273
42.243363701424435
67.11299203820626
24.466255920110612
273
41.34704447108079
66.83948485798939
23.904288562172283
273
40.50368225751896
66.49924009357049
23.624200795728417
201
39.60771089081527
66.09921697349907
23.3888527057495
273
38.667547130115196
65.62384981492669
23.44046629179174
42
37.76324832964201
65.16248306908261
23.417539748430976
43
34.1377083682701
63.32102103708409
23.447289524582324
43
32.30668461656293
62.38246632471015
23.56649375589558
273
42.12416391829972
40.02145348550598
24.755579211048186
43
41.20468492221208
39.81648270347031
24.230472516297592
45
27.82871547228782
59.970884865522386
22.15269074854247
200
26.971033350177407
59.228547030093665
21.79021000500468
200
38.40834723438403
38.451875153774715
22.99077074913084
200
25.53498519488359
57.728806672882655
20.9517258127759
47
24.961084458651477
56.92704440925863
19.940102089145196
274
36.05098122995647
36.082895124940954
21.29297882276397
274
23.537131265406305
51.85806481595843
18.75816096330592
49
22.880539709291174
47.79962197704144
18.262499774226725
50
22.698743306793084
45.68645869026564
17.515500740775224
51
22.825423786797145
43.658414427506614
16.859379966616554
275
23.29871512309892
40.575808923186145
14.948247534166946
276
23.70821738448158
39.70060685950074
13.544611235231253
277
24.33443209732258
38.90095802264428
12.54929308240294
278
25.13139773830531
38.21715403854565
11.724227289738772
1
26.029436439034704
37.66006411813757
11.09347689213578
279
27.942277148353522
36.94892512940065
9.758442228700547
56
32.14021345441207
36.27194790937631
9.813234345984794
57
30.90552133065695
9.13315896755937
13.993735233023887
280
32.67812861689472
6.583000775008582
11.863139483757084
187
39.464836145385
35.72111856606311
7.239349136848238
10
34.02376157347617
10.039816956886693
11.764197756383043
281
35.279731674760306
9.12846754356611
11.617415622809451
282
36.54360113560507
8.229813612014958
10.996428892403179
283
37.41722932857675
7.888963430028021
10.40059230041639
284
38.447282430723526
7.567814128976803
10.440235406745371
285
40.30815829759854
6.35849866211237
10.589580889264251
286
43.77351010024355
4.39443310254602
10.994814922002616
287
47.29070748595164
2.4558487573518635
11.05536336419634
288
49.14355913906597
1.5070894343825247
10.590429172922734
289
50.126919323583735
1.1375615430688724
9.837824021012723
290
53.25421986937142
0.857091592889778
7.987912480997517
291
57.990033478778045
2.2001184142431276
6.738150873469564
292
61.96334786302603
3.7192262466079677
5.978827226522107
293
63.2301815278293
4.592565215623552
6.007257386045828
294
65.24959093235563
5.594477312140135
6.177281181685141
295
66.21232423866675
6.041811233405193
6.06030910556859
296
66.70942007959329
6.255189974297475
6.151206227411382
297
67.48613984750891
6.6549717246184015
6.0490990404243155
298
67.74066813481996
6.7886532601677825
6.431422016520782
299
67.7302898996182
6.78631756757442
6.413666859841107
300
67.79909567930176
6.807956038232692
7.813991790195878
301
67.8176781409062
6.814677324467335
8.892225403436427
302
67.97554675754634
6.776935369253354
10.56838779649764
303
68.51876791995466
6.58738900204421
10.584340310554635
266
68.98447863312965
6.435115361790995
10.622842747964748
265
69.47150486203078
6.279418655415189
10.573983594091844
265
69.90157505221308
6.148448036197281
10.596709949475
265
74.09514354356806
4.4532729963932525
10.586649490761138
216
75.44770353201653
3.7163970540608666
10.451657962696785
217
76.16777761450636
3.5568576689869245
9.896296217289914
304
76.93875466790513
3.4564527965364302
8.79924277299041
305
77.80139331916291
3.4794163546060375
8.633654050288815
306
78.75667073981882
3.512230845724458
8.549168537106178
307
79.70221119925223
3.54657233013746
8.548884487103049
308
0.6485993851947816
3.577587901870917
8.56447287080679
309
1.6606545389775311
3.605182729064089
8.507252848959398
310
2.6670541802375163
3.6428676002282208
8.618058533442593
311
3.6540914326154557
3.6604298999488796
8.546204047958135
312
4.619305423055657
3.689386089943202
8.507127155284879
313
6.580177208743925
3.7551477745778383
8.558102372603392
314
8.575311005795646
3.809014806148114
8.53196094471481
315
10.195007851123306
3.8510140186862607
8.443185777676307
316
11.162621896785424
3.8916819120866126
9.562068864504562
317
13.092089000961785
3.508046991520054
10.20753143589456
318
15.110500925637208
3.0244122134993594
10.10496285616593
319
17.92300347844026
2.429970506212596
10.458163183358957
320
21.87879581683931
1.3448056373145083
10.397794217438243
320
24.803202476194127
0.6069240035489778
10.362698302375547
321
28.81980590346323
79.6157640810002
9.038225939432541
322
33.0758646207607
79.7429710915751
8.550779036462979
322
37.170033972545255
79.90907320291188
8.542568940072151
322
39.21893603785141
79.97962496294954
8.536702986311832
323
43.79521348046058
0.1307821215564231
8.512983276762705
323
47.35231218486221
0.2516462371404695
8.529714568557855
324
49.353332462935604
0.3039972131468649
8.45386078027677
325
50.9449560033549
0.36085411529072564
8.41817101852902
326
51.68154266145146
0.3992359982154534
7.530908525719775
327
52.666027115066456
0.6052334433086097
7.56213068542983
328
53.526861695474935
0.7706883169451624
7.435274983730668
329
54.37535597151831
0.9122034307285061
8.222874245940803
330
54.96731305913508
0.9544082979503277
9.575629162162741
331
55.774175921056084
0.8186522003042316
12.060096043387185
332
56.94847597595195
0.005075469369244079
12.285982757725256
333
57.29803357012289
79.75893593683676
13.36790808977867
330
57.30532700354547
79.75012508960901
15.534977063297411
331
57.73475083856039
78.25359154877988
15.881940855840803
334
58.22519309392425
75.79974116276766
16.687132669826436
331
58.71268127334059
72.6804924327339
16.53328344455649
334
59.28668343829119
68.44770574755229
16.609241460272624
334
59.59303352508982
66.22966062961804
16.598640585192054
335
60.14391979460813
61.95023137832828
16.561443419109516
335
60.39797693907397
60.1469561134911
16.57782010233078
336
61.01332926969327
55.80209974034257
16.659087038200255
337
61.2746607193718
53.862740109318736
16.419954448858064
338
61.42305687065147
52.99742851447547
13.229255171751172
339
62.95122953800568
51.96603721127623
11.523029111751105
340
65.87578825551618
51.37155746499012
8.073717229859227
340
67.65699628724842
51.62094209092379
7.375586418855246
341
71.61888599295972
52.719256517041245
6.5150214633138885
341
75.58770629880014
54.20492446037477
6.5574276702644845
341
0.005770563635090209
55.877774065397375
6.544858592173936
341
4.542314554932102
57.56601234961737
6.6812436320504975
341
9.100347130192784
59.232946101137884
6.821520006269428
341
10.854230708735322
59.80787467353523
6.762638295861146
342
15.50414833059597
61.37730744141495
6.862938787147612
342
20.271564072930303
62.889152961242
6.5020737158035855
342
24.5864484339565
64.97972313999713
5.933602460829655
342
28.12489023685023
66.79773090263623
6.423963705362511
342
32.56722951013074
68.57059995262983
6.461818907941406
342
33.47482623882021
68.92985032007284
6.586545306246795
343
37.93365624130103
70.07798762207302
6.904744200835949
343
42.59261660261459
71.5107029268076
6.208978004814672
343
43.46190795988611
71.90327476801966
6.207923681914917
344
47.92387962762228
73.8738347072901
6.296830189027195
344
49.75666823199863
74.66224536198509
6.3012942408000105
345
52.29064054323493
75.57186317850052
7.074752787960639
346
55.65487391573207
76.53332727405066
6.377722352955985
347
58.18292095297245
77.54537685948733
6.413158886715362
348
60.736575209968194
78.55428523552435
6.495489742476654
349
63.17712907288596
79.51688809454633
6.411575821648465
350
64.09756768335285
79.88677457848775
5.799573160942677
351
65.58578775002556
0.8733070366286959
4.2458249228122025
352
66.67047585043308
2.1690989395364157
1.9222373112910005
353
67.38740068717385
4.765520799587692
34.933874240793514
354
66.61311290389901
9.083321252576429
33.30913243877603
355
65.132507524027
13.73909712357795
33.08287319438431
355
64.56908745206096
15.538941247446232
33.04516515970795
356
63.060415291098195
19.888621726396387
32.42413967076869
357
61.82727973892155
22.71013157463475
32.42040663844306
358
61.09468698094568
24.25447468185624
33.289551102249106
359
60.29943693790257
27.2365913577548
33.284380939509916
360
59.52909521124087
30.21945603736508
33.406669906198644
361
58.663779640750256
34.14467252752091
32.56484057051884
362
57.547274038893434
36.70409948538007
32.28299739805113
363
56.43685315836071
38.8599426173861
32.863386555972006
364
54.98568678326532
43.378951076323624
33.127462712220456
364
54.728509432755445
44.322104319957674
33.0225176688068
365
53.58496287321528
48.53637693565065
33.13346518023868
365
52.90145883884997
50.49435145110469
32.202492277284314
366
50.88907027561942
54.31956515711755
31.83286975393375
366
48.911581362961485
58.16856200800075
32.44307845978444
366
48.38947423483937
59.521989984100884
33.1793862026214
367
47.1326607713577
63.819196666110145
33.23795763256858
367
46.2250732609174
68.0296957637043
34.19946212130066
367
45.28385376214282
72.05830064546693
33.3801696476971
367
44.4834808791686
76.04200873702345
34.579392546107485
367
44.07077477542223
0.1386672885370055
33.91400520441
367
43.75497992454831
1.9871657479447045
33.96490261105627
368
42.92292563201167
6.317355192432752
33.40854294925504
368
42.191620293774946
10.684481255968773
34.00360871939534
368
42.07309687387198
11.563134036277033
33.93899101115765
369
41.80534009115997
13.417348672704078
34.02818396522359
370
41.56363358515576
15.211289832620487
34.18669179287916
371
41.02533627156111
18.684246994557636
33.90308622532286
372
40.39075111464588
22.23626953889678
33.69945613256835
373
40.055815361741544
23.734975762715905
33.80144811758169
374
39.87657628172153
24.737032261476077
33.22037401042129
375
39.37419079237819
26.155959521665306
32.24309326495143
376
38.61407537172278
27.455601019611045
31.01364304819425
377
36.523667234532034
29.17176531709962
29.098218540579577
378
34.66164476500512
30.008331031889547
27.913743449095293
379
33.010524330336246
30.473341375230298
27.896149202986578
380
32.24565565180245
30.665734185671994
26.814608946643926
381
29.738061545445102
30.68980697626568
25.996747095419572
382
28.26070144124767
30.619981132560955
25.861928779825842
383
25.345707164543622
30.46267509999974
25.958508634367195
384
21.942404602290004
30.285655933399866
24.272115281433116
385
19.664180699744588
29.42874849357464
24.12097436553475
386
18.14724559185161
28.742678502753957
23.075317632365504
387
16.506412518568094
27.7755959051879
23.752640325425705
388
14.824450316639192
27.000560617277706
23.364365257198767
389
11.86522438702187
25.063657789199894
22.51786646370524
390
8.127018053007832
22.239572875234227
21.72876014196754
390
6.493793156191141
20.156805592541723
21.18273322807488
391
5.020635859377623
17.7652789754193
19.400644466691027
392
4.4713006644505215
15.938573280600934
19.258266716812763
393
3.9978531277224096
14.208064843215492
18.508580609324333
394
3.8235182192407713
12.181264686156847
17.045145596095352
395
3.9986676158144316
10.550891817347392
16.881989077746812
396
4.206160507552369
8.326500569973666
17.048227656181464
397
4.340576550620091
6.488355946100143
17.05053785431683
398
4.416711777752701
5.381548229114125
15.855747303425545
399
5.036502324982802
3.7672838260511368
14.674389997508039
400
7.228321256368444
79.98712095575608
14.087525677326038
401
8.329206482750328
78.3660932261264
14.016050838510978
402
8.867397474966605
77.58403320166993
14.042539747799792
403
9.825435056383284
76.17837964001743
14.146548576729701
404
10.91446955485805
74.57947179882078
13.647547150965886
405
11.980409068637876
73.24559070613802
13.618569318459414
406
13.945030580852832
70.81931809350321
13.625197312686588
407
15.304733208038186
69.19614084449076
13.578157211779713
408
16.632231159969628
67.60212682458885
13.074368524795641
409
18.019753526926632
66.27283383122436
12.864058198567468
410
18.812049950047918
65.56763916761007
12.861755956410805
411
19.6459737362364
64.8107764025153
12.841719602248343
412
20.424302932167418
64.10448778005916
12.815476119311713
413
22.00185845735585
62.72141450390854
12.75345966004916
414
25.231773994747297
59.928344822998774
12.732145382275606
414
26.85312941506704
58.54193596962112
12.675445491676923
415
30.10187575159514
55.82439344765238
12.61020673182112
415
33.4321914368471
53.0752335956265
12.626136374209315
416
34.951759249857346
51.79036072991429
15.803579979249761
417
35.689987916280735
49.32264368620136
16.06783623736663
418
35.236714849357774
46.54139882400185
19.41947267739792
419
33.57799012910019
43.430220426869006
20.64790128002359
420
31.96782448324975
41.09169963818018
21.665757775608817
421
30.746793367353675
39.69432023276982
20.805104062703286
422
28.64316172298886
36.52645708860965
20.819776215566073
414
26.689012800275137
33.65009288656932
20.29903591535964
423
24.604152924244904
29.396255744210865
20.575688901314056
414
24.080485882676456
28.501745723381017
20.56458950582693
424
22.104936363617483
25.089450457878904
21.491568557819313
424
19.507357897681217
22.018534095195847
21.51907467353127
424
18.8174032758886
21.220531921611812
21.473626971473177
415
16.690471941863265
18.686205656355238
21.422210788081244
425
13.96794322603661
15.426425932446648
21.311442387634017
425
11.270540373720058
12.298076564757002
21.36164765930375
425
8.456578418127371
8.886306511596045
21.36618920662465
426
6.534594230223408
6.191498079063508
20.318466371589672
427
5.557888486998819
4.292736976066461
19.719015623864596
428
5.133210715824776
3.2498168078073064
18.1505965389663
429
5.029055013050862
2.1241607539416925
15.99378626814907
430
5.349735797095287
1.033143732800947
13.488329999404822
431
7.635427643976941
79.1171812892061
11.99279402358008
432
11.33235240420773
76.96383732315958
11.199313587819919
433
15.242691180209071
75.2965400482146
11.060390916754196
433
19.16844583439472
73.69829628986703
10.576822674630362
433
21.076168994722234
73.15790618049189
10.451212208610576
331
21.100905649468086
73.18646472092595
10.42944870327864
331
22.163473591492235
72.8745628955579
10.413543708234531
331
23.17568128751973
72.59300300350235
10.429988413464768
331
24.153761741403713
72.3254103304569
10.374787597646334
331
25.08871097203135
72.07720440729668
10.350303194459716
331
26.06420180064448
71.8315843694835
10.529844820818715
331
27.131307284067987
71.53320030619317
10.305424841974576
331
28.16816865782855
71.27646474627933
10.285587827020152
331
29.10340158073288
71.04211710437036
10.064825143143766
334
31.126342298169313
70.66101761845799
10.032282998056585
335
35.14492030255329
69.92983351486633
9.727167484019494
335
39.27385904261262
69.43768185498458
9.62465629085332
335
40.314634216700746
69.31813396096283
9.609615804032718
336
44.345539743324856
68.91592474287023
9.498503497991544
336
46.568838446810645
68.71114689821796
9.381753809259488
337
49.52940614318362
68.44685870909713
9.360254254569071
338
50.6340243889199
68.34524023580552
7.712129316591687
339
52.30682198283414
69.28160436629706
3.22512950180497
340
53.37495259175557
71.11809396634368
2.4884678822682194
341
54.28262919709327
75.19589556931412
34.61540503747795
341
53.91584053289169
79.34205862702669
34.49811889842005
341
53.72430880319858
2.4645028281569723
34.59485420341895
342
53.479507299198886
6.80882129596955
34.5747937734191
342
53.059250363058425
11.051730728622625
34.17942931105655
342
52.56537088159715
15.369723435181474
34.30445395433754
342
52.13525008446298
19.588993006845584
34.31400656332807
342
51.65366263976957
23.801097539821622
34.085489801569615
342
51.11310173273445
28.1069661811801
33.98458984211471
342
50.4976835892143
32.291508841480706
33.69034984516878
342
49.76410025877412
36.393274227689346
33.73983583024235
342
49.58044761325982
37.50282234969186
33.87758671472745
343
48.8475348705693
41.7297524920493
33.5237981898834
343
48.17949925575006
44.70613630883788
33.25141414783804
344
47.045403681336765
49.0193236902596
33.34176054025534
344
45.88962159627911
53.16264760835678
33.04237818977523
344
45.27692297888994
55.116059853661056
33.00987211323286
345
44.08435925224564
59.264716713991675
33.05924583484731
346
43.18815121466246
62.4625849618147
33.22132437989763
347
42.80817990865854
65.58539861734751
33.363128123759836
348
66.11769482130171
2.290291679688403
2.611525266430227
434
59.40492109355398
27.05728359354553
32.5103587271432
435
58.521695117653834
28.977713888368793
32.57376826857458
436
58.028903749290585
30.034123260234534
32.93748686527362
437
57.246409729544126
33.108700655487056
33.332059611773545
438
54.482948602947786
39.57835839093431
33.411960524822284
365
51.058322566154644
46.66050850722389
31.968432394115837
366
48.61583698960853
49.91762875267777
30.766274817389977
366
48.13044489092553
50.443456733692784
31.034003291788895
367
45.90920577922176
52.89191528384971
30.783078657155144
366
44.88134001908422
54.33130948884939
31.034410454644913
367
42.14311298659888
57.6056461574978
32.316187479264144
367
39.71658663193491
61.779193595947405
31.5917214999084
367
37.264010783254534
66.07813121458511
32.2787220218714
367
35.869042584170735
68.88286632813363
32.23394884425782
368
33.94022379244021
72.77202388624558
32.69533517035459
368
32.44014845394185
76.90605376781664
33.049833498378014
368
30.89162633633558
0.9732962724654184
32.56702636223362
368
29.682343261585583
3.9127653021495634
32.56145096811001
369
28.47937938750342
6.904477343091198
32.668239405347705
370
27.614025505036377
9.025820622595182
32.73004770695263
371
5.329382629593587
1.4513673546028638
13.94782373913784
439
6.691554061089232
79.54855812242559
13.863324725994163
440
7.806507077829954
77.97319556491605
13.923202933899661
441
8.480120729903046
77.02046422751206
13.936663330914982
442
9.153435614579735
76.07210361252942
13.94533431492003
443
12.502236750499542
71.65564669936202
13.762799280928437
444
31.053462136711204
56.394726043679
11.514369663923354
445
36.873691700512595
51.27962199257286
14.29883795586208
446
30.651856318248097
37.28783590883105
20.698381298429517
447
27.80105129582587
32.30564579920156
20.542067004851383
424
24.894209201001093
26.56665536683609
20.704904751274395
448
21.641056440457298
22.444107536042107
21.21090452373949
448
16.63555938732218
16.453922933010272
21.10307567354187
426
18.914982333531615
74.29828934553555
10.486227778563899
331
19.773202715522668
74.06611043745114
10.518434078229014
331
20.67318301226942
73.80753666582922
10.406636849223183
331
21.550829981928104
73.57691321246644
10.456529583290651
331
22.428524409738234
73.34243234857497
10.397361760346213
331
23.26034111317028
73.1255793194373
10.393302715954906
331
23.98884811598477
72.93692883369222
10.389052621694338
331
24.786715872180242
72.72976985503294
10.387053953446888
331
24.814968092941314
72.75935343324522
10.3738712379072
331
25.177372123626522
72.67106892234469
10.305283607126746
331
25.383640579830534
72.62699370337046
10.373558321609316
331
25.433864507112645
72.62282927601987
10.34276479385488
331
25.622709646989147
72.57287461635276
11.255553789455897
333
25.733346225903706
72.52866489474275
12.561669256713857
449
25.773996854558227
72.49410964486052
13.638737451446248
330
25.78342068762365
72.48060589305851
15.03504071977073
331
25.81222662510455
72.41143553295296
16.442284105449943
450
25.807507751983447
72.40097121714865
17.304451329921626
450
25.805752627505253
72.27944730709687
17.678277676121308
450
25.797183322809794
72.02419422964884
17.923141874216817
450
25.76857476242871
71.60046322267284
18.09641017633348
451
25.74171966004845
71.34422467603869
19.404217783820563
451
25.711231947625066
71.25935729454446
19.535353774155865
329
25.479042470642653
70.64628999540815
19.60745937763
452
25.490945619600836
70.6443580207937
19.587441107709033
453
25.18458002992966
69.84954779443105
19.42184998141949
454
24.96191578780298
69.17874316407723
19.407510343463862
455
24.610965542390925
68.09568516405072
19.471984572440242
325
24.145540639172065
66.7613110412067
19.01605010564443
324
23.85638690930203
65.70387678045628
18.925889222171364
324
23.660977924953272
64.88257551767273
18.93738411678396
324
23.448275077410095
63.96139698798809
18.833424401882922
324
23.19170007025778
62.80108390046027
18.74867397045479
324
22.959288202595296
61.64081819008227
18.723344715673385
456
22.761094123682884
60.60502585157192
18.49165150522773
456
22.627779998998896
59.666421274194406
18.096696650586868
323
22.555862055511138
58.56209929700228
18.05983083850895
323
22.466555054190096
57.40490981463421
18.060724848319175
323
22.382360018218407
56.32112241216079
18.012107734469794
323
22.31059323848549
55.34812568146908
18.032835904960216
323
22.245705725540283
54.333620774784514
18.00729616152619
457
22.175694148844297
53.24000354750851
17.82169871062256
457
22.133380888579897
52.13021096592145
17.197461705179105
457
22.226071111589924
51.1290460196212
17.14549570816408
457
22.308369083987404
50.10500670345927
17.106466089036726
457
22.396241841577893
49.01854863544155
17.11117439087917
322
22.470673870295386
47.91152907353664
17.09836117452046
322
22.53613665133221
46.89600754446735
17.11199982849073
322
22.598636849343123
45.85552908510621
17.10839822621155
322
22.663607960293646
44.75852048254308
17.07062892123051
243
22.79462931663287
42.62997494191779
17.123568344277025
244
22.908073093544996
40.456723222441106
17.109275468834852
243
23.01661671001813
38.332155975699486
17.115446598899638
244
23.122784416357494
36.2080202168323
17.11786585418309
245
23.225202650855024
34.04043723806334
17.181124575852316
246
23.30642125198193
31.879384330844232
17.141278413577552
458
23.629291880349143
29.745969695173763
16.58275782659841
459
23.78758722109742
28.702983568309758
17.872402937565322
460
23.662210702484195
27.707714797067243
16.765472751460475
461
23.768560747656146
26.66027083369783
16.73088611033792
462
23.92928691035677
25.56358819119242
16.775316505312112
463
24.037697946000034
24.54384554466749
16.721686018889617
464
24.148591397113773
23.51262524907858
16.765240224399086
158
24.256743194510456
22.414433455241355
16.692368839981526
465
24.37469358057386
21.3376046427307
16.78034580129977
466
24.45243100646761
20.471520798137835
16.78342681006888
467
24.540464691789435
19.478373540549214
16.83359740037523
468
24.636215474373426
18.379477303228636
16.740741019664412
469
24.735234883650556
17.372290106044566
16.820936212399815
470
24.855649927066057
16.45197986332171
16.898679022068208
471
24.927115212913947
15.503176149711695
16.786249837135916
472
25.01910561636417
14.442154912922433
17.035349867186866
103
25.075675799239313
13.426844093289763
16.93004666967536
216
25.139911540088875
12.417801844224563
16.782063796133073
104
25.40004351765024
9.508969058114438
16.6017917959435
215
25.500607493997304
8.634581437470652
15.925040545933406
473
25.733544193226027
7.726869759831713
15.841224445352434
474
25.962814606604148
6.813924494874524
15.027622979562938
475
26.305365163025396
5.993605743979965
13.249933335575323
476
26.76265018090814
5.451386726964938
12.431656406915048
477
27.30535061948468
5.005733684980549
11.447847027672267
478
28.18196748299966
4.541344451994867
11.08593111978274
479
29.32049972489641
4.034036376800947
11.127142277841214
480
30.379875716668863
3.554959112808495
11.055181332368548
481
31.246568925353266
3.1742745805064443
11.069997580637937
481
32.19840599024697
2.790655127066356
11.042124036401358
482
34.371022883183535
1.8703865004648899
10.973113880280488
482
34.77564024194688
1.5231311371840448
10.978494293238091
483
35.7461095355988
1.1214025686391582
11.083988603531765
483
36.759570763642266
0.7128780634539729
12.27611703081563
484
37.729970692497034
0.039108925641631265
12.629524845476087
484
38.61722648033203
79.33562758988982
12.739972950731532
485
39.40464241301588
78.68224848526957
13.103801454973096
486
40.17134821248183
77.94378369444746
13.060497100978209
486
41.0286689523376
77.13199963109874
13.017729011230802
290
41.84393998701251
76.3618765299488
13.048191954395536
290
42.62485121840008
75.61879141710351
13.127340581861564
289
43.41916178754299
74.83092977114944
13.632456175410605
487
44.17072356973012
73.9526449540127
13.690227004275517
487
44.88261854088188
73.07506205668315
13.692667342869074
488
45.57061141194984
72.20411067276713
14.118593287384895
488
46.1797102843461
71.31604665165146
14.239123816523787
489
39.655531715190065
4.671383349734469
28.63291614218326
490
38.6209369542106
5.104859948236255
28.518261017541782
490
35.68195112276489
6.098204982406717
28.261668762119942
79
34.64577072895427
6.503576898481008
28.293188499514468
491
33.672604309794764
6.881119667077759
28.255564485011398
492
32.683530078937565
7.237878093236075
28.265663439176752
493
30.35194319276878
7.913436395934392
28.30157478970238
494
29.323271740349508
8.239563930715102
28.573237672204165
495
28.262990037708974
8.631308157159896
28.499575913493842
11
27.244519461104016
9.024898250216083
28.507562284543507
496
22.95721219582182
10.788668255021806
29.59108747971579
8
22.050277935786507
11.374065438483528
29.563634913510754
7
21.137824846157173
11.959680433151409
29.89981425296175
497
20.238838970063743
12.618274894387923
30.5516706382216
497
19.421190638458793
13.38355603206501
30.642136995581534
5
17.849990878656385
14.950661143919142
30.682375368482106
498
26.615767879906507
30.554947271544794
2.2766824445299143
53
27.021831753718537
31.583211245917063
3.0568173888657775
53
28.71385490766439
34.29820819159082
2.9982678352472556
52
33.75381068809144
40.26598817390331
4.803202036688052
49
34.604725285359585
41.004573754115434
5.3705327225377335
49
35.553124052685455
41.65803970860825
5.642082119043057
499
36.545012701537125
42.23737777179041
5.900171926055055
499
37.55500371950663
42.79709146426295
5.973774636952616
499
38.54570867493252
43.26721216420431
6.483199131818491
274
39.5438282234613
43.63490048517004
6.716534440105867
500
40.6387532480963
44.0469056222682
6.7613507322982125
500
43.81871994828332
44.71657986091139
8.245037557779868
45
44.966140986627266
44.78942844313011
8.313373771958602
45
46.11049139354679
44.85981301842528
8.288333502348316
43
47.13716342622085
44.92205148024955
8.332362831436035
201
49.27003830093918
45.01338233647421
8.372352992157111
43
50.38627740979199
45.05639488196935
8.461670206998825
201
51.45391930001827
45.08403482181032
9.281315174560827
201
52.4755671562401
44.962588031555995
9.448457128743332
201
53.51898598616544
44.822195604873706
9.111269906265198
201
54.59514404667593
44.743838705539915
8.979005945744326
201
55.681744374165596
44.69330453344385
8.928227270760559
201
56.75277624496179
44.65079014621241
9.016251093854985
201
57.82095347558186
44.602738665050914
8.980971157278784
42
58.90440342530007
44.55833009534421
9.030452950955722
201
69.33760571289838
42.53139244949787
11.218554057456005
501
73.299498124682
40.20226829680734
11.672853907929436
206
77.1280564257911
38.41894811697771
11.677119905020511
502
1.357938590798617
37.525494203761475
8.246741381627928
269
1.6106997832195278
37.640003263762054
6.350009760734321
268
2.4343991123956226
35.649297563855825
5.832559424353289
503
3.388370786621951
36.366379372281706
4.196885746770911
101
4.2647480692111746
37.30377459507574
4.051710506926715
216
73.10697835645807
4.504228454558752
10.288029537088876
215
74.16963108943246
4.2049449022194425
10.364996287283267
264
75.26453634490707
3.902592503850083
10.258498034468666
504
76.32262265855962
3.6448702667977253
10.301396445746791
505
77.32696938507546
3.3991894978696093
10.326597014071659
506
78.38562691617201
3.1457094111969335
10.216609448728608
507
79.50800095764707
2.890184707521191
10.143200960418483
508
0.5491663016976531
2.671472840054468
10.065430514436015
509
1.5818271588709627
2.474924530693859
10.087600775286829
510
2.596181329594576
2.2676580685677967
9.95683431957148
511
4.752244569465256
1.833301091281427
9.981694650252138
512
5.005815076103694
1.6886645657755048
9.201931179017828
513
6.186804671078691
1.6429540308371475
9.087732879922436
514
7.269600247573077
1.6112812547402462
9.104046867962191
515
8.307802735474445
1.5781945826872295
9.088495002408267
516
9.366191826097849
1.5350476058142593
9.045564419218849
517
10.49885358083114
1.4745838190620018
9.016397321088826
518
11.579364084500886
1.4062932819030323
8.90244634268546
518
12.601666304850696
1.3515721683939166
8.88667686985501
519
13.64122667683271
1.3051149138684055
8.853489549388156
519
14.710449133269806
1.2746759443095916
8.792095783059606
520
15.82307590080384
1.269998827279855
8.765196010456386
520
16.8886732115701
1.1811383742072183
8.759896905095117
521
17.956236494929552
1.2518266444876645
8.770746154834
521
19.00988264011655
1.3194084935957542
8.812595721562865
522
20.104021468450114
1.3574712645382094
8.746541346887403
522
21.18990731408674
1.3819635988604402
7.832833835782532
522
22.343452013647504
1.4974247247796755
7.8041503530092395
322
30.8118324530936
2.9656095515968492
7.806203991271971
242
31.844732966228115
3.133955530248423
7.812841089333334
242
32.84459243784741
3.2808080984898247
7.823681149849774
457
34.2903641164054
3.0734774281469592
7.7620849923482655
323
38.27699478798278
4.012587457039712
7.559942665913411
323
42.15861368120435
4.468430464176235
7.247108134672979
324
46.12497202612547
5.607090564573841
7.27977185609665
324
46.52394471802522
5.845292555465881
7.26122246109216
523
47.743917431001364
6.054094667192494
7.09423867319304
524
48.57249607436882
6.539237931444439
7.125908931955525
525
49.3129466169487
6.653402712633774
7.159388851863962
326
49.61928430069963
6.811606539034042
7.1264609564938795
526
50.137811856190446
6.790121221216363
7.0867297726032845
327
50.57888033743497
6.99993723497827
7.136643320483055
527
51.08351356155828
7.0038288908021045
7.250633159604785
528
51.19702197928005
7.071474246378594
7.124477279210293
452
51.69452299873417
7.447731872063292
7.115484369270893
329
52.17460456214239
7.6373839743239245
6.39785886233614
529
52.20872047397804
7.669776699318673
5.084942401520934
530
52.34385660852608
7.761418385293638
2.7969931709662585
531
52.682965065118495
7.955915278762658
0.9046042281291147
333
52.68705743887
8.704355076640274
33.208051275898896
532
52.453611216933794
9.193892004898935
32.29334048425334
532
52.141130596303455
9.88676476885636
31.829365342715313
533
51.66739324321443
10.718840397773034
31.723985375105222
533
51.02930176527493
11.717078158452491
32.09030752179238
532
50.468692943517276
12.709107576981532
32.46956812632783
532
49.97570839000653
13.719380828817652
32.49009277440483
532
49.55571633522146
14.640702384242287
32.59953961983504
534
49.113938815161475
15.649564345499954
32.27743060828094
534
48.620886622316156
16.639622673051036
32.04405427131748
534
48.63123322164216
16.656366600588736
32.085865810643
534
48.0757139094018
17.62032796478379
31.974438623364055
534
47.52888863318513
18.575941825447845
32.0515431060452
433
46.97462349618919
19.5589118027804
31.742300124504286
433
46.424698697752405
20.44809193155272
31.676568954560313
433
45.89214266225876
21.23737841548357
31.78060286467859
433
45.2869457232522
22.2174020209381
31.77259348133977
432
44.67188417719942
23.20550666835913
31.79500826260429
432
44.11000151053043
24.108821510228527
31.79677066271312
432
43.537553558223884
25.043841584783546
31.896932135032305
431
42.96531242271076
25.992935289327807
32.1742819002254
431
42.46025336108358
26.93732118999234
0.7811608235782102
535
42.583270301504825
27.763298567342176
1.7421590111585084
431
42.84201137976832
28.410260468039326
3.443039996448416
536
43.378297299752354
29.30858825097482
3.6264165967214197
536
43.996777395187785
30.227035894752234
3.413388241285224
536
44.52149876684634
31.05331430469485
3.514878335319615
427
45.023204159184075
31.795336701874206
4.333901027070015
537
45.73350350454769
32.55035095090725
4.135067147700426
537
79.79494604513778
8.928060245323104
0.8095660264069606
537
48.084681877896784
35.10387958321418
4.234386111200161
537
0.20243278080285365
11.320666658078446
1.1621241228873131
426
0.3860494554865037
12.39479531097066
1.0359178975029253
537
0.5409983300525798
13.453284275931086
0.8516264685740562
537
0.6751567020325508
14.571892056645304
0.595357526543637
537
0.7497705293894084
15.600178438532659
0.619487112568055
537
0.8317348151074837
16.683105735890123
0.5557176137617286
537
0.9048070250000873
17.73277323777063
0.5241574368030153
426
0.9731343367880325
18.818994065154413
0.5373435354375455
425
1.0580662746076097
19.91580998907654
0.2741689029982759
425
1.0689595080895922
20.949550285861527
0.11145768483626961
425
1.062515595251976
22.001163194910127
0.0254360051851259
425
1.049482843217941
23.108434786608335
0.1279081710390806
425
1.0556372888448586
24.264903015597923
34.57228877734168
425
0.9507636696519923
25.38733725454281
34.03472107529524
424
0.7712233898529308
26.33497120580027
34.074863370374366
448
0.4398994314189968
28.342902743054612
34.13331475491604
448
0.3098332691641037
28.833688666552604
33.993055901638755
448
0.17808055789560218
29.961436704530673
33.53588371843781
448
79.92271173613643
30.910570505639058
33.19562786055949
424
79.64289867944815
31.926600658357025
32.654658995502835
424
79.24363943392764
32.99848098934285
32.70434817108877
424
78.83633218178409
34.0025421572138
32.684199873364655
424
78.54930696109709
34.84914403473331
32.504132982414504
423
78.19682483695317
35.7909916830053
32.48083348059266
423
77.7019516038148
36.8509187189749
32.45287396694584
423
77.27851287913822
37.7942482900578
32.30275085692278
423
76.99733314286188
38.7209921827149
32.372301181221374
423
76.46556155772022
39.570407727250526
32.27153101268086
447
76.10238554224857
40.42902161061035
32.106977696239355
447
75.59961373470313
41.33212114320047
32.192574558877965
447
74.36229637723572
43.85333388831562
31.68201320922079
422
73.33836605829157
45.40372144302842
31.726621060112095
538
72.85351528498269
46.06734452803151
31.835794208264694
538
33.277871436468395
46.397471483927276
1.8572690092986175
538
34.0867488959953
47.645846874128395
2.0638370732623734
420
34.56733947977629
48.553656628719565
1.8588184658921088
420
35.216333699644444
51.97421348767581
33.1566515787359
539
33.2277519928843
54.10515028066419
29.71143589251397
417
32.396331797609854
54.646774171284335
28.779115371769763
540
31.496689122596727
55.03831060160432
27.76251872405123
540
30.484041412552575
55.146919021022086
27.201059487201636
416
29.350909294267122
55.32098904005093
26.03981226447776
416
28.40195115806568
55.359573683639596
25.938482029619536
445
27.453783995583628
55.29544204948551
26.038301021976885
445
26.436681929770558
55.23919465960876
25.979876188189316
445
25.33144654121162
55.48875121180286
26.241341863733567
415
24.2543520416596
55.26722777657078
26.133861061432597
415
23.20911316215875
55.07591089955541
25.933847135102866
415
22.183392024539184
54.93132227173732
25.899102305392564
415
21.066473633919593
54.841041489115995
25.842714350487793
415
19.952761279529813
54.77108810337434
25.835605846036195
415
18.89262018107704
54.70397829148889
25.755858482289614
414
17.918663284963806
54.63785743901475
25.587355885550284
414
16.84743837299477
54.52907906714147
25.362407362581585
414
15.714590875195487
54.36852464937445
25.361882130748135
413
13.598135964355956
54.075465424204694
25.47349556083491
412
14.374736715522031
54.1141307851868
25.496240980891848
411
12.028909828306649
53.810780089639145
25.33718665260401
541
10.950907708683133
53.67146478381338
24.97859889146728
542
9.910244087623356
53.474264413974105
24.910631727927086
408
8.892597218640436
53.25327073318333
24.933440870888802
543
7.809995875443693
53.044595724575984
24.903061327975724
543
6.705114137659938
52.83011371595845
24.97357235002628
544
5.731047926181862
52.65357151216244
25.097932096586057
444
3.911765486281407
52.338310816227334
25.036745060129917
406
2.040353577922798
51.995502472313376
25.018681605619644
545
1.6258317878366926
51.86968210980066
24.939882736623797
546
0.7887601880189112
51.75083408378571
24.403530635079036
547
0.016602035386692027
51.51358610548908
24.35320791631139
443
4.810879592422939
78.80917026214546
30.48550137040285
548
4.420616383267387
79.39749030113505
30.571484055205133
548
1.188136378179335
4.806654982963967
31.231497277921804
549
0.15418900319376982
5.95851113893755
33.07556378272774
549
0.2194621693469787
6.858496546264012
33.68245136073632
397
79.92667446339999
7.502616061412066
33.736648997078106
397
79.51704979119529
8.151366559457243
33.5535108016297
397
79.61999617503783
9.371275626316196
33.75458426503539
396
79.41234391032377
10.164079613547504
34.214205200738846
396
79.23999356871497
10.710311976025602
33.997228212390034
550
79.03149545597263
11.477804429580761
34.143951690961785
550
78.5783917853006
12.542015732506352
34.409220990300796
551
79.00227129375122
13.649999192037313
34.914468457672015
394
78.62335105955357
14.11533239476089
34.93875038133161
393
78.5736480356265
15.024006883064608
34.90464202984792
393
78.44435531788166
16.134418615019722
34.842487224809446
392
78.31590902422921
17.991672161111246
34.82312676749739
392
78.24552929317998
18.310216339858822
1.0520978806940722
391
78.36304459762492
19.350236558466435
1.0809130630237163
391
78.6835914131502
20.561911299730916
1.054989596624052
391
78.75548893174812
21.509267881266595
1.1770470280650662
391
78.8669621733988
22.37294960958391
1.3906118326762629
390
79.06717789390497
23.41005324844112
1.2903121708821486
390
79.310139201404
24.595995358203496
1.3958678873358847
390
79.54396640924297
25.612567056967357
2.184603187613669
390
79.87629021237318
26.50164746566288
2.0779040321085382
390
0.19695105035253602
27.456592877923846
2.0830484165115393
389
0.5924303308284022
28.574638186877863
1.9816477863359743
389
0.9317440909414108
29.586655642909996
1.9551843776375373
389
1.5415480312422525
31.362707778922378
2.0993544082853655
388
1.8408443643979227
31.95749554562245
1.8796836421044802
552
2.1875030029005367
33.09754004207941
1.6770232764490314
553
2.4697095734973944
34.106649620189195
1.808536685734841
553
2.6946316402372807
34.94500507151319
1.8478404371473949
554
2.800429457271554
35.36862855894609
1.8734293562051878
554
2.7890507082837313
35.394979483997204
1.8818437732517923
555
2.9789808563060594
35.9927086969605
1.0860017131626503
555
3.0540720397127625
36.6035375970611
1.0621473776609336
556
3.0638185584659574
36.81851288615392
1.0642295083871138
556
3.0664389009811845
36.929347205495006
1.145115845693779
556
3.0502511396361456
36.95003643046966
1.0872493230422893
556
3.0318926835091977
36.966188698962
1.1005982137603088
556
3.014342706543321
36.975965194703825
1.102223847583542
556
3.0082908984994834
36.992885481611005
1.112361861133658
556
3.0059408617754624
37.0012167051516
1.1065678051724102
556
3.0065675402306473
37.00864393080182
1.0849758850236104
556
3.012336988529852
37.049571217814176
1.140344777060489
555
3.0282845050912357
37.13739858560362
1.084511733097103
385
3.0740376939012544
37.37947947103706
0.9356966753045017
385
3.134327199480607
37.779246923514386
1.0912723941341231
556
3.1773441196505914
38.062233274693206
1.0046355397419355
557
3.1936826854620177
38.19475573868891
0.94532999911265
557
3.2339747355323984
38.45878706248286
0.9514392750566265
557
3.2915133420057137
38.82711253189408
0.8791344544679249
557
3.3323192523905263
39.125183720362024
0.9223029347851439
558
3.336504587331273
39.19163010730806
0.9040943487577728
558
3.3795676145631015
39.477678736967704
1.1188533179497542
558
3.4763910729757272
39.976688262507004
1.0069063598019916
558
3.536778744661932
40.356371565490555
1.0193673382861737
559
3.558522258119053
40.530104491819465
1.852072670745113
559
3.6373308194583522
40.77209468325274
2.172403120264357
560
3.800838517653794
41.19295752316101
3.302213288494168
561
4.030482889625539
41.56746955155109
3.2654644828559887
561
4.310566813488709
42.01678143063062
2.680914613091847
383
4.566855114023025
42.53652934289507
2.6894322982032244
383
4.811725345311675
43.03063195966492
2.6398590350946116
382
5.095622456714108
43.630944640750435
2.69507237167699
382
5.3968261177638555
44.251613767228264
2.6125192272391136
562
5.660847112949372
44.82546518908459
2.5408865312954565
562
5.857087648767558
45.271256765638384
2.550714525877535
381
6.259073572336745
46.13136346321045
2.664333999756009
381
6.451292437564513
46.539213355452716
3.4097874305677323
380
6.687537921570386
46.90460734903144
3.607007002532292
563
7.068830586613062
47.43113735660131
3.52338133646478
564
7.4096461510194835
47.90924816713441
3.539186875388978
564
7.644702316815701
48.24350507489093
4.130875347764982
379
7.896149894147117
48.53598691089749
4.580263575478268
378
8.409453815499834
49.00589913239377
4.586372227488423
378
8.945403464679439
49.5021311374516
4.84154906058883
565
9.164331168821157
49.68624980822504
4.520911609749388
565
9.315151128097936
49.82625297835594
4.577295599399428
565
9.657415187108363
50.14936011487254
4.338744829910149
566
10.01242609826238
50.50411514199287
4.276748492714807
566
10.191281525385742
50.68572455528326
4.547918143078036
566
10.364714216300474
50.85225385967108
5.516063160191554
377
10.77566018690105
51.117815404654124
5.976494535418458
377
11.310785776423167
51.39478972197915
5.762247257614727
377
11.733509943637548
51.61900186585646
5.890614334452163
377
12.562096950087641
52.07525902992499
7.9385782765102135
567
13.1690463680087
52.15630419207311
7.735771627493357
567
13.792685547359907
52.249809197691484
7.6196456538520945
375
14.340727033645893
52.337447040687046
8.066931145513681
568
14.895242909401953
52.3849876818604
8.9248443170039
568
15.615704592593051
52.34886273336673
8.966083660332925
568
16.468454262040318
52.31401489260436
8.963749195099743
373
17.30695214799367
52.28419198277758
8.999631037047568
569
18.032977066041806
52.26100418014237
8.949142839101482
569
18.74855095755738
52.247712265599176
9.465073932309602
372
19.61168520017013
52.13962805104785
9.468625468211455
570
20.581131331665077
52.029096118907844
9.333408127294103
570
21.525212999496134
51.949866272751954
9.247147958191382
571
22.360093549762276
51.89339414283324
8.615287279051191
571
23.305464789108836
51.93241548300768
8.685081900603764
572
24.43591425218687
51.94980845734929
8.620797624142972
370
26.52597435412931
52.002565934429356
8.519447141463086
369
26.82551200607075
52.032079400877436
8.038506532392146
369
27.836900711923292
52.14670337724955
8.036292027461966
573
28.83713850492215
52.25890998777656
8.124102398345068
573
29.85155654887356
52.357396115033524
8.145944891464206
573
30.884288208122154
52.45088079881674
8.073959963553497
573
31.88237285939511
52.54532655030317
8.051391029419493
368
32.8754750003672
52.64243597354621
8.103270954220609
368
33.90211962310271
52.73697262226167
7.987895209020042
368
34.96632977708963
52.84757268109419
7.140041861322578
368
35.91103368905276
53.105404943291376
7.106566851832687
368
36.79702946818197
53.33155081560056
7.230114520797676
368
37.763934883566016
53.559388192232596
7.16447250533963
368
38.80838314584114
53.814330231158536
7.172612859392107
368
39.84351072312194
54.07466563098461
7.432950498694616
368
40.78212022361577
54.25699371498241
7.905234759890465
368
41.64469129432658
54.34298696324437
7.689739474915795
367
42.46645267988225
54.45504750149672
7.250621073942462
367
43.33676772680045
54.64342943644562
7.273098902972581
368
44.34181778295853
54.87240667875547
7.277226772230311
367
45.37521608426722
55.10311425964873
7.058979719471276
367
46.324372051916086
55.35273243062591
6.297027697514012
367
47.17807645858265
55.706470938137514
6.2994141883049455
367
48.1061970778659
56.08840371063482
6.365100573846494
367
49.125469119682876
56.50062351481446
6.372332960980673
367
50.11948079207847
56.90963218584352
6.43259854482259
367
51.07888713636923
57.286698297647206
6.437543568174492
367
52.07965430852217
57.67838749081658
6.232886032103254
367
53.06923490265014
58.10922578322223
6.066178756049447
367
54.04621352936172
58.5716872102042
5.776883783313327
367
54.99611709885675
59.09025129733395
5.776067742129968
367
55.91632992244661
59.57950057329842
5.724797969084082
367
56.838901273735665
60.08051849680284
4.693376688891012
367
57.68158437625331
60.7668757258858
4.646007463415642
367
58.507678681553585
61.483777127111836
4.616173669458212
367
59.35954787484351
62.23957458561064
4.72151346446553
574
60.158572019463016
62.92417761533316
4.280672888610079
574
60.853179318116084
63.632856964230214
4.182919814310801
574
61.569604685945095
64.39197279449925
3.2479203999903286
574
62.22105461693328
65.34394294469477
3.150613890529849
575
62.83618205458476
66.31646964968635
3.412137229137593
366
63.42432995970954
67.18196625080955
3.202098818330551
366
64.01905203432271
68.11799854523059
3.0579365326003627
366
64.64267133794894
69.15535234220543
3.8151604343969128
576
65.39526481567812
70.12115146372452
5.4272588800945805
576
66.30888216363506
70.77233180340033
4.662071135963167
577
67.1062033287044
71.48437184992706
4.516056145757203
577
67.93759852215516
72.27274739219142
4.587133022432492
365
68.84334928104482
73.1118261032845
4.125788418986078
365
69.65664050817452
73.99954819087138
4.101260124439702
365
70.38487857171204
74.82461139034056
4.0666879557714966
578
71.06867575690791
75.60659868975765
4.05126426936795
578
71.83554887284909
76.46900198216021
4.042888592700769
364
72.59364732036188
77.31782929144612
4.019458398806862
364
73.9980203562557
78.91339480228318
3.8711452709666645
579
74.58206945940822
79.59183334342507
3.8048618110409826
579
75.31547148908633
0.4879204560632475
3.732434399763389
438
59.67855043755867
30.128316551494553
14.100423174844197
580
60.23473005626187
29.21016863640407
14.102620753128502
580
60.87744082472866
26.979166485544585
14.90582813465377
581
63.30841831546408
20.935634447894454
14.292031926661966
582
64.43764418806515
19.044250754158675
14.042580382311758
582
64.97460856434947
18.505344103249946
13.674108668971707
583
65.61690150681179
17.66573521729666
13.831325159303752
583
66.28506748534905
16.78095583231979
13.644877200615326
583
66.99968998127333
15.878438065637674
13.597209708162085
583
67.96135014197552
14.06014626088827
13.184557446989059
584
68.78840683419733
13.254413820773888
13.096342434478325
584
69.48499507208655
12.039378913451472
13.167618171195972
355
70.5370070955195
11.619354082346396
13.122308084402208
355
71.3610206694494
10.948007882552071
13.05417341004672
355
72.32781244498871
10.192400437481364
12.984230351020686
355
73.16215374953146
9.406392844826184
13.004960237939057
355
3.7050552872052522
27.568432484964816
1.330040836937623
355
4.05283431979646
27.848309367126305
1.8138665183604044
355
4.298352653562089
29.029846162885796
2.119334465623604
354
4.78936801884719
30.06160316256131
2.6368082980151235
585
5.53947278519542
31.94623596851222
4.469185734292888
352
77.39221440714068
2.2324610477318125
18.631226150622958
586
54.37349953055781
75.68554811528277
23.886091352230707
587
53.43078815936505
75.26370762384802
23.937440973973644
587
52.485094219101896
74.8532631142812
23.90801673233159
587
51.4611023114012
74.42372708813313
23.89471974993736
588
50.42075111022137
73.9821208783261
23.389421288140863
588
49.51156862274073
73.49568176747431
23.404146218786785
588
46.31994768496631
71.96620361697452
23.39546352178834
345
45.446475315724804
71.51631483877478
23.405650403396113
345
44.56395039959594
71.05813926862172
23.391084989391604
589
43.52654773833723
70.508511840597
23.07991964132816
589
42.49300812850523
69.88073025765271
22.958194512980462
589
40.65860901877472
68.95115228042236
22.877933668980447
589
39.72965136105568
68.381235011455
22.800219889337782
589
38.72533338736717
67.73885390950339
22.854377628595024
589
36.90992261069607
66.49241097458797
22.30512710657599
343
36.05047882883546
65.82631692245903
22.356371770438045
343
35.19373303641134
65.15496926872248
22.379963028439683
343
34.28759148120175
64.42481275773793
22.31704159070361
343
33.481630302295706
63.68888394401132
22.288538445915272
343
32.66019621853498
63.00688177689919
22.135727788135547
343
31.882357046083925
62.32475072486079
21.789488801584497
343
71.45187791284299
47.895008307695406
16.7758752749305
343
71.58626662431313
46.719080342646585
16.79676479639629
343
71.73502060861955
45.69741482963044
16.79458064505171
343
71.83801304528129
44.727103225205454
16.792511054584363
343
71.94298093494923
43.71507369368546
16.809640088128933
343
71.93151881159886
43.70656080315875
16.8187813670824
343
72.05700865836225
42.58485140177788
16.62974243310689
342
72.2039498274165
41.52794985240742
16.531834052753062
343
72.35355738319124
40.53263678146569
16.49196860773383
343
72.51217861644662
39.45967686681619
16.492102794722868
343
72.67764603666069
38.338151640028684
15.855455463324045
342
72.99258045640534
37.30015853967968
15.944360680053418
342
73.227531830123
36.349369264555314
15.89631051610721
342
73.47051139703281
35.34193341657271
15.951468830906556
342
73.71797896984839
34.27974537451284
15.892304538191798
342
74.01545953635389
33.210145082772875
16.024087908640816
342
74.27281262466654
32.08232138102521
16.006565593904458
342
74.49347809099982
31.049976965738992
15.774648002768217
342
74.4653735493516
31.054703998931892
15.812883226211387
342
74.7229616686723
30.060102870262934
15.734344147438392
342
75.04841622574656
29.00111426050935
15.757904273538298
342
75.3446045756088
27.892858044195254
15.791020957770979
342
75.59906135057444
26.862446626076977
15.74307474814594
342
75.90551279998441
25.860196576890694
15.81663992600388
342
76.17278687091591
24.81167826561718
15.820694909481439
342
76.44041865945866
23.726804918079583
15.882434717451478
342
76.66701028771374
22.713264325073467
15.783579571529394
342
76.99147829124641
21.696027123335654
15.023489874820797
342
77.36263503791243
20.75545583318902
14.894321858081497
342
77.34738001322063
20.735286169962432
14.926551210315791
342
77.83761292745002
19.71301775433796
14.938380630338445
342
78.23049101818758
18.76837603717124
14.913737886499963
342
78.6783941009781
17.8211118797681
14.999175335899404
342
79.09043324974266
16.807203281385963
14.991912497931589
342
79.48713342317718
15.790006365751292
15.01967944200944
342
79.85134636853599
14.789783546328522
14.531342159435424
341
0.340751361262319
13.953201164532034
14.545044875201464
341
0.7586102678074418
13.046270208053976
14.652713628933872
341
1.3453770804212892
11.988025138495173
14.595555778143849
341
1.3143329146600595
11.982782971864266
14.629540092472016
341
1.7877439924923504
11.018552723333379
14.72679312647151
341
2.270063168991231
10.12188995016377
14.716628047286479
341
2.69239563784188
9.191610507846201
14.746400765728517
341
3.2497844645379006
8.138698319580135
14.75932543059738
341
3.7048551068313076
7.131958127262838
14.695834735288225
341
4.088511968785107
6.239656124229418
14.39313694465826
341
4.651720383853791
5.363538636254371
14.339335873967237
341
5.26870589798508
4.38076019096774
14.266514253281871
341
5.909877595285469
3.360487762812153
14.267383423046718
341
11.82543789274359
17.731504645784792
17.83344848725288
341
11.785133083273008
16.783987883793493
17.97922861473508
341
11.721743996660198
15.742827003991394
18.982371185240346
340
11.74184405982066
15.741173200222313
18.96639056085595
590
11.46648121280345
14.639004560384805
21.07911774517937
591
10.884509912048475
13.82741817902074
23.516051394348032
338
7.363749284870103
77.61300777247182
20.218061925426007
338
6.8635207564369916
76.6440228012632
20.228603703270032
592
6.368382214326285
75.62041853553625
20.12729568410402
592
6.094617739630839
11.437998024506172
24.904767355165724
593
5.165875650033421
11.248223034637189
23.980969222600873
593
59.26522272204649
70.72668093330155
34.174364535591224
335
59.12622279216789
71.74711349053871
34.138671654836976
335
58.98619103932509
72.79030968530998
33.86752149440324
331
58.810466111175614
73.81111027568257
33.67746356912699
331
58.584964556343095
74.89675699392427
33.78601502095371
594
58.3858648031501
75.95428739955746
33.568884424823686
594
58.175057922846065
76.915046608694
32.50212214804427
595
57.95151897591327
77.46886268020185
30.473071205078426
596
57.71478054103942
77.74049480607182
29.310698964356984
596
57.33290187164942
77.97494251614646
29.126534151512807
596
57.09514733994759
78.0959014663414
29.337850812692132
597
57.06784172207307
78.10599249970727
29.2948827206782
597
57.04708875176234
78.12038559527637
29.292067287858018
597
57.02990916025371
78.13452072638195
29.29012927898312
597
57.038553634960834
78.13238951874578
29.29164761822009
597
57.01275739027034
78.15152019590204
29.241912144655263
597
56.95874269065578
78.18148566709915
29.156930931781428
597
56.95388733773821
78.18117409962804
28.48400730689225
598
56.950318622832995
78.18785880362735
28.210260322623192
598
56.8339408637968
78.22887787480713
27.71838034641302
598
56.69952852099894
78.2631503170122
27.70017290911302
598
56.67266644847316
78.27255756891265
27.68045578644533
598
56.63479583186097
78.28482205828838
27.678181540215235
598
56.62408811351035
78.2888100615779
27.492664192975415
599
56.60994728348749
78.29386728237561
26.86908288564544
599
56.593378814792395
78.29764686744055
26.714771162377737
599
56.59009589513425
78.30014169458563
26.719292196363703
599
56.58286155576292
78.30134566350186
26.725785520404145
599
56.50031089776108
78.30819404464943
26.63095784704233
599
56.30023189957216
78.32571321110349
26.53153698671298
600
55.93239247136998
78.3426858305356
26.5091518065877
600
55.35313196756045
78.36724087012668
26.456306862750992
453
54.802079435374445
78.38280159030577
24.991686920563147
601
54.41436194399654
78.2931448243428
24.66782495010008
602
53.75259246946564
78.1110784526615
24.843611973245658
455
-
1304
0
