0
-0.16892275303737392
-0.5457312659622742
-0.9552420015064225
0
0.000000000000000000e+00 

0
-1
-1
1
-0.16600423851223745
-0.511304760562299
1.4864689504660675
1
1.000000000000000000e+00 
0.000000000000000000e+00 
0
-1
-1
2
-0.1650024873140287
-0.4877414858154917
1.5876689492468772
2
2.000000000000000000e+00 
1.000000000000000000e+00 
0
-1
-1
3
-0.16571539272775077
-0.4546497160432704
1.6060189476381104
3
3.000000000000000000e+00 
2.000000000000000000e+00 
0
-1
-1
4
-0.1669159821523514
-0.44135711137408207
1.6889189456521623
4
4.000000000000000000e+00 
3.000000000000000000e+00 
0
-1
-1
5
-0.1716564213599471
-0.4050696943530585
1.7439189433036901
5
5.000000000000000000e+00 
4.000000000000000000e+00 
0
-1
-1
6
-0.17782337845385365
-0.382524854745643
1.9115189406095094
6
6.000000000000000000e+00 
5.000000000000000000e+00 
0
-1
-1
7
-0.18710517832934406
-0.36116128164188965
2.015268937588475
7
7.000000000000000000e+00 
6.000000000000000000e+00 
0
-1
-1
8
-0.21016330992376522
-0.3186663391283793
2.136568934261353
8
8.000000000000000000e+00 
7.000000000000000000e+00 
0
-1
-1
9
-0.22892054096299716
-0.28941381943076594
2.147868930650679
9
9.000000000000000000e+00 
8.000000000000000000e+00 
0
-1
-1
10
-0.25133353546475046
-0.2565906448201578
2.195018926780606
10
1.000000000000000000e+01 7.700000000000000000e+01 
9.000000000000000000e+00 7.600000000000000000e+01 
0
-1
-1
11
-0.27916403118633526
-0.24417577832877324
2.7228097760415526
11
1.100000000000000000e+01 
1.000000000000000000e+01 7.800000000000000000e+01 
0
-1
-1
12
-0.29263068223676164
-0.2232136073124699
2.5674943437389572
12
1.200000000000000000e+01 
1.100000000000000000e+01 
0
-1
-1
13
-0.3218486080269071
-0.20303908294476702
2.635521838538752
13
1.300000000000000000e+01 
1.200000000000000000e+01 
0
-1
-1
14
-0.35227635877973607
-0.18488266342316265
2.709649333147313
14
1.400000000000000000e+01 
1.300000000000000000e+01 
0
-1
-1
15
-0.38366399887694275
-0.16881914997263076
2.7732768275881794
15
1.500000000000000000e+01 
1.400000000000000000e+01 
0
-1
-1
16
-0.4159661472688429
-0.1547420433628822
2.8326043218857913
16
1.600000000000000000e+01 
1.500000000000000000e+01 
0
-1
-1
17
-0.4630320379435036
-0.1381556592793593
2.8988318160653357
17
1.700000000000000000e+01 
1.600000000000000000e+01 
0
-1
-1
18
-0.5254405818771544
-0.12081170240928332
2.9528593101525864
18
1.800000000000000000e+01 
1.700000000000000000e+01 
0
-1
-1
19
-0.5737856491941207
-0.10916374266991102
2.985986804173745
19
1.900000000000000000e+01 
1.800000000000000000e+01 
0
-1
-1
20
-0.6275861405967963
-0.09803909856532009
3.008714298155269
20
2.000000000000000000e+01 
1.900000000000000000e+01 
0
-1
-1
21
-0.671592825645198
-0.08925127651821427
3.0147417921237105
21
2.100000000000000000e+01 
2.000000000000000000e+01 
0
-1
-1
22
-0.730616365914468
-0.07842005335278943
3.016469286105554
22
2.200000000000000000e+01 7.900000000000000000e+01 
2.100000000000000000e+01 
0
-1
-1
23
-0.7604611802412178
-0.07406581649094812
-3.107138526971421
23
2.300000000000000000e+01 
2.200000000000000000e+01 
0
-1
-1
24
-0.7969800104219495
-0.07661637500686991
-2.975411032844724
24
2.400000000000000000e+01 
2.300000000000000000e+01 
0
-1
-1
25
-0.8266758422161056
-0.08083264533347409
-2.8245335386280823
25
2.500000000000000000e+01 
2.400000000000000000e+01 
0
-1
-1
26
-0.8641380982512034
-0.0937285069809938
-2.6500560442971155
26
2.600000000000000000e+01 
2.500000000000000000e+01 
0
-1
-1
27
-0.8982229467295361
-0.11262688732946993
-2.5017785498282987
27
2.700000000000000000e+01 
2.600000000000000000e+01 
0
-1
-1
28
-0.9160720116622189
-0.12623414956542206
-2.326451055199103
28
2.800000000000000000e+01 
2.700000000000000000e+01 
0
-1
-1
29
-0.9290186229028312
-0.14025149812798987
-2.160673560388128
29
2.900000000000000000e+01 
2.800000000000000000e+01 
0
-1
-1
30
-0.9394042688217767
-0.15633564207618203
-1.998446065375238
30
3.000000000000000000e+01 
2.900000000000000000e+01 
0
-1
-1
31
-0.9468472540017595
-0.17381019461846642
-1.8396685701416684
31
3.100000000000000000e+01 
3.000000000000000000e+01 
0
-1
-1
32
-0.9551317656337468
-0.21030462843648384
-1.7297410746701405
32
3.200000000000000000e+01 
3.100000000000000000e+01 
0
-1
-1
33
-0.9569294115239628
-0.2254451676215705
-1.578813578944959
33
3.300000000000000000e+01 
3.200000000000000000e+01 
0
-1
-1
34
-0.9577720832455551
-0.25922980678447893
-1.5326360829521033
34
3.400000000000000000e+01 
3.300000000000000000e+01 
0
-1
-1
35
-0.9564085588417848
-0.27445546462589177
-1.3869585866793022
35
3.500000000000000000e+01 
3.400000000000000000e+01 
0
-1
-1
36
-0.9490956114675352
-0.30883189032788533
-1.2465310901160993
36
3.600000000000000000e+01 
3.500000000000000000e+01 
0
-1
-1
37
-0.9443874309736895
-0.3203183349182162
-1.1261535932539084
37
3.700000000000000000e+01 
3.600000000000000000e+01 
0
-1
-1
38
-0.9279667769254016
-0.35501912157769777
-1.0327760960860568
38
3.800000000000000000e+01 
3.700000000000000000e+01 
0
-1
-1
39
-0.9189423163093396
-0.36767100826446886
-0.9018985986078125
39
3.900000000000000000e+01 
3.800000000000000000e+01 
0
-1
-1
40
-0.9042458782620102
-0.38612481737809334
-0.8871211008164034
40
4.000000000000000000e+01 
3.900000000000000000e+01 
0
-1
-1
41
-0.8906976277895791
-0.4015362988304457
-0.8068936027110241
41
4.100000000000000000e+01 
4.000000000000000000e+01 
0
-1
-1
42
-0.8673980974147475
-0.4261107216362346
-0.7850661042928248
42
4.200000000000000000e+01 
4.100000000000000000e+01 
0
-1
-1
43
-0.8566321757032047
-0.43541547448226725
-0.6882386055648985
43
4.300000000000000000e+01 
4.200000000000000000e+01 
0
-1
-1
44
-0.8316302643586702
-0.4536243506742951
-0.6053611065322426
44
4.400000000000000000e+01 
4.300000000000000000e+01 
0
-1
-1
45
-0.7996999834400227
-0.4756861984502694
-0.5748836072017228
45
4.500000000000000000e+01 
4.400000000000000000e+01 
0
-1
-1
46
-0.7623651849212836
-0.49889435746224436
-0.5086061075820161
46
4.600000000000000000e+01 
4.500000000000000000e+01 
0
-1
-1
47
-0.7192786019859756
-0.5218761148228294
-0.43972860768354527
47
4.700000000000000000e+01 
4.600000000000000000e+01 
0
-1
-1
48
-0.6793401002217168
-0.5398819197139468
-0.3874511075184024
48
4.800000000000000000e+01 
4.700000000000000000e+01 
0
-1
-1
49
-0.6427418223207374
-0.5538619024727478
-0.3334236071002691
49
4.900000000000000000e+01 
4.800000000000000000e+01 
0
-1
-1
50
-0.6149353620094329
-0.5627378293646621
-0.2898461064443163
50
5.000000000000000000e+01 
4.900000000000000000e+01 
0
-1
-1
51
-0.5818139258931186
-0.5718157065651459
-0.24451860556710225
51
5.100000000000000000e+01 
5.000000000000000000e+01 
0
-1
-1
52
-0.5388515233407708
-0.5821498570091526
-0.21229110448646016
52
5.200000000000000000e+01 
5.100000000000000000e+01 
0
-1
-1
53
-0.518859700572319
-0.5840344228067351
-0.05006360322138337
53
5.300000000000000000e+01 
5.200000000000000000e+01 
0
-1
-1
54
-0.4921272591692652
-0.583921426891822
-0.0020861017918967217
54
5.400000000000000000e+01 
5.300000000000000000e+01 
0
-1
-1
55
-0.45756575078652895
-0.5843918783203383
-0.018758600218926613
55
5.500000000000000000e+01 
5.400000000000000000e+01 
0
-1
-1
56
-0.42428070382153316
-0.5852924107722356
-0.007481098524166417
56
5.600000000000000000e+01 
5.500000000000000000e+01 
0
-1
-1
57
-0.4023978735276582
-0.5831568755201426
0.12429640327006464
57
5.700000000000000000e+01 
5.600000000000000000e+01 
0
-1
-1
58
-0.376019971816714
-0.5798201018933915
0.1652239051409628
58
5.800000000000000000e+01 
5.700000000000000000e+01 
0
-1
-1
59
-0.359475815587477
-0.5750572257439497
0.3056514070653842
59
5.900000000000000000e+01 
5.800000000000000000e+01 
0
-1
-1
60
-0.338673938747138
-0.5670282028623594
0.3588789090199914
60
6.000000000000000000e+01 
5.900000000000000000e+01 
0
-1
-1
61
-0.32500445981309767
-0.560574964631541
0.4521564109813999
61
6.100000000000000000e+01 
6.000000000000000000e+01 
0
-1
-1
62
-0.3189532425445998
-0.5562476219264523
0.5253839129263236
62
6.200000000000000000e+01 
6.100000000000000000e+01 
0
-1
-1
63
-0.30075511374223096
-0.5430257533061126
0.6685114148317166
63
6.300000000000000000e+01 
6.200000000000000000e+01 
0
-1
-1
64
-0.2769261233379028
-0.524062401626028
0.7435889166749179
64
6.400000000000000000e+01 
6.300000000000000000e+01 
0
-1
-1
65
-0.25684764152726935
-0.5021606371966398
0.8578164184337899
65
6.500000000000000000e+01 
6.400000000000000000e+01 
0
-1
-1
66
-0.23629874202032214
-0.47731600417949904
0.9834439200868489
66
6.600000000000000000e+01 
6.500000000000000000e+01 
0
-1
-1
67
-0.23091887870695885
-0.46748963087434536
1.0785214216133983
67
6.700000000000000000e+01 
6.600000000000000000e+01 
0
-1
-1
68
-0.21920608436111882
-0.4441833107141571
1.179698922993651
68
6.800000000000000000e+01 
6.700000000000000000e+01 
0
-1
-1
69
-0.21254048179650603
-0.42378768777571185
1.3402764242088465
69
6.900000000000000000e+01 
6.800000000000000000e+01 
0
-1
-1
70
-0.20917972360149856
-0.4043553435501842
1.4676039252413613
4
7.000000000000000000e+01 
6.900000000000000000e+01 
0
-1
-1
71
-0.20855558776952976
-0.39794252770755123
1.4937314260748118
70
7.100000000000000000e+01 
7.000000000000000000e+01 
0
-1
-1
72
-0.2069269387910848
-0.3769641873848858
1.582708926694149
5
7.200000000000000000e+01 
7.100000000000000000e+01 
0
-1
-1
73
-0.20829920606657007
-0.3557175936631891
1.7457864270857435
6
7.300000000000000000e+01 
7.200000000000000000e+01 
0
-1
-1
74
-0.21293137183387667
-0.334553500582371
1.9115639272374614
7
7.400000000000000000e+01 
7.300000000000000000e+01 
0
-1
-1
75
-0.2193103565474709
-0.31775382841160477
2.0581414271387324
8
7.500000000000000000e+01 
7.400000000000000000e+01 
0
-1
-1
76
-0.23925143897405227
-0.27619970978222486
2.086818926780606
9
7.600000000000000000e+01 
7.500000000000000000e+01 
0
-1
-1
77
-0.2499720687265911
-0.25040741807525363
2.719210649720484
10
7.800000000000000000e+01 
7.700000000000000000e+01 
0
-1
-1
78
-0.7830831143888848
-0.07008815199696194
2.903919218626319
71
8.000000000000000000e+01 
7.900000000000000000e+01 
0
-1
-1
79
-0.8278641046711329
-0.057383256148585624
2.8725192039292677
72
8.100000000000000000e+01 
8.000000000000000000e+01 
0
-1
-1
80
-0.8503088191914215
-0.05046384312949105
2.786969200680943
73

8.100000000000000000e+01 
0
-1
-1
-
80
79
