0.03454999361595166
2.4414652944035953
2.4417109527920613
1
0
0.35
0.02358456015338549
0.04183964700436693
0.10119999999999951
2
1
0.65
0.03309944944854588
0.004667259736255147
0.018349999999999866
3
2
1.0000000000000002
0.013346714761946135
0.05485285493984238
0.08289999999999997
4
3
1.2000000000000004
0.036595744577348814
0.011777564016521858
0.054999999999999716
5
4
1.6000000000000008
0.02337308744760525
0.09388727542378295
0.16759999999999975
6
5
1.950000000000001
0.023292790832341058
0.06914032698472328
0.10374999999999934
7
6
2.25
0.04834767439133472
0.052678189116797114
0.12130000000000019
8
7
2.799999999999998
0.034749728530344304
0.004403741020314378
0.01130000000000031
9
8
3.149999999999997
0.03974547911994429
0.02204371829600582
0.0471499999999998
10
9
3.5499999999999954
0.02469823237585198
0.02582924918524121
0.042850000000000055
11
10
3.7999999999999945
0.024699001725017926
0.022398704670772318
0.03489999999999993
12
11
4.049999999999994
0.03474735580635116
0.02618952777238004
0.04190000000000049
13
12
4.399999999999992
0.03474704894070314
0.02589151796240019
0.04800000000000004
14
13
4.749999999999991
0.03464770271208178
0.018074778976835848
0.03750000000000009
15
14
5.09999999999999
0.03469799947457158
0.01751086454800488
0.03320000000000034
16
15
5.449999999999989
0.04944622122691737
0.02093853052621597
0.04010000000000069
17
16
5.949999999999987
0.06439763501587242
0.017190512614524867
0.027899999999998926
18
17
6.5999999999999845
0.049399777549028155
0.003944384329014561
0.007000000000000561
19
18
7.099999999999983
0.05464977766014579
0.001084125101286304
-0.0034000000000005137
20
19
7.649999999999981
0.04459874969606476
-0.009553961305700298
-0.020099999999999785
21
20
8.09999999999998
0.05974771634993833
-0.007132026831744298
-0.02440000000000042
22
21
8.699999999999989
0.029960288748276435
0.049325671931285786
0.1334500000000003
23
22
9.099999999999994
0.036682087063925166
0.09699755628374129
0.10559999999999992
24
23
9.55
0.030165557205315413
0.04404324576667129
0.12474999999999925
25
24
9.950000000000006
0.040026387046064385
0.07177688562548123
0.14834999999999976
26
25
10.450000000000014
0.03958863609970531
0.07018653956164878
0.12214999999999954
27
26
10.95000000000002
0.02322847564373255
0.08343953580138397
0.14919999999999956
28
27
11.300000000000026
0.02003445845090601
0.08177937804473512
0.1396500000000005
29
28
11.60000000000003
0.02023469079345975
0.07932901169879081
0.1360999999999999
30
29
11.900000000000034
0.020186781232412077
0.07829235911679966
0.13264999999999993
31
30
12.200000000000038
0.0386888934046923
0.08025579755896128
0.08379999999999921
32
31
12.650000000000045
0.016540006306204023
0.07860574896166206
0.12480000000000047
33
32
12.900000000000048
0.03509963228579412
0.011274773765676649
0.020050000000000345
34
33
13.250000000000053
0.01659094622729814
0.07266511138109077
0.11955000000000027
35
34
13.500000000000057
0.03643196822234212
0.045512873159307965
0.11430000000000007
36
35
13.950000000000063
0.013645044623113379
0.057277128820485856
0.09425000000000061
37
36
14.150000000000066
0.03959076802353857
0.010274414859597236
0.06724999999999959
38
37
14.600000000000072
0.01664277955934262
0.06407778217007554
0.10475000000000012
39
38
14.850000000000076
0.024649659612321923
-0.0019715827649013917
-0.011350000000000193
40
39
15.10000000000008
0.02154318652591023
0.02496546565004909
0.05410000000000004
41
40
15.350000000000083
0.03484997776526506
-0.003950717532296366
-0.0042999999999997485
42
41
15.700000000000088
0.015144383405906544
0.034917298302707955
0.07069999999999954
43
42
15.900000000000091
0.0317477726037287
0.05238703104027209
0.05675000000000008
44
43
16.250000000000096
0.039599838812671914
0.00031218305893165876
0.00435000000000052
45
44
16.6500000000001
0.04469688231298539
0.020502446554725218
0.040149999999999686
46
45
17.100000000000108
0.04949534541541727
0.021835836509314532
0.042749999999999844
47
46
17.600000000000115
0.04439842406179108
0.015860165645080748
0.02615000000000034
48
47
18.05000000000012
0.039699114824541804
0.018325999020692763
0.027899999999999814
49
48
18.450000000000127
0.029649514806855314
0.009012820715948777
0.017450000000000188
50
49
18.75000000000013
0.034749136511053824
0.01251895398306413
0.019199999999999662
51
50
19.100000000000136
0.04454992861938458
0.006298934598095052
0.006099999999999994
52
51
19.550000000000143
0.020284298463330373
0.08047936498213026
0.1360999999999999
53
52
19.850000000000147
0.02679900777761595
0.03166644174724986
0.021849999999999703
54
53
20.15000000000015
0.03464707756622611
-0.023076412513649558
-0.04279999999999973
55
54
20.500000000000156
0.03339801155619749
-0.02122440082189403
-0.01485000000000003
56
55
20.85000000000016
0.021938532192213495
0.07143766364655058
0.1056499999999998
57
56
21.150000000000166
0.02649586067734986
-0.02144187870721126
0.014800000000000146
58
57
21.45000000000017
0.016940651708642233
0.06641589252535862
0.11430000000000007
59
58
21.700000000000173
0.02189944160933781
0.03251888661018665
0.027099999999999902
60
59
21.950000000000177
0.014643971226939502
0.026426038057141277
0.06714999999999982
61
60
22.15000000000018
0.006799455930755335
0.034450000000000536
0.047100000000000364
62
61
22.25000000000018
0.02178581599412839
0.07947650349193403
0.11699999999999999
63
62
22.550000000000185
0.029690359039304844
-0.0054631761881323015
0.048949999999999605
64
63
22.90000000000019
0.028791430828406746
0.07966318171149739
0.08810000000000018
65
64
23.250000000000195
0.03127265203227224
0.020459248423621568
0.0995
66
65
23.6500000000002
0.010098258265600067
0.04694293138583225
0.06895000000000004
67
66
23.800000000000203
0.024942941880630363
0.027765871044889923
0.07504999999999995
68
67
24.100000000000207
0.0202332841867606
0.07942221852247183
0.13444999999999996
69
68
24.40000000000021
0.018442779220693106
0.07119065794303858
0.10120000000000007
70
69
24.650000000000215
0.005150000000000001
-0.0
-0.0
71
70
24.700000000000216
0.019743163514636536
0.018573279745129567
0.06285000000000007
72
71
24.95000000000022
0.019985229966992316
0.08092659641972133
0.13695000000000002
73
72
25.250000000000224
0.020382320202189233
0.07838941705332692
0.13965000000000005
74
73
25.550000000000228
0.0167404339088795
0.07371079909964329
0.12044999999999995
75
74
25.80000000000023
0.04489964846590301
-0.002013810323747034
0.00254999999999983
76
75
26.250000000000238
0.023032422458289233
0.06231377502430835
0.1082000000000003
10.0
76
26.550000000000242
0.005000000000000001
0.7144071506141101
0.7144071506141101
77
10.0
26.600000000000243
0.02984969021918024
-0.004275256724555199
0.003599126321068624
11.0
77
26.900000000000247
0.05312419675318786
-0.03236500717596025
-0.11255006745200413
78
22.0
32.05000000000032
0.046548377751609436
-0.038773901637839
-0.03140001468343678
79
78
32.55000000000029
0.02348709191079367
-0.0299686226307041
-0.08555000324832429
80
79
32.85000000000027
