0
5.5
5.5
17.191978097257277
1.5
0.000000000000000000e+00 
1
4.99799044250588
4.97665606044642
17.991978097257277
1.5
1.000000000000000000e+00 
2
4.9960361856611755
4.958772098520021
18.38209708636068
1.5
2.000000000000000000e+00 
3
4.991026557604831
4.929420618931923
18.476873630172754
1.5
3.000000000000000000e+00 
4
4.989085688295497
4.922598894190624
18.924490466192083
1.5
4.000000000000000000e+00 7.000000000000000000e+01 
5
4.982257206690591
4.90489772410081
19.137297924847946
1.5
5.000000000000000000e+00 7.200000000000000000e+01 
6
4.97509529639606
4.887320288530758
19.982159361545044
1.5
6.000000000000000000e+00 7.300000000000000000e+01 
7
4.96514214534127
4.867815770488488
20.509160484783813
1.5
7.000000000000000000e+00 7.400000000000000000e+01 
8
4.945349538915209
4.8463587652141635
21.225753613804553
6.349999999999932
8.000000000000000000e+00 7.500000000000000000e+01 
9
4.928090714809379
4.8300162495988275
21.24194732854238
2.3000000000000105
9.000000000000000000e+00 7.600000000000000000e+01 
10
4.903075070106411
4.801895361642269
21.44900725757423
4.099999999999983
1.000000000000000000e+01 7.700000000000000000e+01 
11
4.88458569323049
4.782376591032265
21.656554641050967
1.5
1.100000000000000000e+01 
12
4.872107997708871
4.772827862206414
21.833635614163644
4.599999999999981
1.200000000000000000e+01 
13
4.857159384668914
4.767375661960438
22.056661628460688
3.4500000000000064
1.300000000000000000e+01 
14
4.838474140840561
4.754628957247336
22.248397945332798
3.7500000000000053
1.400000000000000000e+01 
15
4.81127758648399
4.732795383969524
22.42449328954478
5.549999999999978
1.500000000000000000e+01 
16
4.784747963774932
4.710765079832946
22.604519832644552
5.899999999999976
1.600000000000000000e+01 
17
4.751848053084599
4.689740973811972
22.810608633239383
15.249999999999943
1.700000000000000000e+01 
18
4.705612671820369
4.665220354007111
22.949486058590402
11.399999999999952
1.800000000000000000e+01 
19
4.670236588172895
4.64614173198885
22.989440014706755
14.89999999999996
1.900000000000000000e+01 
20
4.634985570783994
4.625298371351813
22.97016450563567
12.499999999999968
2.000000000000000000e+01 
21
4.606716266431137
4.606906954131051
22.873582709939484
12.999999999999975
2.100000000000000000e+01 
22
4.565663859838018
4.577400840557484
22.78167099133377
16.499999999999982
2.200000000000000000e+01 
23
4.544460795982555
4.562887665988491
23.336623956411216
1.5
2.300000000000000000e+01 
24
4.516975116800197
4.550711117884598
23.99430359170525
1.5
2.400000000000000000e+01 
25
4.4924709950281345
4.538808210496223
24.51139076631941
1.5
2.500000000000000000e+01 
26
4.457414571759817
4.533156780538708
25.240374122063002
1.5
2.600000000000000000e+01 
27
4.43147402161698
4.525079777130732
25.857427794116106
1.5
2.700000000000000000e+01 
28
4.412005368898688
4.525228562335476
26.604100063677002
1.5
2.800000000000000000e+01 
29
4.394386869518019
4.527841043875484
27.2897070398074
1.5
2.900000000000000000e+01 
30
4.380686415571809
4.530348612164732
27.985633718328657
1.5
3.000000000000000000e+01 
31
4.367821171894005
4.535806209078984
28.648546920103634
1.5
3.100000000000000000e+01 
32
4.342162059923972
4.549161745879513
29.197810231839316
1.5
3.200000000000000000e+01 
33
4.334067105496671
4.5542661637753215
29.712074262715433
1.5
3.300000000000000000e+01 
34
4.313680445276885
4.5719792017262
29.88951524280946
1.5
3.400000000000000000e+01 
35
4.306185724650193
4.581081757658747
30.39630301716473
1.5
3.500000000000000000e+01 
36
4.2939163427671305
4.597617553442771
30.99888121227586
1.5
3.600000000000000000e+01 
37
4.2908828451648
4.604669598562198
31.42664553493934
1.5
3.700000000000000000e+01 
38
4.282884390756368
4.622893611945429
31.777280680786117
1.5
3.800000000000000000e+01 
39
4.281286426509977
4.634751984914198
32.33327874988644
1.5
3.900000000000000000e+01 
40
4.277345539372026
4.646598333035689
32.38258066112482
1.5
4.000000000000000000e+01 
41
4.271977512578822
4.660167980684785
32.65208198412313
1.5
4.100000000000000000e+01 
42
4.265670896433022
4.684134336149443
32.61791097037227
1.5
4.200000000000000000e+01 
43
4.260497624297563
4.697155354625993
32.89175319725556
1.5
4.300000000000000000e+01 
44
4.2570196878462845
4.719749663547262
33.24911762408864
1.5
4.400000000000000000e+01 
45
4.243372548005941
4.754689217863226
33.25989716931238
1.5
4.500000000000000000e+01 
46
4.233812299887059
4.7879276030726405
33.421399546375945
1.5
4.600000000000000000e+01 
47
4.230143015718629
4.820789648314498
33.643290970198116
1.5
4.700000000000000000e+01 
48
4.218100850622868
4.856092936723584
33.78282717865217
1.5
4.800000000000000000e+01 
49
4.197958594615707
4.893570887358539
33.938852756192674
1.5
4.900000000000000000e+01 
50
4.178451639570043
4.924932702573452
33.997799997239426
1.5
5.000000000000000000e+01 
51
4.1587075206188935
4.9577361165025255
34.096054213088884
1.5
5.100000000000000000e+01 
52
4.135548393671665
4.995212410753216
34.10149889334724
1.5
5.200000000000000000e+01 
53
4.135998788844302
5.012292712562932
34.69354390046866
1.5
5.300000000000000000e+01 
54
4.123901815846565
5.031810122370693
34.927705905448775
1.5
5.400000000000000000e+01 
55
4.1140077373775705
5.055816853244754
34.74594339085013
1.5
5.500000000000000000e+01 
56
4.11743142393617
5.088015528035456
34.552958819769714
1.5
5.600000000000000000e+01 
57
4.110033470645481
5.0985251955709945
0.22064670100785433
1.5
5.700000000000000000e+01 
58
4.104444592349528
5.113470211145535
0.13242240035950648
1.5
5.800000000000000000e+01 
59
4.112328026645162
5.133890389145157
0.7334592070970571
1.5
5.900000000000000000e+01 
60
4.109715942686805
5.141698851457145
1.0340203146277944
1.5
6.000000000000000000e+01 
61
4.107799665292091
5.147118035750144
1.2260931722572415
1.5
6.100000000000000000e+01 
62
4.111909475226134
5.155319609940338
1.4358774972903743
1.5
6.200000000000000000e+01 
63
4.119548859286341
5.170794751878799
2.159559358512716
1.5
6.300000000000000000e+01 
64
4.123426337705546
5.184023267683473
2.2759437360589674
1.5
6.400000000000000000e+01 
65
4.139256775410856
5.207224058506501
2.867277041390804
1.5
6.500000000000000000e+01 
66
4.152841221746342
5.224982175989294
3.2346117282609095
1.5
6.600000000000000000e+01 
67
4.162025346169481
5.237738358385411
3.597514929193447
1.5
6.700000000000000000e+01 
68
4.178073662166378
5.254371511457449
3.975589434823621
1.5
6.800000000000000000e+01 
69
4.194337207579627
5.270543821533986
4.6608307495840835
1.5
6.900000000000000000e+01 
70
4.216243995042049
5.28610078638045
5.254111827162443
1.5
7.100000000000000000e+01 
71
3.8278006989253184
3.841910550089839
21.754634007215927
1.5
7.800000000000000000e+01 
72
3.7909075591426555
3.802108210924521
21.490678016562825
1.5
7.900000000000000000e+01 
73
3.7753055552686448
3.7837914642736727
21.149094543914316
1.5
8.000000000000000000e+01 
-
73
73
