4.999569334356465
4.995214852003659
17.980602071309008
0
4.9976705505800885
4.9727439504585345
17.991906469153633
1
4.995528925442924
4.955369336443775
18.489554816933982
2
4.990566448140466
4.927390799155416
18.582828801205793
3
4.9884109764423945
4.922263535652559
19.013735400340817
4
4.981956544821847
4.904310074224562
19.272454735267637
5
4.974441338951835
4.887526479053904
20.124103228659322
6
4.963241772711506
4.864052576504915
20.62933765666032
7
4.942591574217065
4.84354655738857
21.22857303253471
8
4.925542977751633
4.82737727405329
21.26188032916575
9
4.899333646579494
4.797385635523927
21.483130835393904
10
4.881334513054324
4.77957611749476
21.701369976591977
11
4.869834349074921
4.771510402721826
21.875514891879376
12
4.854786772200958
4.766326695937145
22.064989901672106
13
4.8344915086078935
4.751243591507932
22.288969847901782
14
4.807549166083358
4.729332164245511
22.46357881646611
15
4.781012926953915
4.70846870686282
22.62573536171014
16
4.7487577814406725
4.687949975371375
22.820755328344276
17
4.701771023162443
4.663256575673235
22.951321379019717
18
4.666908196240684
4.64430398800549
22.98299656356305
19
4.631870851769951
4.623352118754675
22.968021007108888
20
4.603281226168618
4.604399122396451
22.8789084085035
21
4.562080569669454
4.574710031127141
22.760212373747336
22
4.540106342115546
4.559465538715047
23.443665337076713
23
4.512984303379185
4.548979256636614
23.964748397384547
24
4.489837753579234
4.538330111003729
24.61304635709297
25
4.455269147214926
4.532026787104269
25.35951783134939
26
4.427215574434798
4.525717913472832
25.96608665538519
27
4.410988972683072
4.524933770717108
26.716525670715697
28
4.392796275741242
4.527361351770718
27.415826661818382
29
4.377539105057903
4.532125435084121
28.10126941954164
30
4.3665620067564435
4.5360712634136995
28.76972902645462
31
4.338468691171142
4.551103575245492
29.171263171348965
32
4.332676211788986
4.555516969803001
29.822673415419935
33
4.311012627349766
4.5750955184626365
29.910393626760854
34
4.304333778632904
4.5815879620001025
30.514328211544335
35
4.293224536193916
4.600974272846771
31.08861870706683
36
4.289011414573081
4.605968243556408
31.560798509181126
37
4.282190970980105
4.625219893028575
31.90598616140545
38
4.280473349400416
4.635826112445651
32.42248209183014
39
4.276353443089379
4.649679663176824
32.347056340688354
40
4.271557394283154
4.663842423337373
32.63234327326493
41
4.2643850586625875
4.687704777572731
32.613186963796586
42
4.25999207195228
4.700342185230999
32.980975222311145
43
4.25525117477766
4.724214031985951
33.239055858131884
44
4.241940639793366
4.75877144401558
33.2576526087608
45
4.2336859536270754
4.7910143508977425
33.44999947088007
46
4.2289243212206475
4.824157720391488
33.664516891232495
47
4.216461779253521
4.860150837666167
33.798216336748574
48
4.194677583087636
4.898847062363591
33.93398273468572
49
4.175341226999495
4.929795222716149
34.019862951475226
50
4.1559990045094946
4.9621380960040185
34.09412123032441
51
4.132998907702343
4.99908361259482
34.107185565350235
52
4.13482910035459
5.015130207196932
34.80774485832068
53
4.1222848278084205
5.0352282437489
34.9047102608524
54
4.114154009167234
5.060012211922373
34.72687815069785
55
4.118548357840877
5.091469167276332
34.6877226682502
56
4.110482560271388
5.1027188851477385
0.19843792564066987
57
4.104564773493871
5.116070847785689
0.28797822420942043
58
4.111906768527791
5.135753276187455
0.8657888194282932
59
4.108882087097388
5.143379848612973
0.9747781261773996
60
4.109302009627801
5.1506083006929355
1.3292138138028835
61
4.115106680163921
5.16115660326846
1.564992165497451
62
4.1205151384084076
5.174566338468985
2.1439129407473354
63
4.126482215227798
5.188215560844531
2.396461696564145
64
4.140907204451842
5.209844531563965
2.833860427747499
65
4.155405061624837
5.228757774963555
3.355761703056457
66
4.1643586911198796
5.241336243022007
3.7016773847020845
67
4.180615937178113
5.254933690763475
4.083093189386001
68
4.197474638887047
5.273411499821116
4.752042031337384
69
4.216243995042049
5.28610078638045
5.254111827162443
4
4.219984335020326
5.288787705979886
5.245135123322756
70
4.2342478902535765
5.299716933898072
5.570602708408064
5
4.257515628090222
5.313033457937276
6.2604351891095575
6
4.27979897286645
5.327187775598898
6.9656547075062765
7
4.297024626392219
5.336061247316703
7.570015200496361
8
4.350850620857688
5.35962009770318
7.571944245173521
9
4.374300999598636
5.364797671383338
8.120412603957057
10
3.8247882424912865
3.838900305310908
21.642887672797535
71
3.7874336832793345
3.7981583603887294
21.485983046511556
72
3.77451535523723
3.7824106934521566
21.038937685575476
73
-
80
0
