0
-41.4316118470741
13.505949480637067
-0.781310940152194
0
0.000000000000000000e+00 

0
-1
-1
1
-41.78033915944894
14.411341017243787
2.027979362076166
1
1.000000000000000000e+00 
0.000000000000000000e+00 
0
-1
-1
2
-42.42316287237415
14.919426630893877
2.4734815161799784
2
2.000000000000000000e+00 
1.000000000000000000e+00 
0
-1
-1
3
-43.677152301633384
15.81144063771095
2.5177163202569117
3
3.000000000000000000e+00 
2.000000000000000000e+00 
0
-1
-1
4
-44.11707100438409
16.11127341606422
2.719759156045008
4
4.000000000000000000e+00 
3.000000000000000000e+00 
0
-1
-1
5
-44.13062229938119
16.11215270958023
3.108274959240621
1
5.000000000000000000e+00 
4.000000000000000000e+00 
0
-1
-1
6
-45.76553645912414
16.056521383580062
-3.1137695951006403
5
6.000000000000000000e+00 
5.000000000000000000e+00 
0
-1
-1
7
-46.25726429763321
16.075803304254123
3.0731642999426683
1
7.000000000000000000e+00 
6.000000000000000000e+00 
0
-1
-1
8
-47.728153532600956
16.190522112592138
3.0674351682838745
5
8.000000000000000000e+00 
7.000000000000000000e+00 
0
-1
-1
9
-52.01860377028338
16.47726921593823
3.0728663490646
5
9.000000000000000000e+00 
8.000000000000000000e+00 
0
-1
-1
10
-54.24858721756061
16.65474562961367
3.0633324411644827
6
1.000000000000000000e+01 
9.000000000000000000e+00 
0
-1
-1
11
-58.656376691565804
16.99044564994996
3.047091754758713
6
1.100000000000000000e+01 
1.000000000000000000e+01 
0
-1
-1
12
-60.496033527005984
17.171971139360146
3.042200264900504
7
1.200000000000000000e+01 
1.100000000000000000e+01 
0
-1
-1
13
-64.86723919897179
17.633433469260467
3.042832525166431
8
1.300000000000000000e+01 
1.200000000000000000e+01 
0
-1
-1
14
-66.81035648662395
17.889527680781185
2.995657765623551
9
1.400000000000000000e+01 
1.300000000000000000e+01 
0
-1
-1
15
-67.48185952196515
18.48785236735376
2.4177927913750423
10
1.500000000000000000e+01 
1.400000000000000000e+01 
0
-1
-1
16
-68.46517312976329
20.148213231433218
2.1081558745474953
11
1.600000000000000000e+01 
1.500000000000000000e+01 
0
-1
-1
17
-68.77482816109054
23.141710350978634
1.4951001092451892
11
1.700000000000000000e+01 
1.600000000000000000e+01 
0
-1
-1
18
-68.49913006090918
24.91966962298318
1.369015783743509
12
1.800000000000000000e+01 
1.700000000000000000e+01 
0
-1
-1
19
-67.25009524924613
28.860442766292103
1.1950403918749664
12
1.900000000000000000e+01 
1.800000000000000000e+01 1.670000000000000000e+02 
0
-1
-1
20
-65.94558552662394
32.84250665203803
1.1939941773027494
12
2.000000000000000000e+01 
1.900000000000000000e+01 
0
-1
-1
21
-64.29321054160808
37.256959701133695
1.1800469432581102
12
2.100000000000000000e+01 
2.000000000000000000e+01 
0
-1
-1
22
-62.58023693864165
41.75132697341159
1.1924950815871287
12
2.200000000000000000e+01 
2.100000000000000000e+01 
0
-1
-1
23
-60.83625131689887
46.27688797478571
1.2027262486702637
12
2.300000000000000000e+01 
2.200000000000000000e+01 
0
-1
-1
24
-60.279898776282174
48.00879512884448
1.1909755409269929
13
2.400000000000000000e+01 
2.300000000000000000e+01 
0
-1
-1
25
-58.53031579355316
52.583629873138406
1.1927325718987198
13
2.500000000000000000e+01 
2.400000000000000000e+01 
0
-1
-1
26
-56.685448221247846
57.24413828271598
1.1154653177420353
13
2.600000000000000000e+01 
2.500000000000000000e+01 
0
-1
-1
27
-54.17355930625336
61.32692075050216
0.9994692374325376
13
2.700000000000000000e+01 
2.600000000000000000e+01 
0
-1
-1
28
-51.75872319292867
65.47984213809681
1.0933199384712835
13
2.800000000000000000e+01 
2.700000000000000000e+01 
0
-1
-1
29
-49.634342891043715
69.83954264983893
1.1023671609544219
14
2.900000000000000000e+01 
2.800000000000000000e+01 
0
-1
-1
30
-48.106406834735694
74.1579350547564
1.1442032885007332
14
3.000000000000000000e+01 
2.900000000000000000e+01 
0
-1
-1
31
-45.96755235017048
78.52653198309301
0.9946756604125938
14
3.100000000000000000e+01 
3.000000000000000000e+01 
0
-1
-1
32
-45.565871440989994
79.35807744761262
0.996541124570947
15
3.200000000000000000e+01 
3.100000000000000000e+01 
0
-1
-1
33
-43.02316723955774
83.46981774588858
0.9969933583369965
15
3.300000000000000000e+01 
3.200000000000000000e+01 
0
-1
-1
34
-42.05026222661729
85.16513495237345
0.9940100919044568
16
3.400000000000000000e+01 
3.300000000000000000e+01 
0
-1
-1
35
-40.94798792475126
87.57824554595149
1.1314507494908557
17
3.500000000000000000e+01 
3.400000000000000000e+01 
0
-1
-1
36
-39.42174668128503
90.69245754848208
0.9989572721386659
18
3.600000000000000000e+01 
3.500000000000000000e+01 
0
-1
-1
37
-38.070241273428195
93.0108124181811
0.9973580010969759
19
3.700000000000000000e+01 
3.600000000000000000e+01 
0
-1
-1
38
-36.707504599604675
95.3352907963613
1.0051798787228576
20
3.800000000000000000e+01 
3.700000000000000000e+01 1.870000000000000000e+02 
0
-1
-1
39
-35.47220976810019
97.79813875342288
1.0031885257795097
21
3.900000000000000000e+01 
3.800000000000000000e+01 
0
-1
-1
40
-35.000540522597476
98.71235119898961
0.9009441343135872
22
4.000000000000000000e+01 
3.900000000000000000e+01 
0
-1
-1
41
-33.74180534350835
99.95072012702404
0.6299573672871135
23
4.100000000000000000e+01 1.880000000000000000e+02 
4.000000000000000000e+01 
0
-1
-1
42
-31.89931010824
100.66179690592936
0.2247567168305042
24
4.200000000000000000e+01 
4.100000000000000000e+01 1.890000000000000000e+02 
0
-1
-1
43
-29.59280920181115
100.90622575740012
-0.11728289465924824
25
4.300000000000000000e+01 
4.200000000000000000e+01 
0
-1
-1
44
-25.34792435399445
99.24344665219695
-0.40229638965510206
26
4.400000000000000000e+01 1.900000000000000000e+02 
4.300000000000000000e+01 
0
-1
-1
45
-21.459385158808743
98.0077035279085
-0.3200747126500182
26
4.500000000000000000e+01 
4.400000000000000000e+01 
0
-1
-1
46
-19.87994467007945
97.39295750569232
-0.32535645446456285
27
4.600000000000000000e+01 
4.500000000000000000e+01 1.900000000000000000e+02 
0
-1
-1
47
-15.21293096364553
95.76228276895361
-0.44542471872039946
28
4.700000000000000000e+01 
4.600000000000000000e+01 
0
-1
-1
48
-12.57550505339197
94.46951390698241
-0.4496876194028926
29
4.800000000000000000e+01 
4.700000000000000000e+01 
0
-1
-1
49
-11.16819481804417
93.99441882061056
-0.2838969702809282
30
4.900000000000000000e+01 
4.800000000000000000e+01 
0
-1
-1
50
-8.36026340372758
93.22888399983923
-0.28578224723633444
31
5.000000000000000000e+01 1.910000000000000000e+02 
4.900000000000000000e+01 
0
-1
-1
51
-4.100491250935213
92.19288870518938
-0.2140495055889443
32
5.100000000000000000e+01 1.950000000000000000e+02 
5.000000000000000000e+01 1.940000000000000000e+02 
0
-1
-1
52
-1.5453323231258733
91.3298651842666
-0.3702490924986509
33
5.200000000000000000e+01 
5.100000000000000000e+01 1.960000000000000000e+02 
0
-1
-1
53
1.0447641567342378
90.24455613186072
-0.4324620847239835
34
5.300000000000000000e+01 
5.200000000000000000e+01 
0
-1
-1
54
3.432070894974685
89.25138311058663
-0.3337130664385531
35
5.400000000000000000e+01 1.970000000000000000e+02 
5.300000000000000000e+01 
0
-1
-1
55
8.277843871317959
87.85076496268644
-0.31636008899089196
35
5.500000000000000000e+01 
5.400000000000000000e+01 
0
-1
-1
56
9.298814584051158
87.61004647433799
-0.34529243406622234
36
5.600000000000000000e+01 1.990000000000000000e+02 
5.500000000000000000e+01 1.980000000000000000e+02 
0
-1
-1
57
11.651066267213713
87.08674845599907
-0.19870843976353414
36
5.700000000000000000e+01 
5.600000000000000000e+01 
0
-1
-1
58
13.39879055416355
86.42346253130566
-0.364038698594331
37
5.800000000000000000e+01 2.000000000000000000e+02 
5.700000000000000000e+01 1.990000000000000000e+02 
0
-1
-1
59
17.230674749080343
84.64096621171825
-0.43838204647715695
37
5.900000000000000000e+01 2.010000000000000000e+02 
5.800000000000000000e+01 
0
-1
-1
60
21.80137235437604
82.8659540080302
-0.3137972209907224
37
6.000000000000000000e+01 
5.900000000000000000e+01 
0
-1
-1
61
23.378117888641658
82.52540940581771
-0.17576419250727043
38
6.100000000000000000e+01 2.030000000000000000e+02 
6.000000000000000000e+01 2.020000000000000000e+02 
0
-1
-1
62
27.211497865156865
81.74709917109796
-0.18324865966623505
38
6.200000000000000000e+01 
6.100000000000000000e+01 
0
-1
-1
63
31.28093630034028
81.30153853207639
-0.028875060594106133
38
6.300000000000000000e+01 
6.200000000000000000e+01 
0
-1
-1
64
35.1281874633503
80.52371413009823
-0.18458114997980313
38
6.400000000000000000e+01 
6.300000000000000000e+01 
0
-1
-1
65
38.92919072281016
80.08306924576166
0.022235087079642335
38
6.500000000000000000e+01 
6.400000000000000000e+01 
0
-1
-1
66
42.80612401825716
79.79744606449806
-0.11295747356435479
38
6.600000000000000000e+01 
6.500000000000000000e+01 
0
-1
-1
67
44.462875593438525
79.57590073596282
-0.10726795236302411
39
6.700000000000000000e+01 
6.600000000000000000e+01 
0
-1
-1
68
48.57954823632914
78.77003714013054
-0.21793920780125337
39
6.800000000000000000e+01 
6.700000000000000000e+01 
0
-1
-1
69
52.744744882264214
78.17621496654911
-0.12583176745725483
39
6.900000000000000000e+01 
6.800000000000000000e+01 
0
-1
-1
70
53.40905470677395
78.0567185800533
-0.13868951774400742
40
7.000000000000000000e+01 
6.900000000000000000e+01 
0
-1
-1
71
55.06094130415136
77.81269650333184
-0.12687636972137506
41
7.100000000000000000e+01 
7.000000000000000000e+01 
0
-1
-1
72
56.652245676262396
77.60108042257409
-0.10136474659979677
42
7.200000000000000000e+01 
7.100000000000000000e+01 
0
-1
-1
73
59.88975213888786
76.99785785027558
-0.1603651391239922
43
7.300000000000000000e+01 2.140000000000000000e+02 
7.200000000000000000e+01 2.130000000000000000e+02 
0
-1
-1
74
63.60512363721597
76.63494881637783
-0.15778023023768845
44
7.400000000000000000e+01 
7.300000000000000000e+01 2.150000000000000000e+02 
0
-1
-1
75
65.14622788897657
76.41710058758687
-0.15458480811618874
45
7.500000000000000000e+01 
7.400000000000000000e+01 
0
-1
-1
76
65.97068133424176
76.28514165891224
-0.25225683887312195
46
7.600000000000000000e+01 
7.500000000000000000e+01 
0
-1
-1
77
67.1910148106202
75.78038834569443
-0.41968215097244355
47
7.700000000000000000e+01 
7.600000000000000000e+01 
0
-1
-1
78
68.26299714742238
75.03285679999324
-0.6324232571056952
48
7.800000000000000000e+01 
7.700000000000000000e+01 
0
-1
-1
79
69.80047562736031
72.96884562942823
-0.9665228684907035
49
7.900000000000000000e+01 
7.800000000000000000e+01 
0
-1
-1
80
70.55323374234534
71.27695274595361
-1.1647485616038895
50
8.000000000000000000e+01 
7.900000000000000000e+01 
0
-1
-1
81
71.05010541157297
69.84058200705707
-1.153287204309759
51
8.100000000000000000e+01 
8.000000000000000000e+01 
0
-1
-1
82
71.04870472444107
69.22194928443542
-1.3337509946218158
52
8.200000000000000000e+01 
8.100000000000000000e+01 
0
-1
-1
83
71.16641808692597
66.90689093524952
-1.466135570662924
53
8.300000000000000000e+01 
8.200000000000000000e+01 
0
-1
-1
84
71.10902452778626
65.57980449225178
-1.484281394161298
54
8.400000000000000000e+01 
8.300000000000000000e+01 
0
-1
-1
85
71.18187972047605
62.821254963233656
-1.4602533074470334
55
8.500000000000000000e+01 
8.400000000000000000e+01 
0
-1
-1
86
70.83394326394523
59.582173824079604
-1.7556763070554755
56
8.600000000000000000e+01 
8.500000000000000000e+01 
0
-1
-1
87
70.1023691631473
57.119146619092554
-1.7779554326649696
57
8.700000000000000000e+01 
8.600000000000000000e+01 
0
-1
-1
88
69.25843295275504
55.72923172634684
-1.9655964651720135
58
8.800000000000000000e+01 
8.700000000000000000e+01 
0
-1
-1
89
68.44165344810702
54.077752086876075
-1.8386522204916937
59
8.900000000000000000e+01 
8.800000000000000000e+01 
0
-1
-1
90
67.64859129088649
52.472501712447716
-1.9092802496278845
60
9.000000000000000000e+01 
8.900000000000000000e+01 
0
-1
-1
91
65.79272161007306
49.500051508882095
-2.066441666259125
61
9.100000000000000000e+01 
9.000000000000000000e+01 
0
-1
-1
92
63.149240538624085
45.691757782534474
-2.1987354912428474
61
9.200000000000000000e+01 
9.100000000000000000e+01 
0
-1
-1
93
61.14065611491318
43.76967897337855
-2.2832486047610665
62
9.300000000000000000e+01 
9.200000000000000000e+01 
0
-1
-1
94
58.75086443660974
42.252150447828356
-2.5894958594030677
63
9.400000000000000000e+01 
9.300000000000000000e+01 
0
-1
-1
95
56.938072334754516
41.47168073581189
-2.597240264347411
64
9.500000000000000000e+01 
9.400000000000000000e+01 
0
-1
-1
96
55.17598629831909
40.83255741780986
-2.7139788025994775
65
9.600000000000000000e+01 
9.500000000000000000e+01 
0
-1
-1
97
53.04690091004287
40.511621097110975
-2.9559683993561334
66
9.700000000000000000e+01 
9.600000000000000000e+01 
0
-1
-1
98
51.25391124266438
40.40868768483791
-2.9711883455036423
67
9.800000000000000000e+01 
9.700000000000000000e+01 
0
-1
-1
99
48.85926762696075
40.148587619889646
-2.930981565167622
68
9.900000000000000000e+01 
9.800000000000000000e+01 
0
-1
-1
100
46.822768277425
39.940068707545045
-2.9230217633585047
69
1.000000000000000000e+02 2.160000000000000000e+02 
9.900000000000000000e+01 
0
-1
-1
101
46.13224917312725
39.491888508087214
-3.0304756429406865
70
1.010000000000000000e+02 
1.000000000000000000e+02 
0
-1
-1
102
44.191139316283184
39.95334414634758
3.0402970093429684
71
1.020000000000000000e+02 2.170000000000000000e+02 
1.010000000000000000e+02 2.160000000000000000e+02 
0
-1
-1
103
39.25022859344748
41.3148337536301
2.8456584722481626
72
1.030000000000000000e+02 2.200000000000000000e+02 
1.020000000000000000e+02 2.190000000000000000e+02 
0
-1
-1
104
37.46614583446518
41.55937365029136
2.875693768427271
73
1.040000000000000000e+02 
1.030000000000000000e+02 
0
-1
-1
105
36.46573917359741
41.865003109096214
2.8830562052349142
74
1.050000000000000000e+02 
1.040000000000000000e+02 
0
-1
-1
106
34.74547464464823
42.338183965943415
2.9080712525670003
75
1.060000000000000000e+02 
1.050000000000000000e+02 2.230000000000000000e+02 
0
-1
-1
107
32.63670184085076
43.16541507746575
2.827219640859102
76
1.070000000000000000e+02 
1.060000000000000000e+02 
0
-1
-1
108
30.848914089309915
43.87701356368524
2.8267647001125704
77
1.080000000000000000e+02 2.240000000000000000e+02 
1.070000000000000000e+02 
0
-1
-1
109
28.41652795536521
44.70259982808993
2.831701882999525
78
1.090000000000000000e+02 
1.080000000000000000e+02 2.250000000000000000e+02 
0
-1
-1
110
25.908796636994627
45.68182604576271
2.8347549815322823
79
1.100000000000000000e+02 
1.090000000000000000e+02 
0
-1
-1
111
23.814662356530903
46.5591004285149
2.753165887756094
80
1.110000000000000000e+02 
1.100000000000000000e+02 
0
-1
-1
112
21.915550809969744
47.52522237846091
2.722378225823757
81
1.120000000000000000e+02 
1.110000000000000000e+02 
0
-1
-1
113
20.77917871894688
48.11176563358318
2.734244797241065
82
1.130000000000000000e+02 
1.120000000000000000e+02 
0
-1
-1
114
19.58121191632981
48.71600476565149
2.7426637196504764
83
1.140000000000000000e+02 
1.130000000000000000e+02 
0
-1
-1
115
18.44916826986504
49.28292902845048
2.7492270604134457
84
1.150000000000000000e+02 
1.140000000000000000e+02 
0
-1
-1
116
16.368705942020924
50.26192231436531
2.749439251109809
85
1.160000000000000000e+02 2.260000000000000000e+02 
1.150000000000000000e+02 
0
-1
-1
117
14.367314628185564
51.083499687628475
2.7461784880040545
85
1.170000000000000000e+02 
1.160000000000000000e+02 
0
-1
-1
118
12.249290255367274
52.055380492505776
2.7492793916229585
86
1.180000000000000000e+02 
1.170000000000000000e+02 2.260000000000000000e+02 
0
-1
-1
119
8.221770708388773
53.862866356901094
2.7497738792127855
86
1.190000000000000000e+02 2.270000000000000000e+02 
1.180000000000000000e+02 
0
-1
-1
120
4.8253155966156775
55.300753210226944
2.759358275766843
87
1.200000000000000000e+02 
1.190000000000000000e+02 2.280000000000000000e+02 
0
-1
-1
121
2.396381631289804
55.82972080562122
-2.932682217785427
88
1.210000000000000000e+02 2.290000000000000000e+02 
1.200000000000000000e+02 
0
-1
-1
122
-0.942381788305547
54.0592683235712
-2.5207337321660512
89
1.220000000000000000e+02 
1.210000000000000000e+02 2.300000000000000000e+02 
0
-1
-1
123
-2.3065485429689625
52.438756722387154
-2.081445848602106
90
1.230000000000000000e+02 
1.220000000000000000e+02 
0
-1
-1
124
-3.4945929098417667
49.16024563873377
-1.835727127512031
91
1.240000000000000000e+02 
1.230000000000000000e+02 
0
-1
-1
125
-4.133259182519459
46.49920710550829
-1.634997378680486
92
1.250000000000000000e+02 
1.240000000000000000e+02 
0
-1
-1
126
-4.629902106575812
44.825705077420906
-1.7784843444049279
93
1.260000000000000000e+02 2.310000000000000000e+02 
1.250000000000000000e+02 
0
-1
-1
127
-5.267904494923963
42.01836735730005
-1.7894636249996552
85
1.270000000000000000e+02 
1.260000000000000000e+02 
0
-1
-1
128
-6.16413139889389
39.02158916843531
-1.8867322114491727
94
1.280000000000000000e+02 2.330000000000000000e+02 2.340000000000000000e+02 
1.270000000000000000e+02 2.320000000000000000e+02 
0
-1
-1
129
-6.876915900783938
37.0924655501579
-1.9152919332029334
85
1.290000000000000000e+02 
1.280000000000000000e+02 
0
-1
-1
130
-7.359985674521486
36.24589922395473
-1.900948357301555
95
1.300000000000000000e+02 2.350000000000000000e+02 
1.290000000000000000e+02 2.340000000000000000e+02 
0
-1
-1
131
-8.277144443481486
31.85745805561069
-1.6988073060673679
95
1.310000000000000000e+02 
1.300000000000000000e+02 
0
-1
-1
132
-8.826516198606484
27.643085745392085
-1.6736827206722453
95
1.320000000000000000e+02 
1.310000000000000000e+02 
0
-1
-1
133
-8.943432198535229
26.362838463830286
-1.6628578846129773
86
1.330000000000000000e+02 
1.320000000000000000e+02 
0
-1
-1
134
-9.309758796369149
22.86749338631216
-1.653149851013866
96
1.340000000000000000e+02 2.380000000000000000e+02 
1.330000000000000000e+02 2.370000000000000000e+02 
0
-1
-1
135
-10.05174559517253
18.972011695606803
-1.6828929658565035
96
1.350000000000000000e+02 
1.340000000000000000e+02 2.390000000000000000e+02 
0
-1
-1
136
-10.732306645553352
14.741024189616184
-1.6467455891950178
96
1.360000000000000000e+02 
1.350000000000000000e+02 
0
-1
-1
137
-11.291811322125682
10.527689348089222
-1.630603105811638
97
1.370000000000000000e+02 
1.360000000000000000e+02 
0
-1
-1
138
-12.138516742120938
7.4627774041416295
-1.8035376942265615
98
1.380000000000000000e+02 
1.370000000000000000e+02 
0
-1
-1
139
-12.979067706988058
5.577645167489168
-1.8989544025532505
99
1.390000000000000000e+02 
1.380000000000000000e+02 
0
-1
-1
140
-13.815405098278882
4.807961926116912
-2.1682427285740387
100
1.400000000000000000e+02 
1.390000000000000000e+02 
0
-1
-1
141
-14.951598659017824
4.326475532707303
-2.5384781671350947
101
1.410000000000000000e+02 
1.400000000000000000e+02 
0
-1
-1
142
-16.288205230745003
4.303445349029647
-2.9763358898263927
102
1.420000000000000000e+02 
1.410000000000000000e+02 
0
-1
-1
143
-19.547348621338102
4.790119179789025
3.0411132569014816
103
1.430000000000000000e+02 
1.420000000000000000e+02 
0
-1
-1
144
-23.912206840246256
5.7876347637476915
2.9086518582381684
104
1.440000000000000000e+02 
1.430000000000000000e+02 
0
-1
-1
145
-28.195466256022982
6.945825270943402
2.9104771628009987
104
1.450000000000000000e+02 2.400000000000000000e+02 
1.440000000000000000e+02 
0
-1
-1
146
-32.49135940619023
8.14789399980676
2.8461917614960823
104
1.460000000000000000e+02 
1.450000000000000000e+02 
0
-1
-1
147
-34.55458429206785
8.923410635936161
2.840393487045926
1
1.470000000000000000e+02 
1.460000000000000000e+02 
0
-1
-1
148
-34.73844247715461
9.063596929473622
2.8519912922492194
1
1.480000000000000000e+02 
1.470000000000000000e+02 
0
-1
-1
149
-35.994370688889305
9.538863640762814
2.861829538787992
1
1.490000000000000000e+02 
1.480000000000000000e+02 
0
-1
-1
150
-37.20797983741293
9.980561325912955
2.8799055375880354
1
1.500000000000000000e+02 
1.490000000000000000e+02 
0
-1
-1
151
-38.37970903767396
10.40309563063763
2.886339627816133
1
1.510000000000000000e+02 
1.500000000000000000e+02 
0
-1
-1
152
-39.50236780898824
10.801809410853975
2.896006499125199
1
1.520000000000000000e+02 
1.510000000000000000e+02 
0
-1
-1
153
-40.66814703222582
11.163805230835816
2.942552314182089
1
1.530000000000000000e+02 
1.520000000000000000e+02 
0
-1
-1
154
-41.93890581276344
11.574459900398965
2.920858627773966
1
1.540000000000000000e+02 
1.530000000000000000e+02 
0
-1
-1
155
-43.182416085414935
11.967930327130437
2.930144478107415
1
1.550000000000000000e+02 
1.540000000000000000e+02 
0
-1
-1
156
-44.313390544176016
12.359671726891975
2.9052194882922437
5
1.560000000000000000e+02 
1.550000000000000000e+02 
0
-1
-1
157
-46.48930080774046
13.03601261007983
2.9101626950673802
6
1.570000000000000000e+02 
1.560000000000000000e+02 
0
-1
-1
158
-50.70125633689332
14.215397258577266
2.88236537391258
6
1.580000000000000000e+02 
1.570000000000000000e+02 
0
-1
-1
159
-54.944135141189236
15.502259071031823
2.8878118221840445
6
1.590000000000000000e+02 
1.580000000000000000e+02 
0
-1
-1
160
-56.146552118469295
15.918412206735612
2.900528422438841
7
1.600000000000000000e+02 
1.590000000000000000e+02 
0
-1
-1
161
-60.30692206504308
17.12171310480255
2.9054661173800134
7
1.610000000000000000e+02 
1.600000000000000000e+02 
0
-1
-1
162
-62.698217478760796
17.856631824223992
2.899859410277481
8
1.620000000000000000e+02 
1.610000000000000000e+02 
0
-1
-1
163
-65.81394296074545
18.71641408231892
2.917504026616463
9
1.630000000000000000e+02 
1.620000000000000000e+02 
0
-1
-1
164
-66.98743734911153
19.440308856730283
2.6330616346608693
10
1.640000000000000000e+02 
1.630000000000000000e+02 
0
-1
-1
165
-67.87215905577585
21.47264231024602
1.8391231244005544
11
1.650000000000000000e+02 
1.640000000000000000e+02 
0
-1
-1
166
-68.30736274113886
23.699269110224833
1.7179024897045654
12
1.660000000000000000e+02 
1.650000000000000000e+02 
0
-1
-1
167
-67.71286850148334
27.932392318721107
1.2281841630853936
12
1.670000000000000000e+02 1.680000000000000000e+02 
1.660000000000000000e+02 
0
-1
-1
168
-67.40050710706257
29.014266539040566
1.2325187930220105
12
1.690000000000000000e+02 
1.680000000000000000e+02 
0
-1
-1
169
-66.38988521089229
32.15045610258339
1.2504812716405094
13
1.700000000000000000e+02 
1.690000000000000000e+02 
0
-1
-1
170
-64.9785414823107
36.53677624939219
1.2557301656838378
13
1.710000000000000000e+02 
1.700000000000000000e+02 
0
-1
-1
171
-63.440643871920564
40.74668548297781
1.2009818668160332
13
1.720000000000000000e+02 
1.710000000000000000e+02 
0
-1
-1
172
-61.87871400450064
45.04828710046206
1.233898909506221
13
1.730000000000000000e+02 
1.720000000000000000e+02 
0
-1
-1
173
-60.42427162314834
49.289887482198466
1.2424171895292004
13
1.740000000000000000e+02 
1.730000000000000000e+02 
0
-1
-1
174
-58.874106017573055
53.52459241863019
1.2031949900037167
13
1.750000000000000000e+02 
1.740000000000000000e+02 
0
-1
-1
175
-57.2245621936936
57.83254157005159
1.1875197194813762
13
1.760000000000000000e+02 
1.750000000000000000e+02 
0
-1
-1
176
-55.49416121840527
61.93810449865486
1.1298774812490051
13
1.770000000000000000e+02 
1.760000000000000000e+02 
0
-1
-1
177
-53.68207784545681
65.95071626166276
1.1331099632151256
13
1.780000000000000000e+02 
1.770000000000000000e+02 
0
-1
-1
178
-53.2532012220768
67.11219312306244
1.162848545552639
14
1.790000000000000000e+02 
1.780000000000000000e+02 
0
-1
-1
179
-51.35057033166747
71.21400515413819
1.0980767405037188
14
1.800000000000000000e+02 
1.790000000000000000e+02 
0
-1
-1
180
-49.845413370201
74.11518073979323
1.0458672486029303
15
1.810000000000000000e+02 
1.800000000000000000e+02 
0
-1
-1
181
-47.514469981264966
78.2060008798916
1.0494092594967857
15
1.820000000000000000e+02 
1.810000000000000000e+02 
0
-1
-1
182
-45.090418582882904
82.0144259029248
0.9847299785124551
15
1.830000000000000000e+02 
1.820000000000000000e+02 
0
-1
-1
183
-43.94846593155577
83.85905550856172
0.9817257676650692
16
1.840000000000000000e+02 
1.830000000000000000e+02 
0
-1
-1
184
-41.489627401054456
87.66493908747157
0.9803672394645473
17
1.850000000000000000e+02 
1.840000000000000000e+02 
0
-1
-1
185
-39.646598022712155
90.64339588166968
1.0067353873996807
18
1.860000000000000000e+02 
1.850000000000000000e+02 
0
-1
-1
186
-37.910503311432166
93.47809572546612
1.012919824576727
19
1.870000000000000000e+02 
1.860000000000000000e+02 
0
-1
-1
187
-32.914536929688715
100.43033361684547
0.44129272325731245
105
1.890000000000000000e+02 
1.880000000000000000e+02 
0
-1
-1
188
-8.040056258338034
93.07609961340663
-0.33185368627675127
106
1.920000000000000000e+02 
1.910000000000000000e+02 
0
-1
-1
189
-6.748859027694786
92.61315274005244
-0.35129919728323056
107
1.930000000000000000e+02 
1.920000000000000000e+02 
0
-1
-1
190
-6.350930033138113
92.45803771110494
-0.3153614445725967
108
1.940000000000000000e+02 
1.930000000000000000e+02 
0
-1
-1
191
-3.609029595174143
92.02992679669978
-0.32697560139284737
109
1.960000000000000000e+02 
1.950000000000000000e+02 
0
-1
-1
192
5.294586078477448
88.86113996670406
-0.07893757497908821
36
1.980000000000000000e+02 
1.970000000000000000e+02 
0
-1
-1
193
17.440258499794027
83.76852025316916
-0.6028602183009059
38

2.000000000000000000e+02 
0
-1
-1
194
19.21468562041997
83.7234476240565
-0.42932927091967477
38
2.020000000000000000e+02 
2.010000000000000000e+02 
0
-1
-1
195
24.122587638754812
82.61796996874023
-0.20548858840134226
38
2.040000000000000000e+02 
2.030000000000000000e+02 
0
-1
-1
196
28.756125472615416
81.28710055281272
-0.2924263630194791
38
2.050000000000000000e+02 
2.040000000000000000e+02 
0
-1
-1
197
33.6682833793631
80.37188185799872
-0.20050972184439594
38
2.060000000000000000e+02 
2.050000000000000000e+02 
0
-1
-1
198
35.736695973959556
80.06271190859542
-0.20840758629031142
39
2.070000000000000000e+02 
2.060000000000000000e+02 
0
-1
-1
199
40.067483698301835
79.35718968350423
-0.1334554291786004
39
2.080000000000000000e+02 
2.070000000000000000e+02 
0
-1
-1
200
44.56595368939619
79.09121695011405
-0.07422445799900415
39
2.090000000000000000e+02 
2.080000000000000000e+02 
0
-1
-1
201
48.99770895110507
78.51726060164627
-0.16934062050062854
39
2.100000000000000000e+02 
2.090000000000000000e+02 
0
-1
-1
202
52.22218070040704
78.059105781713
-0.1784022479335273
40
2.110000000000000000e+02 
2.100000000000000000e+02 
0
-1
-1
203
55.51742083185858
77.61362419483683
-0.16703930834304495
41
2.120000000000000000e+02 
2.110000000000000000e+02 
0
-1
-1
204
57.84558944749013
77.3425891687697
-0.15746062851461753
42
2.130000000000000000e+02 
2.120000000000000000e+02 
0
-1
-1
205
62.487770338850936
76.79358647821232
-0.14934140777959115
43
2.150000000000000000e+02 
2.140000000000000000e+02 
0
-1
-1
206
42.31454607670004
40.337814239912014
2.8346167355629674
110
2.180000000000000000e+02 
2.170000000000000000e+02 
0
-1
-1
207
40.193408070651806
40.983644387615044
2.8468155343592594
111
2.190000000000000000e+02 
2.180000000000000000e+02 
0
-1
-1
208
38.2610395302907
41.36928982611673
2.9631477689475503
112
2.210000000000000000e+02 
2.200000000000000000e+02 
0
-1
-1
209
37.031419734057984
41.72679954012359
2.926189957756241
113
2.220000000000000000e+02 
2.210000000000000000e+02 
0
-1
-1
210
35.79886198687494
42.0836214417954
2.92721757163824
114
2.230000000000000000e+02 
2.220000000000000000e+02 
0
-1
-1
211
29.45647945000234
44.36738168214423
2.835433566284432
115
2.250000000000000000e+02 
2.240000000000000000e+02 
0
-1
-1
212
6.8620485454935665
54.45848512135501
2.7498664330819205
116
2.280000000000000000e+02 
2.270000000000000000e+02 
0
-1
-1
213
-0.13886099677030073
54.881037846954854
-2.9677632700491623
117
2.300000000000000000e+02 
2.290000000000000000e+02 
0
-1
-1
214
-5.608668735800952
41.03217795159894
-1.7704266002343698
118
2.320000000000000000e+02 
2.310000000000000000e+02 
0
-1
-1
215
-6.769453750398299
36.924330163250445
-1.7979835765321392
95

2.330000000000000000e+02 
0
-1
-1
216
-8.580040406746697
32.32794407717496
-1.7358496097487843
119
2.360000000000000000e+02 
2.350000000000000000e+02 
0
-1
-1
217
-8.967843313275184
27.345697514656262
-1.6499405927962905
119
2.370000000000000000e+02 
2.360000000000000000e+02 
0
-1
-1
218
-9.913463712436833
20.10038287764828
-1.6649850866648577
97
2.390000000000000000e+02 
2.380000000000000000e+02 
0
-1
-1
219
-32.05964575101784
7.836990099383406
2.9065163952871416
1
2.410000000000000000e+02 
2.400000000000000000e+02 
0
-1
-1
220
-32.91703352555811
8.036863885440097
2.9134883765163515
1
2.420000000000000000e+02 
2.410000000000000000e+02 
0
-1
-1
221
-33.819212280524
8.262986002793753
2.8968061956542996
1
2.430000000000000000e+02 
2.420000000000000000e+02 
0
-1
-1
222
-34.70058232991585
8.474155439598643
2.90718673558321
1
2.440000000000000000e+02 
2.430000000000000000e+02 
0
-1
-1
223
-35.584509562875134
8.691557660112789
2.9011083052134152
1
2.450000000000000000e+02 
2.440000000000000000e+02 
0
-1
-1
224
-36.42421545286
8.897319801593202
2.90193399921914
1
2.460000000000000000e+02 
2.450000000000000000e+02 
0
-1
-1
225
-37.15429567179049
9.074967264254065
2.9035741241451594
1
2.470000000000000000e+02 
2.460000000000000000e+02 
0
-1
-1
226
-37.946971767383936
9.266454043497081
2.9051111438544774
1
2.480000000000000000e+02 
2.470000000000000000e+02 
0
-1
-1
227
-37.94720507615688
9.266915975505384
2.905105644904283
1
2.490000000000000000e+02 
2.480000000000000000e+02 
0
-1
-1
228
-38.31130318220045
9.359540018031488
2.8933793806434176
1
2.500000000000000000e+02 
2.490000000000000000e+02 
0
-1
-1
229
-38.53985410527698
9.41508776592363
2.9043989267076813
1
2.510000000000000000e+02 
2.500000000000000000e+02 
0
-1
-1
230
-38.60465846185815
9.431257045835515
2.9006385731870923
1
2.520000000000000000e+02 
2.510000000000000000e+02 
0
-1
-1
231
-38.81223813840674
9.447576194989644
3.0641599355305655
3
2.530000000000000000e+02 
2.520000000000000000e+02 
0
-1
-1
232
-38.944572864951965
9.427018127460972
-2.9861529922058203
120
2.540000000000000000e+02 
2.530000000000000000e+02 
0
-1
-1
233
-39.010575423371115
9.40292738748144
-2.7898683217247653
4
2.550000000000000000e+02 
2.540000000000000000e+02 
0
-1
-1
234
-39.031145506255214
9.38880920921521
-2.5376263461756783
1
2.560000000000000000e+02 
2.550000000000000000e+02 
0
-1
-1
235
-39.087143303234214
9.323883585178287
-2.2824979635243516
121

2.560000000000000000e+02 
0
-1
-1
-
235
234
