0.9703093745405816
2.7203052434507136
2.80929790964737
1
0
2.0
0.8198826316012626
0.44551354746293015
0.44551354746293015
2
1
3.0
1.5396072301733175
0.050327991448688714
0.044249965632860544
3
2
11.0
0.5332960983197995
0.0274873013866066
0.20206174339444605
4
3
17.0
0.01514028756830677
0.3885384303227202
0.3885384303227202
5
4
18.0
1.6377139894632884
0.06754398764270819
0.06116706859648646
6
5
30.0
0.4941789248633202
-0.06582232722340198
-0.09622144297007074
7
6.0
45.0
1.4776494141190908
-0.008909136923197725
-0.005695548610578083
8
7.0
52.0
4.302565499423555
0.007590105145256487
0.005468333915777723
9
8
59.0
2.2398033824489607
-0.010276533719845826
-0.009493232704970822
10
9
62.0
4.423558070217788
0.0024631425098546877
-0.016196541367518247
11
10
80.0
1.851791778618044
-0.003169984278173832
-0.004843931338948337
12
11
84.0
4.398903849452871
-0.005486729772981924
0.0006831718080282378
13
12
91.0
1.9634945521173035
-0.03142231295357201
-0.047120559479167934
14
13
93.0
0.9014262639426659
-0.5778075541504255
-0.5778075541504255
15
14
94.0
1.9304812745611746
-0.3100698104561834
-0.30957634910716125
16
15
97.0
3.0082143796449174
-0.43281670559298746
-0.6129921262311511
17
16
101.0
1.7966569922317783
-0.07580146177682456
-0.12601769514111405
18
17
103.0
4.130601789494028
-0.10423967758712571
-0.17390585399578296
19
18
108.0
4.243753956716576
-0.0033085472281222383
-0.005334380284742979
20
19
113.0
4.74130017687805
-0.0064849568203408925
-0.01605201276182977
21
20
118.0
4.837985847460443
0.0021017352706262926
0.01034638950368505
22
21
123.0
4.878450199488776
-0.013750419146992598
0.008132448105975687
23
22
128.0
1.8428615356761051
-0.010997884447228046
-0.013846400813741111
24
23
130.0
4.925677224655077
-0.009360598309973378
-0.0003356440332147326
25
24
135.0
5.0412985409196205
-0.02206797501592206
-0.07935692283406626
26
25
140.0
4.843918672786087
-0.11903939508349892
-0.11808275828643122
27
26
145.0
4.851050766485617
0.021650849825206375
0.09176699425849599
28
27
151.0
4.887623315540991
0.0006895340379045045
0.006966463536513645
29
28
156.0
4.604298748506601
0.10275449470446585
0.03975828923321156
30
29
161.0
4.901738547057215
-0.05188661528958116
-0.15160257677767763
31
30
166.0
0.9666520532285401
-0.0002066296953360247
-0.0002066296953360247
32
31
167.0
4.883506870325116
-0.0019311568396964685
-0.001617043780177907
33
32
172.0
2.001725807592689
-0.0053543280779917435
-0.005049769898331835
34
33
174.0
2.687724481985624
0.10431145967926825
0.13537688232238
35
34
177.0
3.505326430385005
-0.049257088412850925
-0.13455457389276826
36
35
181.0
2.7297525691833813
0.002310279205142818
-0.0036577418799164096
37
36
184.0
2.7407632145063827
0.0017491830878360037
0.0057659759880130945
38
37
187.0
2.62271608621238
-0.013964165744946522
-0.022706765960543773
39
38
190.0
0.9968118465364975
-0.11362655612255113
-0.11362655612255113
40
39
191.0
1.793501719300151
-0.235483114450046
-0.28236675971181935
41
40
193.0
1.6974742687565298
-0.2857862138821401
-0.41538113006199406
42
41
195.0
2.6733642693200843
-0.17592166167905998
-0.35400994666058927
43
42
198.0
4.76575696551646
-0.26094873498234966
-0.29638543715251453
44
43
203.0
4.937800713735101
-0.07022458813056881
-0.06523257375736136
45
44
208.0
1.9021763403671308
-0.012783579808363449
-0.016650068755324043
46
45
210.0
5.147123409196238
-0.016006894736743937
-0.13143498799914166
47
46
215.0
3.1491654452135727
-0.018215588704386262
-0.01562816047244857
48
47
218.0
1.6892285769655635
0.08358206730019534
0.15442671203034342
49
48
220.0
3.1079960944023894
-0.002914081053271511
-0.013248034436430023
50
49
223.0
3.102809192766458
0.006853447700962995
0.008535501153863118
51
50
226.0
4.047594595636601
-0.03973526321376436
-0.16840509380100482
52
51
230.0
2.8183424721721795
-0.057152590112075075
-0.060182814197522916
53
52
233.0
2.793421189918827
0.02314000381861714
0.08739416009715129
54
53
236.0
4.716485680642349
0.04039310910597588
0.04069772145040304
55
54
241.0
0.983124488363095
-0.022936517469612776
-0.022936517469612783
56
55
242.0
4.358529886394594
0.013711876088778469
-0.0005168660192761201
57
56
247.0
2.0753686467848684
-0.1321529848298697
-0.17668243395869077
58
57
250.0
4.4365493028649245
-0.07469507180196189
-0.08569455621875743
59
58
257.0
4.378611377293433
0.08611268501250002
0.11024510438217305
60
59
263.0
1.4515639168594883
0.1146082766737857
0.1251876145152746
61
60
265.0
4.488851260947261
0.0016939196817432334
-0.003281079642598689
62
61
270.0
4.303595313005349
0.08142486558387026
0.15005259351558298
63
62
275.0
4.133144871446159
-0.15868308840347425
-0.16002719462325043
64
63
280.0
4.036434932440469
0.0769301338250201
0.20249495354389263
65
64
285.0
4.097914026037123
-0.09020882836137056
-0.13951410089706712
66
65
290.0
1.8815070196099446
-0.006299359568808033
0.001367646005272366
67
66
292.0
4.403528742098529
-0.0748491999831631
-0.11499354341152657
68
67
297.0
4.417403849784984
0.08505337091040754
0.08778466224797743
69
68
302.0
0.8847399068218318
-0.01718109524452483
-0.01718109524452484
70
69
303.0
1.880183942126433
0.007282741383626418
0.0074891601881453065
71
70
305.0
1.8160981322254652
0.008644299731058472
0.021186917236758813
72
71
307.0
3.503016473752262
-0.07039233662380884
-0.06332589067488499
73
72
311.0
3.6276832760651123
-0.03689218333351896
-0.049304887461243396
74
73
315.0
1.8773395353676645
0.011224868626441342
0.008579245599373841
75
74
317.0
1.0298924022399223
-0.10903601460270185
-0.10903601460270185
76
75
318.0
1.533076344404198
-0.17599595655374234
-0.17879072143005637
77
76
320.0
1.5287562523020986
-0.19459795411929814
-0.22410808696284512
78
77
322.0
2.7926243790502956
-0.27030116565709594
-0.345468307307331
79
78
326.0
2.0571153364065666
-0.12899256973171092
-0.2095962450775053
80
79
329.0
1.7180564692836593
0.0026612329429696047
8.881120321557745e-05
81
80
331.0
0.784452566494265
-0.19183846553443384
-0.19183846553443384
82
81
332.0
2.479546789216089
-0.10998515381870444
-0.1437615121104301
83
82
335.0
1.4792402671277967
-0.017918239397368474
-0.029525148636941445
84
83
337.0
2.9165949904519053
0.007901001292117904
0.012646247974862135
85
84
340.0
3.3918248868203937
-0.15184359573824668
-0.30680747259868024
86
85
344.0
2.67089501616287
-0.015722852762161565
-0.03366634943514146
87
86
347.0
1.6792508921773361
-0.1944937113977172
-0.19903111951080454
88
87
349.0
1.9122734971229303
0.061258046612632455
0.11555118656631436
89
88
351.0
1.860699294667822
-0.06193706220626094
-0.08202416172134885
90
89
353.0
3.5465868744560747
-0.1452427675756338
-0.1685607223249459
91
90
357.0
4.665546970310471
-0.051485183039361004
-0.14369639755619001
92
91
362.0
2.76803055543968
-0.086483951058697
-0.09591904173770427
93
92
365.0
2.774068591020982
-0.2028174593826524
-0.3176566221491366
94
93
368.0
1.8855552415137635
-0.02564898216602307
-0.019157290135787264
95
94
370.0
1.7742685929313082
-0.07310452769561326
-0.12815501417365605
96
95
372.0
2.012165900839989
-0.1808341394069255
-0.2534097310062098
97
96
374.0
1.6396736759401274
-0.020387009598171524
-0.026643800787418126
98
97
376.0
2.25890692884055
0.022798930095594194
0.028779148856315384
99
98
378.0
1.8971093618374792
-0.010003115356652437
-0.0034716572793240807
100
99
380.0
1.1185823794517356
-0.21436076567964557
-0.21436076567964557
101
100
381.0
1.7948630861941064
-0.22738601742407338
-0.2238517785288061
102
101
383.0
4.646769305943067
-0.0496970826669072
-0.1225827252372027
103
102
388.0
1.9530840189750902
-0.007884039859912484
-0.016012710303934252
104
103
390.0
0.951392403131846
-0.0005141492473690334
-0.0005141492473690334
105
104
391.0
1.689798417008632
0.011981803269035751
0.017134605317761675
106
105
393.0
1.9297725210440169
-0.06378991719943317
-0.09592272693712678
107
106
395.0
1.706749246960916
-0.010990258585600543
-0.011936442738536446
108
107
397.0
3.105007817244752
0.002582364018400618
-0.0026886446984715207
109
108
400.0
2.097695197358285
-0.00932691012729503
-0.010373264225164824
110
109
402.0
2.0504383258643775
-0.04575161986566423
-0.09308562457169911
111
110
404.0
1.9057353193525597
-0.04435676509033293
-0.04228784008047892
112
111
406.0
1.0537923029065708
0.00036280096326990474
0.00036280096326990474
113
112
407.0
1.1169873881292844
-0.0030883803324619485
-0.0030883803324619485
114
113
408.0
1.0413836549464475
-0.004947429402278214
-0.004947429402278214
115
114
409.0
2.0752441982951604
-0.008866961581668331
-0.011301977312947464
116
115
411.0
4.226101715187515
0.0005406950738375826
-0.001611934592863573
117
116
415.0
2.106505573943402
-0.0023666866681741894
-0.008420030682159574
118
117
417.0
4.19058636099572
-0.0038040058143584687
-0.011029706956631635
119
118
421.0
4.277520919036303
0.010936593187534704
0.010383611503566037
120
119
425.0
1.891136758915851
0.27554826011013045
0.5734445168497389
121
120
427.0
2.5561245862981647
0.024904337757027495
0.04887204013973179
122
121
430.0
2.873131216726848
0.5821944333989983
0.6035118421266747
123
122
434.0
3.5682869822436234
0.23640664006684942
0.23417312054586148
124
123
438.0
2.8427941823809437
0.11524767366151156
0.189181458011475
125
124
441.0
1.845169337050645
-0.09533496018042165
-0.15503782774989938
126
125
443.0
3.789716967050159
0.013537590794323595
0.01304528380850245
127
126
447.0
3.626721794895552
-0.030595907134931988
-0.09103552766822309
128
127
451.0
4.715132752929499
-0.008220863802600675
0.061203295543096115
129
128
456.0
1.0346538506963432
0.002777760819630437
0.002777760819630437
130
129
457.0
3.9315507401782614
0.05001121771411832
0.17995404844587481
131
130
461.0
4.01437402033605
0.0038863539250382217
0.0082446823665272
132
131
465.0
1.048543825899099
-0.006057310653512005
-0.006057310653512005
133
132
466.0
3.2774082257724224
-0.007534592263011675
-0.007176289102208244
134
133
469.0
4.213815616616425
-0.006377460200666096
-0.016332962582464194
135
134
473.0
4.511502956262869
0.013210688219308153
0.014716816689408496
136
135
477.0
4.371729313063884
0.0016706058175488536
0.004555589966179774
137
136
481.0
3.2747046627378533
-0.13218930189513767
-0.18452296916523547
138
137
484.0
2.1306497949800103
-0.06859375291753533
-0.10700640885876567
139
138
486.0
1.1205977136899536
-0.2808791775217818
-0.2808791775217818
140
139
487.0
1.1375189558881509
-0.3818272711920363
-0.3818272711920363
141
140
488.0
1.163682067214274
-0.44945036582399966
-0.44945036582399966
142
141
489.0
3.093812283599192
-0.2654166498753412
-0.2773294429063151
143
142
492.0
4.266988524074004
-0.08989528896259014
-0.14405514894548999
144
143
496.0
4.222910821604163
0.0013875012200816883
-0.009768741970809014
145
144
500.0
4.247590561487593
-0.010205535884391992
-0.0758872344375221
146
145
504.0
1.9837724243277188
-0.018977911647671597
-0.017396263509042775
147
146
506.0
0.0
-2.0759610401332216
-0.0
148
147
506.0
1.123298916294067
-0.0017592131206654038
-0.0017592131206654038
149
148
507.0
1.0731564794770925
0.006479045482654211
0.006479045482654211
150
149
508.0
1.027694589983516
-0.0051621970340547385
-0.0051621970340547385
151
150
509.0
0.9741124081101824
-0.0019285914620810196
-0.0019285914620810196
152
151
510.0
1.007130455816936
0.0349513337454499
0.0349513337454499
153
152
511.0
1.1206283512956567
-0.03328703094491292
-0.03328703094491292
154
153
512.0
1.0901997630084412
-0.002306203951046637
-0.002306203951046637
155
154
513.0
0.9807719344096865
-0.036515602387279245
-0.036515602387279245
156
155
514.0
2.0638861720146235
-0.01489945950719962
-0.006645814818853513
157
156
516.0
4.1610628038675666
-0.009421852222870175
-0.039384604872555906
158
157
520.0
4.219083171821997
-0.004443575421505752
-0.006138953209124276
159
158
524.0
1.0566251778499327
0.0011332226693463454
0.0011332226693463454
160
159
525.0
4.117656142282281
-0.008473304269742021
-0.006643519956016863
161
160
529.0
2.2877800423263843
-0.015194581294337928
-0.01718562354108455
162
161
531.0
3.020677726209589
0.012870631622698081
0.006068130952880946
163
162
534.0
1.1505660013621481
-0.29601631702163766
-0.29601631702163766
164
163
535.0
2.0180965184637736
-0.6947985315524352
-0.8055097492103068
165
164
537.0
2.101187010924227
-0.13564825065776975
-0.13278906534660584
166
165
539.0
4.165015467283098
-0.3228562695367176
-0.5012838305364291
167
166
543.0
1.1301054944343767
-0.02375862824419306
-0.02375862824419306
19.0
167
544.0
1.0240165606704794
-0.005047570853432104
-0.005047570853432104
168
167.0
547.0
3.1932538510660518
0.01063947441767854
0.00858323164465924
169
168
550.0
4.505500563353254
0.0005288797800109268
-0.0041273912969364
170
169
554.0
4.382824931425876
-0.04502620084575204
-0.06412161859498333
171
170
558.0
4.476809777398461
0.012152387877541138
0.023546688707271723
172
171
562.0
4.382733276688698
-0.0027418136306212038
-0.0008491119385443113
173
172
566.0
4.409741750449124
-0.03214941265256743
-0.048586637043433134
174
173
570.0
4.514229401571447
-0.007542248830846976
-0.025036765025532093
175
174
574.0
4.359340648100181
-0.026433999785388185
-0.06700080499177785
176
175
578.0
4.308912179801974
0.005159796048430643
-0.00612317614887492
177
176
582.0
1.1400030486043726
0.0203858099578611
0.0203858099578611
178
177
583.0
4.4281690985021385
-0.037501463550011715
-0.07412171838832471
179
178
587.0
3.179309435777618
-0.02626957932312246
-0.06155657665242176
180
179
590.0
4.622416554195805
-0.004813805092966583
-0.005802279446227798
181
180
594.0
4.4333328336723525
-0.059054944626324546
-0.07402081477420486
182
181
598.0
2.0881494244351066
-0.007083065591298898
-0.012343029589903076
183
182
600.0
4.45019581634282
0.001900772384674676
-0.01069467699145854
184
183
604.0
3.419791204218702
0.01637302382463046
0.017034620460619543
185
184
607.0
3.24069808536219
-0.006829010902095756
-0.00314652109711
186
185
610.0
2.2127764080484873
-0.007584640574449963
-0.00773994585386939
38.0
186
612.0
1.1365923549872
-0.18926120614484188
-0.189261206144842
187
41.0
619.0
1.0412784225087928
-0.21653600642680826
-0.21653600642680826
42.0
187
620.0
5.488251077360821
0.07753900559234239
0.14498376722954376
46.0
44.0
630.0
1.0873099405135973
-0.020152502316570953
-0.020152502316570953
188
50.0
644.0
2.10635273135652
0.011789305412910345
0.006474546303661732
189
188
646.0
1.1626944488761866
0.061858898501355064
0.061858898501355064
190
189
647.0
2.266005010537462
0.1721599656377082
0.10131193898365165
51.0
190
649.0
1.0453226183355273
-0.07361927102977628
-0.07361927102977628
191
51.0
650.0
2.179204600734412
-0.013455424020883733
-0.04327349110580325
52.0
191
652.0
2.165818631723748
0.13849508602539107
0.23742657506243958
192
54.0
657.0
4.195125844535513
-0.20654652136697038
-0.26635485908713363
56.0
192
661.0
3.789155082348198
0.022137381882698648
0.023104891725665766
58.0
56.0
665.0
4.835512553576425
-0.217189105117094
-0.23882151970657528
193
58.0
671.0
2.553824605094131
-0.008482428718185275
0.010547082693566523
194
59.0
677.0
4.332373924816549
0.14765189551119207
0.2535650784124046
61.0
194
682.0
1.0435541678355544
-0.03526018871386505
-0.03526018871386505
195
61.0
683.0
4.816184875564799
-0.09722710582253402
-0.09396799523906463
196
195
688.0
4.978234093007734
0.08644930339704526
0.08488621437146815
197
196
693.0
2.0707804994177654
-0.009711025153756658
-0.014928582757178788
198
197
695.0
4.366698453276467
0.021236402575372182
0.06792106228780703
199
198
699.0
4.470653058721458
0.05018628114815815
0.05219941528576211
200
199
703.0
4.443153685605121
-0.07948827495583899
-0.10214826344705141
201
200
707.0
3.2340197658139354
-0.008771099267339544
-0.016094356708082458
202
201
710.0
3.3015090317442284
0.008017104358964744
0.004329499538447301
203
202
713.0
2.319002714640992
-0.0028915033244603094
0.0025444475105222963
204
203
715.0
2.073026963368567
-0.0025749705681832324
-0.0029045106093743556
73.0
204
717.0
2.7106730845880316
0.02486591775020841
0.020736029070428152
205
73.0
720.0
1.1285585058469592
-0.008438822458097128
-0.008438822458097128
74.0
205
721.0
2.3484127427566053
-0.1429642937813509
-0.272134579231607
102.0
100.0
777.0
2.0609627928571395
-0.16020896361327885
-0.2474335306097224
206
102.0
779.0
2.3787003568169482
-0.02880964568705835
-0.02955831827571842
207
206
781.0
0.9996368952679155
-0.0011570621110963408
-0.0011570621110963408
103.0
207
782.0
1.0055657491495549
0.07214647794074569
0.07214647794074569
208
103.0
783.0
1.1671882723030427
-0.040547376372152666
-0.040547376372152666
209
208
784.0
1.1696367695436345
-0.0025658072581564717
-0.0025658072581564717
210
209
785.0
1.0837098188463787
-0.01914631907123976
-0.01914631907123976
106.0
210
786.0
1.1003143723278999
0.006735336899341249
0.006735336899341249
211
108.0
790.0
1.0926437281059536
-0.003731683284907028
-0.003731683284907028
109.0
211
791.0
3.3497692840461446
-0.0005365273468700416
-0.006746412727629103
118.0
116.0
805.0
1.077995449617905
-0.0060739929214008725
-0.0060739929214008725
212
119.0
812.0
2.2040182936121044
0.005769773178171178
0.009491842684922869
120.0
212
814.0
3.2954293500144276
0.13089392065494243
0.14068570080811682
213
121.0
819.0
1.1493262426272253
0.4470295378831106
0.4470295378831106
122.0
213
820.0
3.5113141519511655
-0.010000731491515147
-0.0097337614513755
214
126.0
833.0
2.085906523570439
-0.05212350926345888
-0.11630561121480287
128.0
214
835.0
3.2668146696108606
0.0472789903985662
0.1305173910116313
215
128.0
838.0
1.1144883110730184
-0.09157026139664115
-0.09157026139664115
130.0
128.0
840.0
4.420699517194513
0.09170230420670045
0.17040589253018723
216
130.0
844.0
5.368567366379591
0.12454139727709279
0.09121398594137098
217
216
849.0
4.491237959927924
-0.002363884245820458
-0.0032092582175762274
134.0
217
853.0
3.28538926842132
-0.012920176537930317
-0.01637558660550198
218
134.0
856.0
1.1368128269660815
-0.017907879191644938
-0.017907879191644938
135.0
218
857.0
3.964883362311652
0.004676418080767686
-0.003957232787409559
219
145.0
887.0
0.879701500919681
0.006975236516955974
0.006975236516955974
220
219
888.0
0.9294489184300845
-0.016679196515655637
-0.016679196515655637
221
220
889.0
0.9057377918869817
0.01038326191005412
0.01038326191005412
222
221
890.0
0.9097401073416447
-0.0060759620886319254
-0.0060759620886319254
223
222
891.0
0.864069260925488
0.0008279173298371134
0.0008279173298371134
224
223
892.0
0.7509530032943382
0.0016421120638305808
0.0016421120638305808
225
224
893.0
0.8150955839633395
0.0015387793601080446
0.0015387793601080446
226
225
894.0
0.0
-2.9050723130359835
-3.9583095965411985e-06
227
226
894.0
0.3754006179716806
-0.011724934570963796
-0.011724934570963796
228
227
895.0
0.2349575264099606
0.011020672223383876
0.011020672223383876
229
228
896.0
0.06658581022326698
-0.003759424339611961
-0.003759424339611961
230
229
897.0
0.20809009860489147
0.16352210002166156
0.16352210002166156
231
230
898.0
0.13386418669474684
0.23287292984463992
0.23287292984463992
232
231
899.0
0.07024686399902605
0.19628503646294693
0.19628503646294693
233
232
900.0
0.02495715161662772
0.25224215854003296
0.25224215854003296
234
233
901.0
0.08573849732229698
0.25512838265132665
0.25512838265132665
235
234
902.0
