0
30.0
30.0
17.904745236938613
1.5
0.000000000000000000e+00 
1
29.967831516418435
29.642338451166975
18.704745236938614
17.199999999999992
1.000000000000000000e+00 5.000000000000000000e+00 7.000000000000000000e+00 1.470000000000000000e+02 1.480000000000000000e+02 1.490000000000000000e+02 1.500000000000000000e+02 1.510000000000000000e+02 1.520000000000000000e+02 1.530000000000000000e+02 1.540000000000000000e+02 1.550000000000000000e+02 2.190000000000000000e+02 2.200000000000000000e+02 2.210000000000000000e+02 2.220000000000000000e+02 2.230000000000000000e+02 2.240000000000000000e+02 2.250000000000000000e+02 2.260000000000000000e+02 2.270000000000000000e+02 2.280000000000000000e+02 2.290000000000000000e+02 2.300000000000000000e+02 2.340000000000000000e+02 
2
29.8404269058438
29.06785929526757
20.052118794861155
1.5
2.000000000000000000e+00 
3
28.66717854690818
27.694957231448406
22.635209796780142
1.5
3.000000000000000000e+00 2.310000000000000000e+02 
4
28.02936551087649
27.232305406007868
22.89385730611216
1.5
4.000000000000000000e+00 2.330000000000000000e+02 
5
26.524436752514
27.226681569035147
26.35046859922728
1.5
6.000000000000000000e+00 8.000000000000000000e+00 9.000000000000000000e+00 1.560000000000000000e+02 
6
15.005420314529378
28.158360688120162
26.618256511463102
1.5
1.000000000000000000e+01 1.100000000000000000e+01 1.570000000000000000e+02 1.580000000000000000e+02 1.590000000000000000e+02 
7
8.73027203841114
28.489732813943
26.53584616499915
1.5
1.200000000000000000e+01 1.600000000000000000e+02 1.610000000000000000e+02 
8
4.265853198885282
28.64494500559258
26.43878539121535
1.5
1.300000000000000000e+01 1.620000000000000000e+02 
9
2.861567198836199
28.694950243498205
26.408056674565795
1.5
1.400000000000000000e+01 1.630000000000000000e+02 
10
1.7738050647992618
28.72151735027945
26.217538973717613
1.5
1.500000000000000000e+01 1.640000000000000000e+02 
11
79.58388024695527
27.374868200582522
21.303733449038837
1.5
1.600000000000000000e+01 1.700000000000000000e+01 1.650000000000000000e+02 
12
78.4353492416728
23.644842896690076
17.621122117327186
1.5
1.800000000000000000e+01 1.900000000000000000e+01 2.000000000000000000e+01 2.100000000000000000e+01 2.200000000000000000e+01 2.300000000000000000e+01 1.660000000000000000e+02 1.670000000000000000e+02 1.680000000000000000e+02 
13
2.4787721131452223
79.51049362634923
16.509827341897278
36.500000000000924
2.400000000000000000e+01 2.500000000000000000e+01 2.600000000000000000e+01 2.700000000000000000e+01 2.800000000000000000e+01 1.690000000000000000e+02 1.700000000000000000e+02 1.710000000000000000e+02 1.720000000000000000e+02 1.730000000000000000e+02 1.740000000000000000e+02 1.750000000000000000e+02 1.760000000000000000e+02 1.770000000000000000e+02 
14
7.374140023438828
55.71852879574577
16.220409841211683
1.5
2.900000000000000000e+01 3.000000000000000000e+01 3.100000000000000000e+01 1.780000000000000000e+02 1.790000000000000000e+02 
15
8.540161320552354
45.34579194399684
15.93288626291099
1.5
3.200000000000000000e+01 3.300000000000000000e+01 1.800000000000000000e+02 1.810000000000000000e+02 1.820000000000000000e+02 
16
10.155377289178968
38.73095628987221
16.00422635368446
1.5
3.400000000000000000e+01 1.830000000000000000e+02 
17
10.708618091832568
36.065524241686795
16.80276432771347
1.5
3.500000000000000000e+01 1.840000000000000000e+02 
18
11.022601336046028
32.40297837290603
16.2488899554237
1.5
3.600000000000000000e+01 1.850000000000000000e+02 
19
11.564279986066811
29.73882935779894
16.158933490542356
1.5
3.700000000000000000e+01 1.860000000000000000e+02 
20
12.066042193988869
27.18602623125991
16.18298570445098
1.5
3.800000000000000000e+01 
21
12.54002159338402
24.5967627046206
16.17417011155069
1.5
3.900000000000000000e+01 
22
12.720623681457466
23.689577116738207
16.173918270221595
1.5
4.000000000000000000e+01 
23
13.191319397183168
21.847269683318295
14.511490416387295
1.5
4.100000000000000000e+01 
24
14.058388539990478
20.37659069187077
13.18349428228639
1.5
4.200000000000000000e+01 
25
16.18266390651696
18.898842802974215
11.201990292360495
1.5
4.300000000000000000e+01 
26
20.473196326152195
18.380979290623895
8.25219869377387
1.5
4.400000000000000000e+01 4.500000000000000000e+01 
27
27.22097919159148
19.280018709411852
7.795273233221927
1.5
4.600000000000000000e+01 
28
31.693803255829593
19.974771757024772
7.755279452030745
1.5
4.700000000000000000e+01 
29
34.666590483478686
20.660973498953528
7.050698450436018
1.5
4.800000000000000000e+01 
30
36.39523480606449
21.11273687742631
7.175844245568429
1.5
4.900000000000000000e+01 
31
39.36775377044187
21.500190702115113
8.071722321061365
1.5
5.000000000000000000e+01 
32
42.367635387293205
21.79082895264739
8.019550134036049
1.5
5.100000000000000000e+01 
33
46.395830934770736
22.112967707670173
8.062260516179158
1.5
5.200000000000000000e+01 
34
49.12612082890951
22.63086645487926
6.941529678431896
1.5
5.300000000000000000e+01 
35
51.91628977796031
23.47416869359
6.912199904254505
1.5
5.400000000000000000e+01 5.500000000000000000e+01 
36
57.00610368132071
24.371930027621378
7.759047622593394
1.5
5.600000000000000000e+01 5.700000000000000000e+01 1.920000000000000000e+02 
37
63.66115711384026
25.331122551384368
7.097571391383262
4.849999999999895
5.800000000000000000e+01 5.900000000000000000e+01 6.000000000000000000e+01 
38
73.34948885576044
28.453573387483733
7.705643474880576
15.999999999999847
6.100000000000000000e+01 6.200000000000000000e+01 6.300000000000000000e+01 6.400000000000000000e+01 6.500000000000000000e+01 6.600000000000000000e+01 1.930000000000000000e+02 1.940000000000000000e+02 1.950000000000000000e+02 1.960000000000000000e+02 1.970000000000000000e+02 
39
16.100633579151655
30.086811379040466
8.326913991663467
12.39999999999986
6.700000000000000000e+01 6.800000000000000000e+01 6.900000000000000000e+01 1.980000000000000000e+02 1.990000000000000000e+02 2.000000000000000000e+02 2.010000000000000000e+02 
40
25.81346409391078
30.80471104518055
8.39456323714964
1.5
7.000000000000000000e+01 2.020000000000000000e+02 
41
27.61956533267593
30.907858780265613
8.373557406683142
1.5
7.100000000000000000e+01 2.030000000000000000e+02 
42
29.525674054769713
31.002536301900605
8.373129444112507
1.5
7.200000000000000000e+01 2.040000000000000000e+02 
43
33.00437436186223
31.25263903502681
8.14907597777025
1.5
7.300000000000000000e+01 2.050000000000000000e+02 
44
35.688861141457316
31.482336675628467
8.059310191147048
1.5
7.400000000000000000e+01 
45
37.98425668258084
31.77253066783871
8.081174627315253
1.5
7.500000000000000000e+01 
46
39.0045321775172
31.871092777202826
8.048583480266418
1.5
7.600000000000000000e+01 
47
40.837948366983795
32.12882410398819
6.5005823006002705
1.5
7.700000000000000000e+01 
48
42.16159220391793
32.61774481500972
5.603876686291428
1.5
7.800000000000000000e+01 
49
44.33933865291087
34.318290183773016
3.402336973742303
1.5
7.900000000000000000e+01 
50
45.511840308720934
36.062400139964396
2.3545252018667213
1.5
8.000000000000000000e+01 
51
46.07512471433586
37.45525677067992
2.2146084810122937
1.5
8.100000000000000000e+01 
52
46.39695201713374
38.28594615432414
2.1746838415929965
1.5
8.200000000000000000e+01 
53
46.85152833370121
40.571427333597825
0.5590587545577819
1.5
8.300000000000000000e+01 
54
46.93993180651503
42.26596064983773
0.23333474243167873
1.5
8.400000000000000000e+01 
55
46.98416244816158
44.965880794263654
0.15827346051338242
1.5
8.500000000000000000e+01 
56
47.048585321613004
47.69885676551823
0.011008569560384318
1.5
8.600000000000000000e+01 
57
46.609172986223314
50.686640943575355
33.48929042976596
1.5
8.700000000000000000e+01 
58
46.13361579951666
52.50743935988932
32.28280175519591
1.5
8.800000000000000000e+01 
59
45.408078296152276
54.03297795898477
32.29624650850657
1.5
8.900000000000000000e+01 
60
44.67140546316563
55.80808852326326
32.744559850089594
1.5
9.000000000000000000e+01 
61
43.147885298472495
59.02235785528927
31.686740138596697
1.7000000000000113
9.100000000000000000e+01 9.200000000000000000e+01 
62
38.99881875389909
64.85103209560032
30.526312033948336
1.5
9.300000000000000000e+01 
63
36.854432627723575
66.74457216316233
29.458984844316152
1.5
9.400000000000000000e+01 
64
35.17581963716156
67.6273808900099
28.467080877567312
1.5
9.500000000000000000e+01 
65
33.49113201383006
68.27626089126674
28.419000977696903
1.5
9.600000000000000000e+01 
66
31.686090946907335
68.825123091835
27.197544672641698
1.5
9.700000000000000000e+01 
67
29.778141124745016
68.93503367682266
26.192698672169655
1.5
9.800000000000000000e+01 
68
27.88849907218219
68.88377497848573
26.228773902682754
1.5
9.900000000000000000e+01 
69
25.869258332326442
68.87270434730384
26.178872002978302
1.5
1.000000000000000000e+02 
70
24.884429194848767
68.86211487656125
26.265318340872177
1.5
1.010000000000000000e+02 
71
22.845354360587386
68.66790180392913
23.797830857921102
1.5
1.020000000000000000e+02 
72
18.91996675382483
66.85634832165849
23.333169761692403
1.5
1.030000000000000000e+02 
73
17.396979369221985
66.01809482000564
23.302053549612637
1.5
1.040000000000000000e+02 
74
16.502299806201798
65.51656304436369
23.215029140788143
1.5
1.050000000000000000e+02 
75
14.956120783843307
64.64907068347682
23.289699960371436
1.5
1.060000000000000000e+02 
76
13.31101295879378
63.759173037125336
23.174843733097184
1.5
1.070000000000000000e+02 
77
11.84322474612125
62.879037534511255
22.837267497831505
1.5
1.080000000000000000e+02 
78
9.270506859531302
61.15836239630572
22.827805203882708
1.5
1.090000000000000000e+02 
79
7.6423343455028725
60.06640132057652
22.826426991504107
1.5
1.100000000000000000e+02 
80
5.870121602548772
58.840457128156686
22.82566267251923
1.5
1.110000000000000000e+02 
81
4.305115159204562
57.67909512124784
22.084259175903316
1.5
1.120000000000000000e+02 
82
3.5955901308880316
57.04167568147621
22.131238957584934
1.5
1.130000000000000000e+02 
83
2.804186099286356
56.33388181703084
22.13258314707086
1.5
1.140000000000000000e+02 
84
1.9681790417596106
55.585984035807606
22.12369879200169
1.5
1.150000000000000000e+02 
85
0.42073874098086406
54.19616475176635
22.085297120677055
1.5
1.160000000000000000e+02 1.170000000000000000e+02 1.270000000000000000e+02 1.290000000000000000e+02 
86
75.72588855670091
49.900627247618345
22.115773647313418
5.699999999999977
1.180000000000000000e+02 1.190000000000000000e+02 1.330000000000000000e+02 
87
69.43599962758739
44.04663198720872
22.147887534500157
1.5
1.200000000000000000e+02 
88
67.84661267777966
42.59357231316579
22.244331670950338
1.5
1.210000000000000000e+02 
89
65.51213242008305
41.706223065768235
25.353421778882428
1.5
1.220000000000000000e+02 
90
62.61653724938174
42.02073502339624
28.748811140393794
1.5
1.230000000000000000e+02 
91
59.872620668728224
43.72290315142468
30.11950507246204
1.5
1.240000000000000000e+02 
92
57.501338245559296
45.67035086809728
31.10628868331009
1.5
1.250000000000000000e+02 
93
56.35452577878176
47.03576785949234
30.96394469077162
1.5
1.260000000000000000e+02 
94
50.960634655445475
52.09378160127078
30.24851743865689
1.5
1.280000000000000000e+02 
95
46.43875592459803
55.430599181479906
30.172782633068103
2.900000000000011
1.300000000000000000e+02 1.310000000000000000e+02 1.320000000000000000e+02 2.150000000000000000e+02 
96
38.04425438733774
64.1557569713947
31.213224010135317
9.49999999999997
1.340000000000000000e+02 1.350000000000000000e+02 1.360000000000000000e+02 
97
29.78123133855872
74.23045739129107
31.188673268720006
4.000000000000007
1.370000000000000000e+02 2.180000000000000000e+02 
98
27.787468248345064
76.72035615890564
30.294876418997468
1.5
1.380000000000000000e+02 
99
26.111168899244294
78.2404513318081
30.06945313145107
1.5
1.390000000000000000e+02 
100
25.30360408937749
78.90963668549779
29.67476355303354
1.5
1.400000000000000000e+02 
101
24.381417326891846
79.56726161219378
28.12306273222206
1.5
1.410000000000000000e+02 
102
23.297139611240578
79.93415497372007
25.979279338316466
1.5
1.420000000000000000e+02 
103
20.446818862694418
78.67897625031694
22.008916883400694
3.050000000000005
1.430000000000000000e+02 
104
17.380646167219567
75.67168203131466
21.18877564291317
13.699999999999985
1.440000000000000000e+02 1.450000000000000000e+02 1.460000000000000000e+02 
105
13.83312023553023
19.936105467014936
13.653037129644302
1.5
1.870000000000000000e+02 
106
39.10780817390916
20.80405718585163
7.398654321890419
1.5
1.880000000000000000e+02 
107
41.132910100304805
21.37456030644334
7.404436883844086
1.5
1.890000000000000000e+02 
108
42.15747341046114
21.61388397803751
7.353930402709661
1.5
1.900000000000000000e+02 
109
45.366189943856924
21.96798657631781
8.259624702837456
1.5
1.910000000000000000e+02 
110
20.777232370196582
67.6599795776865
24.33814306638371
1.5
2.060000000000000000e+02 
111
18.715013277634853
66.76785269100692
23.249871182218783
1.5
2.070000000000000000e+02 
112
16.896728597000955
65.72752189556184
23.29067132581538
1.5
2.080000000000000000e+02 
113
16.026962265972525
65.23262065760176
23.32168069763559
1.5
2.090000000000000000e+02 
114
15.013542651383112
64.65429719121805
23.331936508393525
1.5
2.100000000000000000e+02 
115
10.240699424589293
61.76177099848135
23.136190196593397
1.5
2.110000000000000000e+02 
116
72.08692358328973
45.83348093904035
21.324032779768345
1.5
2.120000000000000000e+02 
117
66.22418068506155
40.598974244310675
24.1166087313334
1.5
2.130000000000000000e+02 
118
53.81460485660382
48.32215825878296
30.708080649186286
1.5
2.140000000000000000e+02 
119
44.49700033617193
56.65854504668268
30.12453223882294
1.5
2.160000000000000000e+02 2.170000000000000000e+02 
120
8.610835906468045
61.65455981423901
21.42357090306796
1.5
2.320000000000000000e+02 
121
8.478118379096069
61.534621974261455
25.204918877370723
1.5
2.350000000000000000e+02 
-
121
1
