30.0
30.0
17.999999999999996
0
29.8404269058438
29.06785929526757
20.052118794861155
1
29.50626574526531
28.331239720600706
22.50910891553756
2
28.384756981133222
27.4865723471576
22.76340282529563
3
28.012894500414586
27.2175804556751
23.866440627621852
4
28.002947129169378
27.21186772411272
26.03643029763471
1
26.44237353420022
27.227859595084368
26.324722179267223
5
23.939807723671148
27.414267315314497
27.07510848856923
1
20.793079597410724
27.711192991443415
26.814401749351987
5
16.525564394932836
28.048110522523796
26.752322755860416
5
14.280295020880146
28.193782655035083
26.685681610635697
6
9.952138330624965
28.445448096627466
26.518154508378732
6
8.128949763538365
28.516606055424692
26.491826125483676
7
3.725910077744345
28.661184928903932
26.481306340867185
8
1.7738050647992618
28.72151735027945
26.217538973717613
9
0.895990206395004
28.709677719469926
23.009609379561155
10
79.58726158027544
27.362262626984176
21.288090377269214
11
78.46897890489187
24.6246286733478
17.844428525960677
11
78.4283865851346
22.83075915016166
17.116887139354287
12
78.9273706846541
18.718534765149396
16.19246886152842
12
79.73970422132066
14.542725317789355
16.253638675454177
12
0.6135653085593544
9.904827860453723
16.262624897717835
12
1.4565112129354167
5.163429154048547
16.418460184649216
12
2.3053462080994764
0.4091048562984796
16.55381785278671
12
2.645556305718622
78.59845474817774
16.494341566263703
13
3.3626275608397496
73.74242693932543
16.593112530302914
13
4.027680003138843
68.79458936691529
16.225680024361623
13
5.343420892915694
64.19376927700635
15.65905464733104
13
6.643134534771705
59.53363654394262
16.222821975020153
13
7.558907356465065
54.76182481300509
16.347725521949094
14
7.890249834631376
50.158037708574696
16.66598647794937
14
8.540161320552354
45.34579194399684
15.93288626291099
14
8.780294996247765
44.42043867436833
15.933118513241858
15
9.928497595673463
39.6999520129277
16.028774388709
15
10.379587220631535
37.76313401662174
16.03267695296923
16
10.78701213769668
35.10216678415552
16.827981684138827
17
11.1676481888425
31.634255744839855
16.10879785484234
18
11.713988489677398
28.97087952379202
16.146205212744
19
12.241504255532218
26.2714975455384
16.242322270300836
20
12.720623681457466
23.689577116738207
16.173918270221595
21
12.919559891177277
22.717244669013755
15.563260576488378
22
13.596188325162775
21.07974713683926
14.029983608299766
23
14.638411273246716
19.75066027645002
11.71725895497506
24
17.014861896680483
18.532364663353594
9.754045596742893
25
21.415574756381716
18.460188843852517
8.079418454320631
26
26.26972496332997
19.15611716932066
7.8260207134875035
26
28.144653721830853
19.400368180705467
7.778432827659735
27
32.60765644386696
20.101689787748963
7.118328584034538
28
35.5845626205823
20.91223057013288
7.091548240843741
29
37.234846875083974
21.307466410063153
7.979592815662613
30
40.31094130842884
21.57801011621236
7.971494959547453
31
43.36979742039316
21.87992403969088
8.068558114920993
32
47.371951755483494
22.190459470681304
7.190584226228644
33
50.079851749383124
22.91555337240083
6.908330384942401
34
52.24580304495561
23.689204469054083
7.472639090187471
35
57.00610368132071
24.371930027621378
7.759047622593394
35
57.97838200416379
24.501885075741367
7.648357202628237
36
62.299564311344454
25.08934454599895
7.726458937544528
36
64.34817994782762
25.487430971707436
6.789015206939575
37
68.47430945537134
26.944076656054207
6.445499313920861
37
72.61951593228294
28.262365093867324
7.090484135475311
37
74.04475351194434
28.542959537903457
7.852242326631986
38
78.5034330046277
29.10819265173359
7.886237524641357
38
2.8001921718236034
29.394674607090433
8.815214992610542
38
6.928767509747427
29.79107174048384
7.966948727409459
38
10.99544399724745
30.065340448322488
9.134701308065017
38
15.122217023323191
30.028896349597964
8.398368382920873
38
16.99573129394505
30.14526384460049
8.423349065313392
39
21.39479941915713
30.52481179093475
7.828838213727494
39
25.81346409391078
30.80471104518055
8.39456323714964
39
26.696337459096128
30.85045816233376
8.313984330254272
40
28.576630247351492
30.955949868921728
8.38125248801371
41
30.390290166190763
31.043582585862417
8.51659878396761
42
33.89156935744724
31.331002045051342
8.185919946126157
43
37.49936958810713
31.674834460137248
7.970710485704759
44
39.0045321775172
31.871092777202826
8.048583480266418
45
40.021180251162434
31.970162167003075
7.459227576825208
46
41.477531128772426
32.36299243742108
6.489670445796958
47
42.83913839522791
33.00242764019971
5.263647809256012
48
44.75822026750751
34.926445159101014
3.349298119904181
49
45.77888168516824
36.69008922456987
2.1725479052135883
50
46.39695201713374
38.28594615432414
2.1746838415929965
51
46.67431416651076
39.02172135322292
1.0963404686266767
52
46.92616273886809
41.50426668310664
0.270847754227276
53
46.95870066984061
42.996389803181316
0.11091864537214491
54
47.00218763946572
45.90090285983031
0.1815872695848051
55
47.053095410255935
49.32496879767324
33.472524345086256
56
46.36464932436158
51.65803458842596
33.30820741912916
57
45.803074522920724
53.218115882400504
32.26550671068695
58
44.96750458235938
54.93195228184134
32.94492820947643
59
44.34596767326898
56.685113815511215
32.55948292171096
60
42.67316849665659
59.7885512522915
31.728607188666963
61
40.19658454663354
63.751301761384745
30.947397442341128
61
38.30190075673652
65.53459759897734
30.43248053606478
62
36.07057415492702
67.23452446621602
28.665913037334466
63
34.307139044312606
67.96322798659786
28.530760726700148
64
32.626213896128746
68.59318605868384
27.781832179700054
65
30.62635287768724
68.96269205044162
26.313172142537226
66
28.98144206954146
68.91383909940443
26.128848476567853
67
26.74596990218143
68.87267851886044
26.284133328433924
68
24.884429194848767
68.86211487656125
26.265318340872177
69
23.771980147680335
68.86173252973659
25.061334359183583
70
22.101273174838244
68.35013896605923
23.86962116729635
71
18.207088047527414
66.4698221657819
23.27990283529479
72
16.502299806201798
65.51656304436369
23.215029140788143
73
15.676991635138997
65.05126511973523
23.23719481123522
74
14.189455885901074
64.23397461812996
23.35953345650623
75
12.499278656992043
63.292190763331845
22.855855639889466
76
11.078463804973048
62.36295314076759
22.835873441839407
77
8.48772874108822
60.63938338726908
22.85856400748963
78
6.752593532954058
59.453241010476766
22.82666710958253
79
5.053346812526696
58.28651066140374
22.327476151602802
80
3.5955901308880316
57.04167568147621
22.131238957584934
81
2.804186099286356
56.33388181703084
22.13258314707086
82
1.9681790417596106
55.585984035807606
22.12369879200169
83
1.1888399241016239
54.88487705225991
22.107426760530448
84
79.6312578197095
53.483433445802405
22.070152252828997
85
76.49024140820141
50.592934047406985
22.085224265520807
85
74.90939703473214
49.16231497125425
22.045741557577614
86
71.8074382640748
46.27651222854168
22.016213087497505
86
68.64514381352933
43.328474379954415
22.067656702490183
87
67.16453501443455
41.9935109089494
25.258862279041733
88
64.60446564745496
41.57510238046346
25.539272366007452
89
61.90837287252515
42.33493729151015
28.86843748108307
90
59.05263395298792
44.40024814380085
30.11678516114138
91
56.93809079998227
46.326250875388624
31.15962891899681
92
55.74266372038795
47.74103755489014
30.311791073948662
93
52.909800768560274
50.30026291401652
30.35323274449488
85
50.29922675137868
52.675123484928314
29.857787399683872
94
46.43875592459803
55.430599181479906
30.172782633068103
85
45.62891971132497
56.07961368295589
30.157581737752874
95
42.576363389974915
58.621891992789706
31.121690919226445
95
40.00382450080043
61.74331755053518
31.193432922373816
95
39.33924868101182
62.56507681548773
31.159777089315753
86
37.25822451836165
65.12981877006237
31.141060485727518
96
34.58019156670427
68.43355937930832
31.081345426505955
96
31.89329497626423
71.58121274499806
31.193341934657767
96
29.140248469000568
75.04247026515094
31.24910628467849
97
26.93584206293455
77.50163683060383
30.24251378631461
98
25.30360408937749
78.90963668549779
29.67476355303354
99
24.381417326891846
79.56726161219378
28.12306273222206
100
23.297139611240578
79.93415497372007
25.979279338316466
101
22.128213193487085
79.87358132761082
23.470804360122262
102
19.715064381467013
78.00137809017556
21.94149619033468
103
16.771577008063954
74.88838045855374
21.19155582438857
104
14.16717154852804
71.5060832650006
21.113736145114984
104
11.583025831779034
68.07007440465372
20.676764016234912
104
10.538778354118588
66.36063606219336
20.58639818859769
1
10.543285875816531
66.32424291608316
20.56895460822483
1
9.96780349255484
65.36803628263084
20.5542502719168
1
9.41751171627031
64.43981593628632
20.58169053808833
1
8.893082207900063
63.552773810500426
20.534625297850308
1
8.399602743903602
62.70784029130071
20.516579746704895
1
7.896063435455188
61.830413935360305
20.701769241594086
1
7.306462975926305
60.877162311043215
20.485633108344793
1
6.768043497971307
59.93398028889553
20.47307837298772
1
6.28574083049303
59.0785407167252
20.25526554263712
5
5.360924518171681
57.219098695730665
20.230688539915597
6
3.522160737127109
53.51338947334857
19.93923058783463
6
1.8456739939122473
49.66421204293207
19.871076030105673
6
1.4326545007473928
48.690643541321336
19.856966539519835
7
79.91549207579033
44.883056591200436
19.749281085976563
7
79.10701452727815
42.76724214085252
19.62527735794214
8
78.07611671516946
39.955115239871226
19.584466069176422
9
77.69531707006485
38.8888222752098
17.926336905498033
10
78.18918377496834
37.00343840344319
13.409370556651462
11
79.6459303987273
35.524597131387324
12.703700611376847
12
3.3160582795712905
33.49380736494566
9.888943530778333
12
7.5128636223130965
32.873667052674406
9.669727584648859
12
10.638796120813934
32.44368261236369
9.669087585779138
13
14.984319252153146
31.9016480885443
9.529642227712522
13
19.259776426598155
31.621925409081122
9.033312146468097
13
23.59652297902877
31.51530074815605
9.047756532202746
13
27.820905676862502
31.397646053083278
8.961702574934765
13
32.0739830917817
31.39187333229009
8.640276670224843
13
36.4216893883992
31.516450766455364
8.453082830547013
13
40.62220444257645
31.756692771438992
8.084020411887606
13
44.770476200006826
32.16536136870353
8.067206557324202
13
45.886305699295505
32.27217555304565
8.193963446713552
14
50.173531962951884
32.66077416938628
7.810425615055465
14
53.191924216256304
33.0908298008493
7.527343407062695
15
57.554747902711895
33.87176245378333
7.597119814231382
15
61.74828283623657
34.77875406893215
7.2543899041586055
15
63.73611367993131
35.212505671213734
7.218741385874106
16
67.94822424051907
36.13400470270212
7.250808225502475
17
71.19592129252678
36.81361063523
7.4053403324200655
18
74.30306071151107
37.430330343122954
7.448875656256455
19
14.523947461364083
19.070752201541165
12.57075104973504
105
40.13184515972978
21.066271719162348
7.293971536506328
106
42.15747341046114
21.61388397803751
7.353930402709661
107
43.2763108430017
21.883088625853773
7.7234657145711125
108
46.4121094642123
22.07964739512302
8.116023886467223
109
53.19624121737393
23.702016111674034
8.107203850509135
36
64.8764920735258
27.971698811409922
5.800864023164104
38
69.38160500251124
30.415320004565928
5.803605285505878
38
74.1442091744028
32.58313269273913
7.011881966594126
38
78.67350492423311
34.176537699537974
6.626099160847385
38
3.4339265771258347
35.514724249296506
7.170414452471915
38
5.420122801511435
36.00293105298669
7.137733371795365
39
9.559856581866462
36.99903349369051
7.61412382552977
39
13.871718062222643
37.55279420495035
7.971978063741075
39
18.124739365607923
38.23163626750706
7.4614096768268485
39
21.22232404382715
38.7534853667843
7.464174446031178
40
24.340549440368214
39.33341087251985
7.562336758973393
41
26.57707277966582
39.6743011909233
7.637640938649287
42
31.18343282248962
40.46644114935702
7.505844861341233
43
19.766347644090455
67.32929926053038
23.371546415040463
110
17.73026734999107
66.21726421770991
23.29000427461724
111
16.026962265972525
65.23262065760176
23.32168069763559
112
15.013542651383112
64.65429719121805
23.331936508393525
113
14.005014352031967
64.09203389213192
23.345279900525007
114
9.315385305358056
61.15418073058225
23.17077942615336
115
71.40442253884372
44.984138502431115
21.290138285568318
116
65.13668738002455
40.20922457207198
24.222549631367528
117
52.988422499497915
49.20623923877764
30.687917046069305
118
48.649088744617
52.98106817616157
30.543267597375735
95
43.602139411178825
57.38389189884356
30.725972399640987
119
40.36072856317819
61.69410326245071
31.287517537021298
119
35.57215540262569
67.55200117937736
31.28517595183591
97
12.100154550957816
67.65132434519413
20.61496656402845
1
11.64563451929359
66.88818069353452
20.654632026154268
1
11.164171258351802
66.09249108619969
20.541468818989678
1
10.707581781633234
65.30674715397987
20.603484775257247
1
10.243848506348508
64.5132207315579
20.551087311004697
1
9.80963663636212
63.755407143024584
20.551344921546587
1
9.431088871878003
63.10347660607013
20.549658094946953
1
9.02128545366881
62.4002339816128
20.54997580751894
1
9.035231374744047
62.37854803810173
20.5423377646123
1
8.847610820575694
62.05345344263952
20.47411405351436
1
8.73737426972795
61.862327909864675
20.54165516766447
1
8.710412324537174
61.81862072542484
20.510940682424987
1
8.610835906468045
61.65455981423901
21.42357090306796
3
8.540019634647525
61.56804913566569
22.731425535095493
120
8.494289179635961
61.539827267208366
23.812043872105498
4
8.478118379096069
61.534621974261455
25.204918877370723
1
8.402211874047664
61.51976416095546
26.612495427227515
121
-
235
0
