0.0
-0.055533895959245794
-0.08135169040767318
0.07091272750783056
0.0
0.000000000000000000e+00 

0.0
-1.0
-1.0
1.0
0.1738041035910256
0.17624713670608716
0.9767386092930892
1.0
1.000000000000000000e+00 
0.000000000000000000e+00 
0.0
-1.0
-1.0
2.0
0.26885753111896793
0.3745872013431381
1.2387561632487185
2.0
2.000000000000000000e+00 
1.000000000000000000e+00 
0.0
-1.0
-1.0
3.0
0.31842648389918016
0.585875049710244
1.451686331992348
3.0
3.000000000000000000e+00 
2.000000000000000000e+00 
0.0
-1.0
-1.0
4.0
0.32314947937160887
0.7988081651840462
1.6891601933419775
4.0
4.000000000000000000e+00 
3.000000000000000000e+00 
0.0
-1.0
-1.0
5.0
0.288445612715252
1.004977836502467
1.877546669478607
5.0
5.000000000000000000e+00 
4.000000000000000000e+00 
0.0
-1.0
-1.0
6.0
0.21867829668115993
1.197637068034454
2.0659331456152366
6.0
6.000000000000000000e+00 
5.000000000000000000e+00 
0.0
-1.0
-1.0
7.0
0.11699804115691291
1.3704584126178374
2.254319621751866
7.0
7.000000000000000000e+00 
6.000000000000000000e+00 
0.0
-1.0
-1.0
8.0
-0.017025127920160255
1.5121702291816495
2.491793483101496
8.0
8.000000000000000000e+00 
7.000000000000000000e+00 
0.0
-1.0
-1.0
9.0
-0.17682778294114973
1.6142317222651077
2.7292673444511255
9.0
9.000000000000000000e+00 
8.000000000000000000e+00 
0.0
-1.0
-1.0
10.0
-0.3523587668225041
1.6716910885058978
2.966741205800755
10.0
1.000000000000000000e+01 
9.000000000000000000e+00 
0.0
-1.0
-1.0
11.0
-0.532684102227061
1.6821000111664066
-3.078970240029202
11.0
1.100000000000000000e+01 
1.000000000000000000e+01 
0.0
-1.0
-1.0
12.0
-0.7073347944513615
1.6479930353693906
-2.866040071285573
12.0
1.200000000000000000e+01 
1.100000000000000000e+01 
0.0
-1.0
-1.0
13.0
-0.8684156590022855
1.5762552024059469
-2.653109902541944
13.0
1.300000000000000000e+01 
1.200000000000000000e+01 
0.0
-1.0
-1.0
14.0
-1.0059390038775973
1.4663216883065808
-2.440179733798314
14.0
1.400000000000000000e+01 
1.300000000000000000e+01 
0.0
-1.0
-1.0
15.0
-1.1155590546172451
1.327724123367463
-2.2272495650546844
15.0
1.500000000000000000e+01 
1.400000000000000000e+01 
0.0
-1.0
-1.0
16.0
-1.1857011968451427
1.1630838092039042
-1.9897757037050545
16.0
2.400000000000000000e+01 
1.500000000000000000e+01 
0.0
-1.0
-1.0
17
-1.211346856236204
0.9824187309925994
-1.7523018423557217
17
1.600000000000000000e+01 
2.400000000000000000e+01 
0
-1
-1
18
-1.2104931960436687
0.6983315552715115
-1.5257362888313541
18
1.700000000000000000e+01 
1.600000000000000000e+01 
0
-1
-1
19
-1.110333760066657
0.42428318308364565
-1.2146313496635113
19
1.800000000000000000e+01 
1.700000000000000000e+01 
0
-1
-1
20
-0.993304849761756
0.26392041714254333
-1.0262448735265197
20
1.900000000000000000e+01 
1.800000000000000000e+01 
0
-1
-1
21
-0.8453818376815616
0.12494764748455375
-0.8378583973895285
21
2.000000000000000000e+01 
1.900000000000000000e+01 
0
-1
-1
22
-0.6696885230445664
0.01476779240742414
-0.624928228646366
22
2.100000000000000000e+01 
2.000000000000000000e+01 
0
-1
-1
23
-0.4692097344077123
-0.05513290768568575
-0.3874543672970341
23
2.200000000000000000e+01 
2.100000000000000000e+01 
0
-1
-1
24
-0.25512689407435996
-0.0848482308971084
-0.17452419855387208
24
2.300000000000000000e+01 
2.200000000000000000e+01 
0
-1
-1
-
14.0
13.0
