0.298776384318
0.807198117792
0.92175201121
1.0
0.0
3.0
0.199458091336
0.196349540849
0.269980618668
2.0
1.0
5.0
0.199759091241
0.171805848243
0.220893233456
3.0
2.0
7.0
0.19962362258
0.184077694546
0.245436926062
4.0
3.0
9.0
0.199759091241
0.147262155637
0.196349540849
5.0
4.0
11.0
0.199759091241
0.147262155637
0.196349540849
6.0
5.0
13.0
0.199759091241
0.147262155637
0.196349540849
7.0
6.0
15.0
0.19962362258
0.184077694546
0.245436926062
8.0
7.0
17.0
0.19962362258
0.184077694546
0.245436926062
9.0
8.0
19.0
0.19962362258
0.184077694546
0.245436926062
10.0
9.0
21.0
0.19962362258
0.184077694546
0.245436926062
11.0
10.0
23.0
0.199759091241
0.171805848243
0.220893233456
12.0
11.0
25.0
0.19962362258
0.15953400194
0.220893233456
13.0
12.0
27.0
0.199759091241
0.171805848243
0.220893233456
14.0
13.0
29.0
0.19962362258
0.15953400194
0.220893233456
15.0
14.0
31.0
0.19962362258
0.184077694546
0.245436926062
16.0
15.0
33.0
0.29849590691974204
0.11181015520588695
0.23452861823673826
18
17
3.0
0.29903694533443936
0.22089323345553236
0.31906800388021334
19
18
6.0
0.19975909124103447
0.1472621556370215
0.19634954084936207
20
19
8.0
0.19975909124103447
0.1472621556370216
0.19634954084936207
21
20
10.0
0.19962362258002986
0.1595340019401067
0.22089323345553236
22
21
12.0
0.19962362258002986
0.18407769454627698
0.24543692606170264
23
22
14.0
0.19962362258002986
0.1595340019401068
0.22089323345553247
24
23
16.0
0.19962362258002986
0.18407769454627698
0.24543692606170264
0.0
24
18.0
0.19962362258002983
0.18407769454627676
0.24543692606170264
17.0
16.0
35.0
