40.0088800537
39.9013105364
7.2925069661
0.0
40.1866130981
39.9518480351
8.52706954659
1.0
40.354099438
39.9413150748
10.0524288301
2.0
40.5182394569
39.8862247046
11.3005018697
3.0
40.6722616846
39.7930796076
12.6812703959
4.0
40.7950063168
39.6788065661
13.7872925821
5.0
40.8841852906
39.5396077054
14.8903194279
6.0
40.9455396383
39.3784668246
15.9934935709
7.0
40.972385882
39.2082325769
17.3755251192
8.0
40.9601308805
39.0381584492
18.7723459824
9.0
40.9102796485
38.8820310223
20.1559114519
10.0
40.8214172477
38.7407969988
21.5374585942
11.0
40.696527118
38.6227865213
22.7909801718
12.0
40.5498090436
38.5294528919
24.030462661
13.0
40.3868718412
38.4764245715
25.2858888144
14.0
40.2162223608
38.4606281191
26.532142065
15.0
40.0468956602
38.4856843337
27.9215099351
16.0
38.75900937435874
39.76497232981663
31.654324029542238
17.0
38.86871081864439
39.92254489342272
33.02257461271275
18.0
39.077699464033174
40.063391686141955
34.831135897370544
19.0
39.24205352080046
40.12349977300883
0.9367324893039539
20.0
39.41372020390358
40.15012271788245
2.0396834941223796
21.0
39.58670633487207
40.14353028139311
3.2812171106819052
22.0
39.74711204754846
40.096721375454976
4.661149879418429
23.0
39.89031982548012
40.0145095739142
5.899525020867196
24.0
-
14.0
0.0
