0.0
40.0
40.0
6.03121949504
1.5500000000000032
0.000000000000000000e+00 
1.0
40.1033247432
39.9356454463
7.83121949504
1.6500000000000032
1.000000000000000000e+00 
2.0
40.2728044118
39.9515994805
9.21909227136
1.7500000000000033
2.000000000000000000e+00 
3.0
40.4356288666
39.9175601532
10.7482470496
1.8500000000000034
3.000000000000000000e+00 
4.0
40.5991909839
39.847067619
11.9893810526
1.9500000000000035
4.000000000000000000e+00 
5.0
40.7381924298
39.7397123859
13.2349505938
2.0500000000000034
5.000000000000000000e+00 
6.0
40.8415581748
39.6110161179
14.3360197146
2.150000000000003
6.000000000000000000e+00 
7.0
40.9145426717
39.4600040469
15.4378641157
2.2500000000000027
7.000000000000000000e+00 
8.0
40.962003692
39.2950598252
16.6811499168
2.3500000000000023
8.000000000000000000e+00 
9.0
40.9706780812
39.1210416821
18.077836377
2.450000000000002
9.000000000000000000e+00 
10.0
40.9423345533
38.9582818247
19.4592046645
2.5500000000000016
1.000000000000000000e+01 
11.0
40.86859743
38.8104088592
20.8513116861
2.6500000000000012
1.100000000000000000e+01 
12.0
40.7638322687
38.679380788
22.2307245884
2.750000000000001
1.200000000000000000e+01 
13.0
40.625034139
38.5711595434
23.3427052698
2.8500000000000005
1.300000000000000000e+01 
14.0
40.4717915936
38.4989395737
24.7256954906
2.95
1.400000000000000000e+01 
15.0
40.300494012
38.4666449361
25.8385527406
1.5
1.500000000000000000e+01 
16.0
40.129036336
38.4679502837
27.2255893486
1.5
1.600000000000000000e+01 
17
38.798656747391846
39.901961172999044
29.966044613838665
1.5
1.700000000000000000e+01 
18
38.861767646566534
39.89401208132799
31.766044613838666
1.5
1.800000000000000000e+01 
19
39.05241405644196
40.06071430610985
33.71695117840829
1.5
1.900000000000000000e+01 
20
39.204294687080434
40.130600538602344
34.820673538713294
1.5
2.000000000000000000e+01 
21
39.37649793897207
40.1779557966827
0.925355781120583
1.5
2.100000000000000000e+01 
22
39.550788525483775
40.187362423785586
2.0304665341261217
1.5
2.200000000000000000e+01 
23
39.71547864023072
40.16429300573391
3.4069733452171356
1.5
2.300000000000000000e+01 
24
39.869674949973714
40.096495837068325
4.660502810162029
1.5
2.400000000000000000e+01 
-
14
14
