0
-1.06153718097
0.0462785189088
0.111636589481
0
0.000000000000000000e+00 

0
-1
-1
1
-1.19069796265
0.322770718621
2.00831867514
1
1.000000000000000000e+00 
0.000000000000000000e+00 
0
-1
-1
2
-1.23343806724
0.413177668959
2.01240938435
2
2.000000000000000000e+00 
1.000000000000000000e+00 
0
-1
-1
3
-1.27630151265
0.503526451427
2.01377304771
3
3.000000000000000000e+00 
2.000000000000000000e+00 
0
-1
-1
4
-1.36215129262
0.684164874229
2.01513674202
4
4.000000000000000000e+00 
3.000000000000000000e+00 
0
-1
-1
5
-1.40526120145
0.774396804731
2.01650046715
5
5.000000000000000000e+00 
4.000000000000000000e+00 
0
-1
-1
6
-1.44812501022
0.864746144331
2.01377360748
6
6.000000000000000000e+00 
5.000000000000000000e+00 
0
-1
-1
7
-1.49098894997
0.955095662869
2.0137738552
7
7.000000000000000000e+00 
6.000000000000000000e+00 
0
-1
-1
8
-1.53360648053
1.04556191178
2.01104705617
8
8.000000000000000000e+00 
7.000000000000000000e+00 
0
-1
-1
9
-1.57622415139
1.1360283326
2.01104736405
9
9.000000000000000000e+00 
8.000000000000000000e+00 
0
-1
-1
10
-1.61871857564
1.22655294697
2.00968416314
10
1.000000000000000000e+01 
9.000000000000000000e+00 
0
-1
-1
11
-1.66096612943
1.3171932716
2.00695745313
11
1.100000000000000000e+01 
1.000000000000000000e+01 
0
-1
-1
12
-1.70296650283
1.40794862882
2.00423077218
12
1.200000000000000000e+01 
1.100000000000000000e+01 
0
-1
-1
13
-1.74471938756
1.49881834008
2.00150411995
13
1.300000000000000000e+01 
1.200000000000000000e+01 
0
-1
-1
14
-1.78597621198
1.58991457051
1.9960504191
14
1.400000000000000000e+01 
1.300000000000000000e+01 
0
-1
-1
15
-1.82686022911
1.68117894723
1.99196028469
15
1.500000000000000000e+01 
1.400000000000000000e+01 
0
-1
-1
16
-1.87374614577
1.7695103989
2.05877417868
16
1.600000000000000000e+01 
1.500000000000000000e+01 
0
-1
-1
17
-1.92940447557
1.85259425339
2.1610401002
17
1.700000000000000000e+01 
1.600000000000000000e+01 
0
-1
-1
18
-1.98399635395
1.92665063735
2.20603743229
18
1.800000000000000000e+01 
1.700000000000000000e+01 
0
-1
-1
19
-2.05124307176
2.00066904133
2.30830340662
19
1.900000000000000000e+01 
1.800000000000000000e+01 
0
-1
-1
20
-2.12686628611
2.06610596137
2.42829540684
20
2.000000000000000000e+01 
1.900000000000000000e+01 
0
-1
-1
21
-2.21068220535
2.12065638003
2.56464989394
21
2.100000000000000000e+01 
2.000000000000000000e+01 
0
-1
-1
22
-2.30084208399
2.16392336777
2.69418671325
22
2.200000000000000000e+01 
2.100000000000000000e+01 
0
-1
-1
23
-2.39522131441
2.19698950641
2.80463401792
23
2.300000000000000000e+01 
2.200000000000000000e+01 
0
-1
-1
24
-2.49205534393
2.22196861501
2.88917411496
24
2.400000000000000000e+01 
2.300000000000000000e+01 
0
-1
-1
25
-2.58656931455
2.25464855398
2.80872607902
25
2.500000000000000000e+01 
2.400000000000000000e+01 
0
-1
-1
26
-2.68290924899
2.28147157811
2.87008606706
26
2.600000000000000000e+01 
2.500000000000000000e+01 
0
-1
-1
27
-2.87737807026
2.32811273664
2.92053776889
27
2.700000000000000000e+01 
2.600000000000000000e+01 
0
-1
-1
28
-3.07328521012
2.3683695216
2.9450822606
28
2.800000000000000000e+01 
2.700000000000000000e+01 
0
-1
-1
29
-3.27137359226
2.39311262734
3.07870985086
29
2.900000000000000000e+01 
2.800000000000000000e+01 
0
-1
-1
30
-3.37136179683
2.39136119953
-3.12402584709
30
3.000000000000000000e+01 
2.900000000000000000e+01 
0
-1
-1
31
-3.47100975053
2.38293836466
-3.05721160372
31
3.100000000000000000e+01 
3.000000000000000000e+01 
0
-1
-1
32
-3.5697891699
2.36734275913
-2.98494318824
32
3.200000000000000000e+01 
3.100000000000000000e+01 
0
-1
-1
33
-3.66808152342
2.34892556616
-2.95630798657
33
3.300000000000000000e+01 
3.200000000000000000e+01 
0
-1
-1
34
-3.86340383312
2.30594146694
-2.91676446035
34
3.400000000000000000e+01 
3.300000000000000000e+01 
0
-1
-1
35
-3.96014423072
2.28060734188
-2.88540214901
35
3.500000000000000000e+01 
3.400000000000000000e+01 
0
-1
-1
36
-4.05398238784
2.24604131975
-2.78858997551
36
3.600000000000000000e+01 
3.500000000000000000e+01 
0
-1
-1
37
-4.14632830172
2.20766688339
-2.74768286518
37
3.700000000000000000e+01 
3.600000000000000000e+01 
0
-1
-1
38
-4.23685439293
2.16517759892
-2.70268512576
38
3.800000000000000000e+01 3.900000000000000000e+01 
3.700000000000000000e+01 
0
-1
-1
39
-4.39503627515
2.083023216
-2.65496226311
39

3.800000000000000000e+01 
0
-1
-1
40
-4.32844083918
2.1252007431
-2.7299548984
40
4.000000000000000000e+01 
3.900000000000000000e+01 
0
-1
-1
41
-4.51286464807
2.04781736006
-2.74767988968
41
4.100000000000000000e+01 
4.000000000000000000e+01 
0
-1
-1
42
-4.79107924461
1.93558555067
-2.76267779282
42
4.200000000000000000e+01 
4.100000000000000000e+01 
0
-1
-1
43
-5.07025548201
1.82575909087
-2.76676737779
43
4.300000000000000000e+01 
4.200000000000000000e+01 
0
-1
-1
44
-5.25682002109
1.75368671757
-2.7749475687
44
4.400000000000000000e+01 
4.300000000000000000e+01 
0
-1
-1
45
-5.4436781643
1.68237779511
-2.77631005857
45
4.500000000000000000e+01 
4.400000000000000000e+01 
0
-1
-1
46
-5.63038989371
1.6106867314
-2.77358192522
46
4.600000000000000000e+01 
4.500000000000000000e+01 
0
-1
-1
47
-5.81445915926
1.53271212264
-2.70949455344
47
4.700000000000000000e+01 
4.600000000000000000e+01 
0
-1
-1
48
-5.8990300246
1.47934585632
-2.57859379018
48
4.800000000000000000e+01 
4.700000000000000000e+01 
0
-1
-1
49
-6.03866245695
1.36809086026
-2.41769517523
49
4.900000000000000000e+01 
4.800000000000000000e+01 
0
-1
-1
50
-6.10553026399
1.29373722793
-2.30315686424
50
5.000000000000000000e+01 
4.900000000000000000e+01 
0
-1
-1
51
-6.16500697812
1.21334978247
-2.20770808853
51
5.100000000000000000e+01 
5.000000000000000000e+01 1.730000000000000000e+02 
0
-1
-1
52
-6.20154602323
1.05824139065
-2.070377668
52
5.200000000000000000e+01 1.740000000000000000e+02 
5.100000000000000000e+01 
0
-1
-1
53
-6.42558210101
0.62485730221
-1.95248968575
53
5.300000000000000000e+01 
5.200000000000000000e+01 
0
-1
-1
54
-6.44120250818
0.536551021096
-1.85307689073
54
5.400000000000000000e+01 1.770000000000000000e+02 
5.300000000000000000e+01 1.760000000000000000e+02 
0
-1
-1
55
-6.44138869065
0.429382874712
-1.70307098094
55
5.500000000000000000e+01 
5.400000000000000000e+01 
0
-1
-1
56
-6.43133173949
0.239841444552
-1.50132170118
56
5.600000000000000000e+01 
5.500000000000000000e+01 
0
-1
-1
57
-6.39896783457
0.042951282117
-1.44274395981
57
5.700000000000000000e+01 
5.600000000000000000e+01 
0
-1
-1
58
-6.35766678356
-0.154515631191
-1.40189221716
58
5.800000000000000000e+01 
5.700000000000000000e+01 
0
-1
-1
59
-6.29378839276
-0.43845062491
-1.37058524269
59
5.900000000000000000e+01 
5.800000000000000000e+01 1.820000000000000000e+02 
0
-1
-1
60
-6.20249988875
-0.615136547284
-1.36818957716
60
6.000000000000000000e+01 
5.900000000000000000e+01 
0
-1
-1
61
-6.12848637642
-0.800744820236
-1.35542887269
61
6.100000000000000000e+01 1.830000000000000000e+02 
6.000000000000000000e+01 
0
-1
-1
62
-6.08140110736
-0.995896283572
-1.35188643744
62
6.200000000000000000e+01 
6.100000000000000000e+01 
0
-1
-1
63
-6.02039414433
-1.17910722079
-1.34782548368
63
6.300000000000000000e+01 
6.200000000000000000e+01 
0
-1
-1
64
-5.9566233861
-1.36872878837
-1.33967391534
64
6.400000000000000000e+01 
6.300000000000000000e+01 
0
-1
-1
65
-5.89100609697
-1.5578902277
-1.33152234812
65
6.500000000000000000e+01 
6.400000000000000000e+01 
0
-1
-1
66
-5.82381095067
-1.74664151519
-1.32200724384
66
6.600000000000000000e+01 
6.500000000000000000e+01 
0
-1
-1
67
-5.75530423039
-1.9350423539
-1.31521921822
67
6.700000000000000000e+01 
6.600000000000000000e+01 
0
-1
-1
68
-5.71208794414
-2.02668836533
-1.31115827154
68
6.800000000000000000e+01 
6.700000000000000000e+01 
0
-1
-1
69
-5.64135865534
-2.21447410914
-1.30437025018
69
6.900000000000000000e+01 1.910000000000000000e+02 
6.800000000000000000e+01 1.900000000000000000e+02 
0
-1
-1
70
-5.58619009595
-2.4165637096
-1.27626137156
70
7.000000000000000000e+01 
6.900000000000000000e+01 
0
-1
-1
71
-5.54921538448
-2.51490370371
-1.26699415674
71
7.100000000000000000e+01 
7.000000000000000000e+01 
0
-1
-1
72
-5.5110965664
-2.61288364972
-1.25499986826
72
7.200000000000000000e+01 
7.100000000000000000e+01 
0
-1
-1
73
-5.43971960899
-2.80519073684
-1.23755142948
73
7.300000000000000000e+01 
7.200000000000000000e+01 
0
-1
-1
74
-5.39868281683
-2.90218329041
-1.22419361007
74
7.400000000000000000e+01 
7.300000000000000000e+01 
0
-1
-1
75
-5.28801360168
-3.18666583686
-1.21219933338
75
7.500000000000000000e+01 
7.400000000000000000e+01 
0
-1
-1
76
-5.09712411506
-3.62487833877
-1.0474887517
76
7.600000000000000000e+01 2.010000000000000000e+02 
7.500000000000000000e+01 2.000000000000000000e+02 
0
-1
-1
77
-5.01948783
-3.69581355981
-0.970147645846
77
7.700000000000000000e+01 
7.600000000000000000e+01 
0
-1
-1
78
-4.94124578173
-3.76833718026
-0.876392578981
78
7.800000000000000000e+01 
7.700000000000000000e+01 
0
-1
-1
79
-4.84829659255
-3.82578295767
-0.665373208204
79
7.900000000000000000e+01 
7.800000000000000000e+01 
0
-1
-1
80
-4.74967627803
-3.87526008178
-0.567527536547
80
8.000000000000000000e+01 
7.900000000000000000e+01 
0
-1
-1
81
-4.64570000577
-3.91527829151
-0.458773562727
81
8.100000000000000000e+01 
8.000000000000000000e+01 
0
-1
-1
82
-4.53696460059
-3.94402907997
-0.336384210006
82
8.200000000000000000e+01 
8.100000000000000000e+01 
0
-1
-1
83
-4.42425703089
-3.9579424594
-0.182633478385
83
8.300000000000000000e+01 
8.200000000000000000e+01 
0
-1
-1
84
-4.3104533412
-3.96447196655
-0.107967984801
84
8.400000000000000000e+01 
8.300000000000000000e+01 2.070000000000000000e+02 
0
-1
-1
85
-4.16360534054
-3.94582916751
0.0310559197923
85
8.500000000000000000e+01 
8.400000000000000000e+01 
0
-1
-1
86
-4.03383956518
-3.9228149776
0.126992300115
86
8.600000000000000000e+01 
8.500000000000000000e+01 
0
-1
-1
87
-3.9059051997
-3.88997145713
0.227019287994
87
8.700000000000000000e+01 
8.600000000000000000e+01 
0
-1
-1
88
-3.78086446693
-3.84727313542
0.329773344522
88
8.800000000000000000e+01 2.080000000000000000e+02 
8.700000000000000000e+01 
0
-1
-1
89
-3.61467842557
-3.78898093866
0.376585620806
89
8.900000000000000000e+01 
8.800000000000000000e+01 
0
-1
-1
90
-3.29139292893
-3.64614145303
0.492274928793
90
9.000000000000000000e+01 
8.900000000000000000e+01 
0
-1
-1
91
-3.06728918997
-3.5289198541
0.541150842547
91
9.100000000000000000e+01 
9.000000000000000000e+01 
0
-1
-1
92
-2.72092496978
-3.32120573803
0.588663208802
92
9.200000000000000000e+01 
9.100000000000000000e+01 
0
-1
-1
93
-2.28542088784
-3.03909248533
0.619813104094
93
9.300000000000000000e+01 
9.200000000000000000e+01 
0
-1
-1
94
-1.88061654343
-2.76247691001
0.644145297569
94
9.400000000000000000e+01 
9.300000000000000000e+01 
0
-1
-1
95
-1.66815202952
-2.62119760927
0.673931635341
95
9.500000000000000000e+01 
9.400000000000000000e+01 
0
-1
-1
96
-1.47782338096
-2.49033060413
0.700990886357
96
9.600000000000000000e+01 
9.500000000000000000e+01 
0
-1
-1
97
-1.2979413547
-2.36166222677
0.730777204355
97
9.700000000000000000e+01 
9.600000000000000000e+01 2.200000000000000000e+02 
0
-1
-1
98
-1.22375533508
-2.28161319081
0.857411215018
98
9.800000000000000000e+01 2.210000000000000000e+02 
9.700000000000000000e+01 
0
-1
-1
99
-1.2151053378
-2.25766644706
0.939072502516
99
9.900000000000000000e+01 
9.800000000000000000e+01 
0
-1
-1
100
-1.12951678398
-2.16446588328
0.990011871376
100
1.000000000000000000e+02 
9.900000000000000000e+01 2.210000000000000000e+02 
0
-1
-1
101
-1.05361038579
-2.0656514175
1.09412923015
101
1.010000000000000000e+02 2.220000000000000000e+02 
1.000000000000000000e+02 
0
-1
-1
102
-1.03683396142
-2.03246035357
1.2005617094
102
1.020000000000000000e+02 
1.010000000000000000e+02 
0
-1
-1
103
-1.00002864188
-1.94759957429
1.33038030481
103
1.030000000000000000e+02 
1.020000000000000000e+02 
0
-1
-1
104
-0.971651689218
-1.8642334319
1.43156458126
104
1.040000000000000000e+02 
1.030000000000000000e+02 
0
-1
-1
105
-0.95142431029
-1.76236284509
1.54229361603
105
1.050000000000000000e+02 
1.040000000000000000e+02 
0
-1
-1
106
-0.945001265614
-1.65664964678
1.68165694774
106
1.060000000000000000e+02 
1.050000000000000000e+02 
0
-1
-1
107
-0.948818910314
-1.55267023568
1.78556826785
107
1.070000000000000000e+02 
1.060000000000000000e+02 
0
-1
-1
108
-0.962383502097
-1.45139111863
1.88675249978
108
1.080000000000000000e+02 
1.070000000000000000e+02 
0
-1
-1
109
-0.985745257752
-1.35395136448
1.99202733587
109
1.090000000000000000e+02 2.300000000000000000e+02 
1.080000000000000000e+02 2.290000000000000000e+02 
0
-1
-1
110
-1.0190252159
-1.26820332175
2.0912370189
110
1.100000000000000000e+02 
1.090000000000000000e+02 
0
-1
-1
111
-1.06001734465
-1.18422593783
2.19007041523
111
1.110000000000000000e+02 2.320000000000000000e+02 
1.100000000000000000e+02 2.310000000000000000e+02 
0
-1
-1
112
-1.11392863653
-1.10333307571
2.32936110626
112
1.120000000000000000e+02 
1.110000000000000000e+02 
0
-1
-1
113
-1.16910467881
-1.02769396806
2.36115667022
113
1.130000000000000000e+02 2.340000000000000000e+02 
1.120000000000000000e+02 2.330000000000000000e+02 
0
-1
-1
114
-1.33564834212
-0.849659984476
2.4240946891
114
1.140000000000000000e+02 2.360000000000000000e+02 
1.130000000000000000e+02 2.350000000000000000e+02 
0
-1
-1
115
-1.3571174046
-0.813777860442
2.47677345767
115
1.150000000000000000e+02 
1.140000000000000000e+02 
0
-1
-1
116
-1.4143956553
-0.760665765076
2.57008856428
116
1.160000000000000000e+02 
1.150000000000000000e+02 
0
-1
-1
117
-1.55965499726
-0.659885202354
2.61567981269
117
1.170000000000000000e+02 
1.160000000000000000e+02 
0
-1
-1
118
-1.70442937406
-0.558420544235
2.5644598177
118
1.180000000000000000e+02 2.390000000000000000e+02 
1.170000000000000000e+02 2.380000000000000000e+02 
0
-1
-1
119
-1.86272439155
-0.43421933348
2.56353309818
119
1.190000000000000000e+02 
1.180000000000000000e+02 
0
-1
-1
120
-1.92635925838
-0.369469293521
2.53609618537
120
1.200000000000000000e+02 
1.190000000000000000e+02 
0
-1
-1
121
-2.05734502987
-0.248128485878
2.46229895298
121
1.210000000000000000e+02 2.440000000000000000e+02 
1.200000000000000000e+02 2.430000000000000000e+02 
0
-1
-1
122
-2.0871908417
-0.167814923886
2.38026521666
122
1.220000000000000000e+02 
1.210000000000000000e+02 
0
-1
-1
123
-2.19914948078
-0.0179854309337
2.35075533177
123
1.230000000000000000e+02 
1.220000000000000000e+02 
0
-1
-1
124
-2.2386745775
0.0628693659388
2.34169851325
124
1.240000000000000000e+02 
1.230000000000000000e+02 
0
-1
-1
125
-2.34611347695
0.217158421304
2.32309691474
125
1.250000000000000000e+02 
1.240000000000000000e+02 
0
-1
-1
126
-2.38354210708
0.300019985382
2.31267653664
0
1.260000000000000000e+02 
1.250000000000000000e+02 
0
-1
-1
127
-2.4204052743
0.383403219562
2.30498322522
1
1.270000000000000000e+02 
1.260000000000000000e+02 
0
-1
-1
128
-2.45659764886
0.467394997145
2.29592636523
2
1.280000000000000000e+02 
1.270000000000000000e+02 
0
-1
-1
129
-2.49231793249
0.551808451613
2.28959657229
3
1.290000000000000000e+02 
1.280000000000000000e+02 
0
-1
-1
130
-2.59327186758
0.712021583062
2.27917615424
4
1.300000000000000000e+02 
1.290000000000000000e+02 
0
-1
-1
131
-2.62773013754
0.797536436429
2.27284634213
5
1.310000000000000000e+02 
1.300000000000000000e+02 
0
-1
-1
132
-2.72624763686
0.959845174366
2.26378944382
7
1.320000000000000000e+02 
1.310000000000000000e+02 
0
-1
-1
133
-2.75942561973
1.04644014545
2.25609607496
8
1.330000000000000000e+02 
1.320000000000000000e+02 
0
-1
-1
134
-2.79211509202
1.13343767417
2.24976623578
9
1.340000000000000000e+02 
1.330000000000000000e+02 
0
-1
-1
135
-2.82399487557
1.22109117717
2.23934577261
10
1.350000000000000000e+02 
1.340000000000000000e+02 
0
-1
-1
136
-2.85516539246
1.30930793679
2.23028883961
126
1.360000000000000000e+02 
1.350000000000000000e+02 
0
-1
-1
137
-2.88551359845
1.39816478154
2.21986836009
127
1.370000000000000000e+02 
1.360000000000000000e+02 
0
-1
-1
138
-2.91514170253
1.48757096708
2.21081141126
128
1.380000000000000000e+02 
1.370000000000000000e+02 
0
-1
-1
139
-3.002737243
1.65848409376
2.19084614709
129
1.390000000000000000e+02 
1.380000000000000000e+02 
0
-1
-1
140
-3.02991371507
1.74968528808
2.18042564501
130
1.400000000000000000e+02 
1.390000000000000000e+02 
0
-1
-1
141
-3.05578798345
1.84179441832
2.16455098206
131
1.410000000000000000e+02 
1.400000000000000000e+02 
0
-1
-1
142
-3.08045942207
1.93471531971
2.15003985089
132
1.420000000000000000e+02 
1.410000000000000000e+02 
0
-1
-1
143
-3.10357196605
2.02865116095
2.1314380979
133
1.430000000000000000e+02 
1.420000000000000000e+02 
0
-1
-1
144
-3.12786972744
2.12181902608
2.14556126229
134
1.440000000000000000e+02 
1.430000000000000000e+02 
0
-1
-1
145
-3.16366294433
2.20616636047
2.29058411477
135
1.450000000000000000e+02 
1.440000000000000000e+02 
0
-1
-1
146
-3.20695334842
2.28310090187
2.39606434588
136
1.460000000000000000e+02 
1.450000000000000000e+02 
0
-1
-1
147
-3.25535967803
2.35394345508
2.47563734073
137
1.470000000000000000e+02 
1.460000000000000000e+02 
0
-1
-1
148
-3.31171496552
2.41283447692
2.61929663917
138
1.480000000000000000e+02 
1.470000000000000000e+02 
0
-1
-1
149
-3.37068719287
2.46182030434
2.72068624022
139
1.490000000000000000e+02 
1.480000000000000000e+02 
0
-1
-1
150
-3.43559028043
2.50087543133
2.83571122181
140
1.500000000000000000e+02 
1.490000000000000000e+02 
0
-1
-1
151
-3.50336120627
2.52809635224
2.95755389186
141
1.510000000000000000e+02 
1.500000000000000000e+02 
0
-1
-1
152
-3.572627089
2.54131528388
3.09848609702
142
1.520000000000000000e+02 
1.510000000000000000e+02 
0
-1
-1
153
-3.6417689505
2.54480893496
-3.08740023958
143
1.530000000000000000e+02 
1.520000000000000000e+02 
0
-1
-1
154
-3.7082781728
2.57802347859
2.89629433811
144
1.540000000000000000e+02 
1.530000000000000000e+02 
0
-1
-1
155
-3.77686872839
2.59979345416
3.01268284183
145
1.550000000000000000e+02 
1.540000000000000000e+02 
0
-1
-1
156
-3.84615020196
2.61254480999
3.1031641122
146
1.560000000000000000e+02 
1.550000000000000000e+02 
0
-1
-1
157
-3.91501923798
2.61258175892
-3.05272438764
147
1.570000000000000000e+02 
1.560000000000000000e+02 
0
-1
-1
158
-3.98229768572
2.60205852492
-2.94588065908
148
1.580000000000000000e+02 
1.570000000000000000e+02 
0
-1
-1
159
-4.04690995084
2.58133483912
-2.84040047026
149
1.590000000000000000e+02 
1.580000000000000000e+02 
0
-1
-1
160
-4.1083367397
2.55200021435
-2.74855566715
150
1.600000000000000000e+02 
1.590000000000000000e+02 
0
-1
-1
161
-4.16760059737
2.51790420931
-2.6962534805
151
1.610000000000000000e+02 
1.600000000000000000e+02 
0
-1
-1
162
-4.31359673342
2.43380021941
-2.65213252496
152
1.620000000000000000e+02 
1.610000000000000000e+02 
0
-1
-1
163
-4.54023620535
2.29595559619
-2.61346572324
153
1.630000000000000000e+02 
1.620000000000000000e+02 
0
-1
-1
164
-4.73332380919
2.16964276411
-2.59525199827
39
1.640000000000000000e+02 
1.630000000000000000e+02 
0
-1
-1
165
-5.093894703
1.93578274398
-2.60703611906
154
1.650000000000000000e+02 
1.640000000000000000e+02 
0
-1
-1
166
-5.21174014605
1.86296365295
-2.65018162373
155
1.660000000000000000e+02 
1.650000000000000000e+02 
0
-1
-1
167
-5.44188018491
1.73904059853
-2.68378235762
156
1.670000000000000000e+02 
1.660000000000000000e+02 
0
-1
-1
168
-5.68013129513
1.61935152858
-2.70511124344
157
1.680000000000000000e+02 
1.670000000000000000e+02 
0
-1
-1
169
-5.83103809497
1.54513750512
-2.71825889628
158
1.690000000000000000e+02 
1.680000000000000000e+02 
0
-1
-1
170
-5.97322811309
1.46267726229
-2.59777977582
48
1.700000000000000000e+02 
1.690000000000000000e+02 
0
-1
-1
171
-6.02364655365
1.41378598879
-2.52366096086
159
1.710000000000000000e+02 
1.700000000000000000e+02 
0
-1
-1
172
-6.06736191674
1.35658113061
-2.41681721933
49
1.720000000000000000e+02 
1.710000000000000000e+02 
0
-1
-1
173
-6.10582545792
1.2939571498
-2.34133485939
50
1.730000000000000000e+02 
1.720000000000000000e+02 
0
-1
-1
174
-6.23623096119
0.976741021565
-2.14347491836
52
1.750000000000000000e+02 
1.740000000000000000e+02 
0
-1
-1
175
-6.37302563798
0.724286528926
-2.06266622115
53
1.760000000000000000e+02 
1.750000000000000000e+02 
0
-1
-1
176
-6.41024441159
0.447425091494
-1.68913183223
55
1.780000000000000000e+02 
1.770000000000000000e+02 
0
-1
-1
177
-6.40186921186
0.257122974243
-1.6274403354
160
1.790000000000000000e+02 
1.780000000000000000e+02 
0
-1
-1
178
-6.38961495991
-0.0620798738092
-1.61264243255
161
1.800000000000000000e+02 
1.790000000000000000e+02 
0
-1
-1
179
-6.36604409009
-0.152614711952
-1.54404421936
162
1.810000000000000000e+02 
1.800000000000000000e+02 
0
-1
-1
180
-6.3318470011
-0.24213242891
-1.43724551798
163
1.820000000000000000e+02 
1.810000000000000000e+02 
0
-1
-1
181
-6.09233585889
-0.893366231747
-1.34548295759
164
1.840000000000000000e+02 
1.830000000000000000e+02 
0
-1
-1
182
-6.03253606257
-1.0831604098
-1.33280034017
165
1.850000000000000000e+02 
1.840000000000000000e+02 
0
-1
-1
183
-5.96999169555
-1.27229410119
-1.31732196292
166
1.860000000000000000e+02 
1.850000000000000000e+02 
0
-1
-1
184
-5.90523492847
-1.46086772108
-1.3086379699
167
1.870000000000000000e+02 
1.860000000000000000e+02 
0
-1
-1
185
-5.83827143209
-1.64885274375
-1.29449138611
168
1.880000000000000000e+02 
1.870000000000000000e+02 
0
-1
-1
186
-5.76871385397
-1.8361123508
-1.2803413764
169
1.890000000000000000e+02 
1.880000000000000000e+02 
0
-1
-1
187
-5.69617953356
-2.02249588147
-1.27028037485
170
1.900000000000000000e+02 
1.890000000000000000e+02 
0
-1
-1
188
-5.58678346922
-2.26183649516
-1.32626979651
171
1.920000000000000000e+02 
1.910000000000000000e+02 
0
-1
-1
189
-5.54532513656
-2.34773436523
-1.39864618686
172
1.930000000000000000e+02 
1.920000000000000000e+02 
0
-1
-1
190
-5.50511470158
-2.43385664233
-1.41132545089
173
1.940000000000000000e+02 
1.930000000000000000e+02 
0
-1
-1
191
-5.45129653776
-2.61131199413
-1.42530813374
174
1.950000000000000000e+02 
1.940000000000000000e+02 
0
-1
-1
192
-5.3993792568
-2.78807794727
-1.4325729553
175
1.960000000000000000e+02 
1.950000000000000000e+02 
0
-1
-1
193
-5.34819796633
-2.96857261056
-1.43853171983
176
1.970000000000000000e+02 
1.960000000000000000e+02 
0
-1
-1
194
-5.28817974567
-3.20874708421
-1.43359523118
177
1.980000000000000000e+02 
1.970000000000000000e+02 
0
-1
-1
195
-5.23346405267
-3.36111044573
-1.3659855716
178
1.990000000000000000e+02 
1.980000000000000000e+02 
0
-1
-1
196
-5.18108305568
-3.44432954575
-1.28612349535
179
2.000000000000000000e+02 
1.990000000000000000e+02 
0
-1
-1
197
-4.93642634251
-3.76581513426
-0.864878444316
78
2.020000000000000000e+02 
2.010000000000000000e+02 
0
-1
-1
198
-4.83989729726
-3.82026672916
-0.648214147137
79
2.030000000000000000e+02 
2.020000000000000000e+02 
0
-1
-1
199
-4.74011645732
-3.87007149381
-0.591490251813
180
2.040000000000000000e+02 
2.030000000000000000e+02 
0
-1
-1
200
-4.63431973054
-3.90941398174
-0.470731113096
81
2.050000000000000000e+02 
2.040000000000000000e+02 
0
-1
-1
201
-4.52376643281
-3.93751891527
-0.348627357577
82
2.060000000000000000e+02 
2.050000000000000000e+02 
0
-1
-1
202
-4.40991994452
-3.95415717986
-0.229254272915
181
2.070000000000000000e+02 
2.060000000000000000e+02 
0
-1
-1
203
-3.7103328842
-3.81352683703
0.403813477528
182
2.090000000000000000e+02 
2.080000000000000000e+02 
0
-1
-1
204
-3.64624848032
-3.76726257072
0.544737348542
183
2.100000000000000000e+02 
2.090000000000000000e+02 
0
-1
-1
205
-3.50167619004
-3.6613112822
0.599655879999
184
2.110000000000000000e+02 
2.100000000000000000e+02 
0
-1
-1
206
-3.23467517145
-3.46884502733
0.583633823471
185
2.120000000000000000e+02 
2.110000000000000000e+02 
0
-1
-1
207
-3.10608709012
-3.38381941335
0.521518112764
92
2.130000000000000000e+02 
2.120000000000000000e+02 
0
-1
-1
208
-2.94551591348
-3.28986291017
0.496228378122
186
2.140000000000000000e+02 
2.130000000000000000e+02 
0
-1
-1
209
-2.55196746073
-3.07565444486
0.479136531824
187
2.150000000000000000e+02 
2.140000000000000000e+02 
0
-1
-1
210
-2.25856445542
-2.91867529247
0.473004775073
188
2.160000000000000000e+02 
2.150000000000000000e+02 
0
-1
-1
211
-2.01259437998
-2.7882279817
0.4682458196
189
2.170000000000000000e+02 
2.160000000000000000e+02 
0
-1
-1
212
-1.76555273856
-2.65990750312
0.459398558881
190
2.180000000000000000e+02 
2.170000000000000000e+02 
0
-1
-1
213
-1.4321221272
-2.48124724106
0.528273897788
191
2.190000000000000000e+02 
2.180000000000000000e+02 
0
-1
-1
214
-1.37236263918
-2.42845648113
0.623057839267
192
2.200000000000000000e+02 
2.190000000000000000e+02 
0
-1
-1
215
-1.00328816174
-1.96975047934
1.18269816861
102
2.230000000000000000e+02 
2.220000000000000000e+02 
0
-1
-1
216
-0.972593061995
-1.89499950006
1.32184239166
103
2.240000000000000000e+02 
2.230000000000000000e+02 
0
-1
-1
217
-0.949202185515
-1.82898414115
1.399673187
193
2.250000000000000000e+02 
2.240000000000000000e+02 
0
-1
-1
218
-0.931185130702
-1.74886181564
1.49934447515
194
2.260000000000000000e+02 
2.250000000000000000e+02 
0
-1
-1
219
-0.922635829458
-1.64569750521
1.60993944662
195
2.270000000000000000e+02 
2.260000000000000000e+02 
0
-1
-1
220
-0.928985517045
-1.54427739653
1.76008823185
196
2.280000000000000000e+02 
2.270000000000000000e+02 
0
-1
-1
221
-0.944751223787
-1.44516259832
1.85706770904
197
2.290000000000000000e+02 
2.280000000000000000e+02 
0
-1
-1
222
-1.0018480847
-1.26556680822
2.06086056707
198
2.310000000000000000e+02 
2.300000000000000000e+02 
0
-1
-1
223
-1.09804779456
-1.09805673663
2.28611818563
199
2.330000000000000000e+02 
2.320000000000000000e+02 
0
-1
-1
224
-1.25960091241
-0.914596787864
2.39969573908
200
2.350000000000000000e+02 
2.340000000000000000e+02 
0
-1
-1
225
-1.37818050313
-0.794740830382
2.49124334039
201
2.370000000000000000e+02 
2.360000000000000000e+02 
0
-1
-1
226
-1.53786316845
-0.669120631167
2.53583079476
202
2.380000000000000000e+02 
2.370000000000000000e+02 
0
-1
-1
227
-1.77339249659
-0.493180717742
2.56245189132
203
2.400000000000000000e+02 
2.390000000000000000e+02 
0
-1
-1
228
-1.84284410313
-0.433475524115
2.51682301784
204
2.410000000000000000e+02 
2.400000000000000000e+02 
0
-1
-1
229
-1.91138502532
-0.372495593179
2.5011565181
205
2.420000000000000000e+02 
2.410000000000000000e+02 
0
-1
-1
230
-1.97915762749
-0.31047213117
2.48819764498
206
2.430000000000000000e+02 
2.420000000000000000e+02 
0
-1
-1
231
-2.18778680883
-0.106422163496
2.30730123768
207
2.450000000000000000e+02 
2.440000000000000000e+02 
0
-1
-1
232
-2.252655031
-0.0303159999246
2.27664618981
208
2.460000000000000000e+02 
2.450000000000000000e+02 
0
-1
-1
233
-2.37894646604
0.124759007749
2.24675035176
209
2.470000000000000000e+02 
2.460000000000000000e+02 
0
-1
-1
234
-2.44087335274
0.203276908284
2.23860753166
210

2.470000000000000000e+02 
0
-1
-1
-
234
233
