0.305172365727
1.89617619088
1.89668202307
1
0
7
0.1
0.00409061543436
0.00409061543436
2
1
8
0.1
0.00136353847812
0.00136353847812
3
2
9
0.199999953519
0.00068176923906
0.00136353847812
4
3
11
0.1
0.00136353847812
0.00136353847812
5
4
12
0.1
-0.00272707695624
-0.00272707695624
6
5
13
0.1
-0.0
-0.0
7
6
14
0.1
-0.00272707695624
-0.00272707695624
8
7
15
0.1
-0.0
-0.0
9
8
16
0.1
-0.00136353847812
-0.00136353847812
10
9
17
0.1
-0.00272707695624
-0.00272707695624
11
10
18
0.1
-0.00272707695624
-0.00272707695624
12
11
19
0.1
-0.00272707695624
-0.00272707695624
13
12
20
0.1
-0.00545415391248
-0.00545415391248
14
13
21
0.1
-0.00409061543436
-0.00409061543436
15
14
22
0.1
0.0668133854279
0.0668133854279
16
15
23
0.1
0.102265385859
0.102265385859
17
16
24
0.0919992997199
0.044996769778
0.044996769778
18
17
25
0.1
0.102265385859
0.102265385859
19
18
26
0.1
0.119991386075
0.119991386075
20
19
27
0.1
0.136353847812
0.136353847812
21
20
28
0.1
0.129536155421
0.129536155421
22
21
29
0.1
0.110446616728
0.110446616728
23
22
30
0.1
0.0845393856435
0.0845393856435
24
23
31
0.1
-0.0804487702091
-0.0804487702091
25
24
32
0.1
0.0613592315154
0.0613592315154
26
25
33
0.19997950226
0.0361337696702
0.0504509236905
27
26
35
0.199996235057
0.0184077694546
0.0245436926062
28
27
37
0.19962362258
0.0722675393404
0.133626770856
29
28
39
0.1
0.0804487702091
0.0804487702091
30
29
40
0.1
0.0668133854279
0.0668133854279
31
30
41
0.1
0.0722675393404
0.0722675393404
32
31
42
0.1
0.0286343080405
0.0286343080405
33
32
43
0.199993306783
0.0313613849968
0.0395426158655
34
33
45
0.1
0.0313613849968
0.0313613849968
35
34
46
0.1
0.0968112319466
0.0968112319466
36
35
47
0.1
0.0409061543436
0.0409061543436
37
36
48
0.1
0.044996769778
0.044996769778
38
37
49
0.178245119495
0.040074214991
0.0477238467342
39
38
51
0.0999292646351
-0.0272707695624
-0.0272707695624
40
38.0
53
0.199998837978
-0.0143171540203
-0.0177260002156
41
40
55
0.299996777331
-0.0104538037624
-0.0149989232593
42
41
58
0.299999814076
-0.00409061543436
-0.00409061543436
43
42
61
0.199999581672
-0.00613592315154
-0.00818123086872
44
43
63
0.199999953519
-0.00204530771718
-0.00136353847812
45
44
65
0.199999814076
0.00136353847812
0.00272707695624
46
45
67
0.199901654414
0.0327249234749
0.0640863084717
47
46
69
0.1
0.1308996939
0.1308996939
48
47
70
0.178535293028
0.109814473365
0.160897540418
49
48
72
0.1
0.114537232162
0.114537232162
50
49
73
0.1
0.0954476934684
0.0954476934684
51
50
74
0.199963560058
0.125445539987
0.144535078681
52
51
76
0.48893385591
0.0498862182988
0.149989232593
53
52
81
0.1
0.117264309118
0.117264309118
54
53
82
0.1
0.124082001509
0.124082001509
55
54
83
0.189804309006
0.129786219606
0.197713079327
56
55
85
0.198271565408
0.0410237497448
0.0545415391248
57
56
87
0.199989541882
0.0265890003234
0.0368155389093
58
57
89
0.289017497294
0.0180884068715
0.0272707695624
59
58
92
0.199999581672
0.011590077064
0.0136353847812
60
59
94
0.199998326689
0.0122718463031
0.0163624617374
61
60
96
0.199998326689
0.00954476934684
0.0136353847812
62
61
98
0.193117314334
0.00827841342571
0.010908307825
63
62
100
0.199997722439
0.0102265385859
0.0149989232593
64
63
102
0.199998837978
0.011590077064
0.0149989232593
65
64
104
0.199997722439
0.011590077064
0.0163624617374
66
65
106
0.199997722439
0.00886300010778
0.0136353847812
67
66
108
0.1
0.010908307825
0.010908307825
68
67
109
0.199998326689
0.00954476934684
0.0136353847812
69
68
111
0.199998326689
0.0122718463031
0.0163624617374
70
69
113
0.1
0.0068176923906
0.0068176923906
71
70
114
0.1
0.00954476934684
0.00954476934684
72
71
115
0.199998837978
0.011590077064
0.0149989232593
73
72
117
0.1
0.010908307825
0.010908307825
74
73
118
0.29999646746
0.00681770506642
0.00954476934684
75
74
121
0.472470344266
0.0424129305533
0.162261078896
76
75
126
0.1
0.0777216932529
0.0777216932529
77
76
127
0.1
0.0927206165122
0.0927206165122
78
77
128
0.1
0.209984925631
0.209984925631
79
78
129
0.1
0.0968112319466
0.0968112319466
80
79
130
0.1
0.107719539772
0.107719539772
81
80
131
0.1
0.121354924553
0.121354924553
82
81
132
0.1
0.15271630955
0.15271630955
83
82
133
0.1
0.0736310778185
0.0736310778185
84
83
134
0.1
0.147262155637
0.147262155637
85
84
135
0.1
0.0995383089028
0.0995383089028
86
85
136
0.1
0.103628924337
0.103628924337
87
86
137
0.1
0.106356001293
0.106356001293
88
87
138
0.1
0.0490873852123
0.0490873852123
89
88
139
0.299734373833
0.05998805719
0.118627847596
90
89
142
0.199984940368
0.0395426158655
0.0518144621686
91
90
144
0.351638864579
0.0349066897954
0.0504509236905
92
91
148
0.467155073774
0.0162905923346
0.034088461953
93
92
155
0.439008301843
0.0148052686627
0.0272707695624
94
93
165
0.203977133251
0.0186050018521
0.0327249234749
95
94
170
0.180220225804
0.0192418321137
0.0299978465187
96
95
175
0.170867786811
0.021518010256
0.0327249234749
97
96
178
0.1
0.1308996939
0.1308996939
98
97
179
0.0993787766679
0.0695404623841
0.0695404623841
99
98
180
0.1
0.0545415391248
0.0545415391248
100
99
181
0.1
0.107719539772
0.107719539772
101
100
182
0.0321830925353
0.107719539772
0.107719539772
102
101
183
0.0807063851181
0.132263232378
0.132263232378
103
102
184
0.0776836021765
0.103628924337
0.103628924337
104
103
185
0.0955147884069
0.113173693684
0.113173693684
105
104
186
0.1
0.141808001725
0.141808001725
106
105
187
0.1
0.106356001293
0.106356001293
107
106
188
0.1
0.103628924337
0.103628924337
108
107
189
0.1
0.107719539772
0.107719539772
109
108
190
0.1
0.100901847381
0.100901847381
110
109
191
0.1
0.100901847381
0.100901847381
111
110
192
0.1
0.144535078681
0.144535078681
112
111
193
0.1
0.0354520004311
0.0354520004311
113
112
194
0.196581303441
0.0309271263108
0.044996769778
114
113
196
0.1
0.0749946162966
0.0749946162966
115
114
197
0.1
0.100901847381
0.100901847381
116
115
198
0.199975412092
0.0374973081483
0.0531780006467
117
116
200
0.199901654414
-0.0122718463031
-0.0436332312999
118
117
202
0.199999256306
-0.010908307825
-0.0136353847812
119
118
204
0.1
-0.0299978465187
-0.0299978465187
120
119
205
0.187787812112
-0.0438277049819
-0.0763581547748
121
120
207
0.1
-0.0722675393404
-0.0722675393404
122
121
208
0.199995351925
-0.0190895386937
-0.0259072310843
123
122
210
0.1
-0.00545415391248
-0.00545415391248
124
123
211
0.199999256306
-0.0122718463031
-0.0149989232593
125
124
213
0.1
-0.0068176923906
-0.0068176923906
126
125
214
0.1
-0.00409061543436
-0.00409061543436
127
126
215
0.1
-0.00545415391248
-0.00545415391248
128
127
216
0.1
-0.00272707695624
-0.00272707695624
129
128
217
0.199999256306
-0.00409061543436
-0.0068176923906
130
129
219
0.1
-0.00272707695624
-0.00272707695624
131
130
220
0.199999581672
-0.0034088461953
-0.00545415391248
132
131
222
0.1
-0.00409061543436
-0.00409061543436
133
132
223
0.1
-0.00272707695624
-0.00272707695624
134
133
224
0.1
-0.0068176923906
-0.0068176923906
135
134
225
0.1
-0.00545415391248
-0.00545415391248
136
135
226
0.1
-0.0068176923906
-0.0068176923906
137
136
227
0.1
-0.00545415391248
-0.00545415391248
138
137
228
0.199997025228
-0.010908307825
-0.0163624617374
139
138
230
0.1
-0.0068176923906
-0.0068176923906
140
139
231
0.1
-0.0122718463031
-0.0122718463031
141
140
232
0.1
-0.010908307825
-0.010908307825
142
141
233
0.1
-0.0149989232593
-0.0149989232593
143
142
234
0.1
0.0177260002156
0.0177260002156
144
143
235
0.1
0.148625694115
0.148625694115
145
144
236
0.1
0.10908307825
0.10908307825
146
145
237
0.1
0.0831758471654
0.0831758471654
147
146
238
0.1
0.147262155637
0.147262155637
148
147
239
0.0979007695032
0.104992462815
0.104992462815
149
148
240
0.1
0.118627847596
0.118627847596
150
149
241
0.1
0.125445539987
0.125445539987
151
150
242
0.1
0.144535078681
0.144535078681
152
151
243
0.1
0.100901847381
0.100901847381
153
152
244
0.1
-0.295887849752
-0.295887849752
154
153
245
0.1
0.119991386075
0.119991386075
155
154
246
0.1
0.0940841549903
0.0940841549903
156
155
247
0.1
0.1308996939
0.1308996939
157
156
248
0.1
0.110446616728
0.110446616728
158
157
249
0.1
0.10908307825
0.10908307825
159
158
250
0.1
0.0954476934684
0.0954476934684
160
159
251
0.1
0.0559050776029
0.0559050776029
161
160
252
0.199992144774
0.0388608466264
0.0477238467342
162
161
254
0.29657501213
0.0273720335148
0.0422696928217
163
162
257
0.26181624777
0.0142179022071
0.0218166156499
164
163
261
0.460821574528
0.0067495316071
-0.00818123086872
165
164
267
0.169866366979
-0.0313688964333
-0.0395426158655
166
165
269
0.293015554515
-0.0217579077471
-0.0299978465187
167
166
272
0.298398734189
-0.0131784381739
-0.0177260002156
168
167
275
0.199999581672
-0.00749946162966
-0.00954476934684
169
168
277
0.195859820984
0.0625607701879
0.124082001509
170
169
279
0.1
0.0777216932529
0.0777216932529
171
170
280
0.1
0.110446616728
0.110446616728
172
171
281
0.1
0.079085231731
0.079085231731
173
172
282
0.1
0.133626770856
0.133626770856
51.0
173
283
0.1
-0.087346986828
-0.087346986828
174
52.0
285
0.298996317702
0.0275264825139
0.0665589580141
175
174
288
0.199731586211
0.157774868254
0.209589330422
54.0
175
290
0.1
0.157333287848
0.157333287848
176
54.0
291
0.199981407916
0.0556940786231
0.0693294634043
177
176
293
0.328656731207
0.0273554380779
0.0224358677165
178
177
297
0.1
0.0762361766108
0.0762361766108
179
178
298
0.1
0.114436663625
0.114436663625
180
179
299
0.199973227582
0.0502978135586
0.0666602752961
59.0
180
301
0.1
0.00670031964564
0.00670031964564
181
61.0
306
0.199999256306
0.00670994584996
0.0094370228062
182
181
308
0.199998326689
0.00814216833164
0.012232783766
183
182
310
0.199999814076
0.00407486247265
0.00543840095077
184
183
312
0.199998326689
0.00681037798928
0.0109009934236
185
184
314
0.199997722439
0.00613203665449
0.0109044213279
186
185
316
0.199999953519
0.00749718468653
0.00681541544747
187
186
318
0.199652118919
-0.0191153985337
-0.0340898753329
69.0
187
320
0.0669586056645
-0.0190938242737
-0.0190938242737
188
69.0
321
0.1
-0.0663250791717
-0.0663250791717
189
188
322
0.1
-0.00662794960483
-0.00662794960483
190
189
323
0.192327751526
-0.00531306500157
-0.00793136494179
191
190
325
0.191352079803
-0.000562542274578
-0.00121349995797
192
191
327
0.194931917211
9.25609963973e-05
9.25609963973e-05
193
192
329
0.255262252345
0.0066745403334
0.0109878183055
194
193
332
0.167771433935
0.0461005521416
0.0736609935801
195
194
334
0.1
0.0859134148084
0.0859134148084
196
195
335
0.199115469943
0.14455058866
0.23863474365
76.0
196
337
0.199615214869
0.131256946066
0.193297946821
197
76.0
339
0.1
0.221300603349
0.221300603349
198
197
340
0.1
0.0613602070502
0.0613602070502
199
198
341
0.1
0.125395456255
0.125395456255
200
199
342
0.1
0.126740079118
0.126740079118
201
200
343
0.1
0.124009414568
0.124009414568
202
201
344
0.1
0.121286288115
0.121286288115
84.0
202
345
0.1
0.0747035635892
0.0747035635892
203
88.0
350
0.1
0.141587310257
0.141587310257
204
203
351
0.199992144774
0.0467189794186
0.0555819795264
205
204
353
0.349881454853
0.00167994285833
-0.0153585994744
206
205
357
0.175253491871
-0.0403666336008
-0.0614522445192
207
206
359
0.207434008134
-0.0212142332953
-0.0246262591747
208
207
362
0.46958043604
-0.00959184841035
-0.0164283614163
209
208
368
0.354313787563
-0.00287371836513
-0.00546826232776
210
209
372
0.299999814076
-0.00273191290911
-0.00409545138723
211
210
375
0.299999194331
-0.00591118382425
-0.00818374685902
212
211
378
0.399828420703
0.0190832659863
0.069538862645
213
212
382
0.1
0.0954474751926
0.0954474751926
214
213
383
0.1
0.107719365088
0.107719365088
97.0
214
384
0.1
0.140462159294
0.140462159294
100.0
98.0
386
0.1
0.0897265148913
0.0897265148913
215
101.0
388
0.0737317531435
0.140301810418
0.140301810418
216
215
389
0.0636699963004
0.0789883937342
0.0789883937342
217
216
390
0.0770561002179
0.100828897628
0.100828897628
218
217
391
0.1
0.111752592127
0.111752592127
219
218
392
0.1
0.15130641711
0.15130641711
220
219
393
0.1
0.0981371203459
0.0981371203459
221
220
394
0.1
0.134959626832
0.134959626832
109.0
221
395
0.0888803502399
0.0715248042188
0.0715248042188
222
109.0
396
0.1
0.129209848168
0.129209848168
111.0
222
397
0.1
0.0975276789415
0.0975276789415
223
111.0
398
0.1
0.0750384845902
0.0750384845902
113.0
223
399
0.186327997339
0.0353298046899
0.0492298862132
224
113.0
401
0.1
0.0243989500219
0.0243989500219
114.0
224
402
0.1
0.0739092216639
0.0739092216639
225
114.0
403
0.199995351925
0.0337855051401
0.0406031975307
226
225
405
0.199997025228
0.0231748690205
0.028629022933
118.0
226
407
0.1
0.000171291537899
0.000171291537899
227
118.0
408
0.1
-0.0394653873253
-0.0394653873253
228
227
409
0.1
-0.00950300223104
-0.00950300223104
229
228
410
0.1
-0.0067953642732
-0.0067953642732
230
229
411
0.1
-0.0258986920002
-0.0258986920002
121.0
230
412
0.199631937504
-0.0881567781753
-0.148834240452
231
121.0
414
0.1
-0.0306550705398
-0.0306550705398
232
231
415
0.199994375834
-0.0223963877548
-0.0298958493844
233
232
417
0.1
-0.00814282010455
-0.00814282010455
234
233
418
