40.0
39.900865789
19.8676171605
0
39.9419665289
39.7491169475
19.892877291
1
39.9163117607
39.6707889359
19.9108902028
2
39.8898860867
39.5903012505
19.9115419888
3
39.8347243204
39.4200271779
19.9086408578
4
39.8069520903
39.3328812343
19.9119357739
5
39.7808782894
39.245626695
19.8930808755
6
39.7555397328
39.1596064032
19.8939289793
7
39.7316307062
39.0760594743
19.8758998749
8
39.708895306
38.9953663313
19.8760585909
9
39.6853401152
38.9147978678
19.8653695857
10
39.6599525217
38.8335015033
19.8476587547
11
39.6336991504
38.7520964651
19.8303122504
12
39.6067513378
38.6701595738
19.8136573173
13
39.5796215215
38.5885634946
19.7815140112
14
39.5522780754
38.5056568574
19.7602288221
15
39.525481116
38.4211893956
20.1430576763
16
39.4938765824
38.3395649749
20.7148373359
17
39.4579458196
38.2691282636
20.9777685066
18
39.4147006727
38.194853286
21.5505772339
19
39.364727367
38.1186260642
22.2403393343
20
39.3073524435
38.0615917172
23.0341249549
21
39.2398174687
38.0122505386
23.7851344113
22
39.1649355569
37.9681025174
24.4272781961
23
39.0881308923
37.9352383906
24.9309059949
24
39.0094999244
37.9074896395
24.4662120914
25
38.9344876512
37.8731398533
24.8275205111
26
38.7809965589
37.8127396153
25.0993564117
27
38.6183354092
37.7567645385
25.224337141
28
38.4526614402
37.6994493424
25.9730857562
29
38.3633467834
37.6871161111
26.4489055177
30
38.2747797093
37.6795296392
26.8341140178
31
38.1890533633
37.6779886206
27.2439201834
32
38.1036184811
37.6793483681
27.4060844407
33
37.9340148258
37.6890664241
27.6071457257
34
37.8514490719
37.6963698878
27.773185308
35
37.7673414376
37.7077678644
28.3100078585
36
37.6825461675
37.7227169614
28.5494253698
37
37.6021496974
37.742511204
28.7897333073
38
37.453555278
37.779902671
29.0281426163
39
37.2835752632
37.8302240618
28.6342168321
40
37.1129818163
37.8731435881
28.550669846
41
36.8694833952
37.9343910446
28.4727357588
42
36.6167961106
37.9943767595
28.4445889962
43
36.445583182
38.0349391217
28.3965406012
44
36.275487297
38.0724992855
28.3901933866
45
36.1042175231
38.1120439697
28.3982757192
46
35.934723682
38.1549708953
28.7568774095
47
35.8544822413
38.1773906493
29.506422157
48
35.7217127305
38.2481735512
30.4222308588
49
35.6536758174
38.2980254592
31.0847108273
50
35.5850391287
38.3576902729
31.6389274846
51
35.4736376609
38.4919602679
32.4763051021
52
35.2417369306
38.8368916081
33.3189368468
53
35.2040892971
38.915453262
33.9875335166
54
35.1769109419
38.993506948
34.7093091321
55
35.1505698757
39.1499371737
35.8510659056
56
35.1556166501
39.3157630229
0.168974907042
57
35.1698091655
39.4892605148
0.351729353335
58
35.1917856811
39.7480749494
0.475000777599
59
35.2079235813
39.9214635906
0.538326425289
60
35.2270486296
40.0923061902
0.624565012863
61
35.2468197878
40.2622360375
0.691087569937
62
35.2672510401
40.4270083913
0.738628041369
63
35.2905291519
40.6024230871
0.809874157996
64
35.3159511063
40.7804940459
0.877148555452
65
35.3363901965
40.9533685172
0.952956295908
66
35.3586470452
41.1247665192
1.01219140773
67
35.3731376652
41.2104252762
1.06450434823
68
35.4064196888
41.3813891363
1.1221900711
69
35.4428282333
41.5540296662
1.19428563078
70
35.4612767414
41.6398624967
1.22423261383
71
35.4801001339
41.7260605114
1.27192768716
72
35.5186978298
41.8975980819
1.34281370262
73
35.5381780979
41.982358769
1.39665327481
74
35.6005762804
42.2346259696
1.42568409914
75
35.696906498
42.6362775329
2.34394034985
76
35.7278222933
42.7187398987
2.78869777041
77
35.7664182874
42.7959549717
3.31581758772
78
35.8129338876
42.8686418955
4.52203304261
79
35.8724671998
42.9276259669
5.06285909531
80
35.9404777378
42.9776807685
5.68109695419
81
36.0090549753
43.0222332208
6.37976762015
82
36.0859097274
43.053987904
7.27440663117
83
36.1665415429
43.0739029603
7.70703046279
84
36.2457993188
43.0947938627
8.54423922516
85
36.3316879353
43.0999741136
9.13201152797
86
36.4172450426
43.0985996489
9.73575329774
87
36.5045477919
43.0887255864
10.3463991502
88
36.5918624081
43.0681506809
10.6363624031
89
36.8495313927
42.9978070363
11.2744077128
90
37.0038538177
42.9284040915
11.5486762537
91
37.2594215594
42.8034047459
11.7970859907
92
37.6153348379
42.6098156314
11.958987924
93
37.9328511472
42.4255241349
12.0874597666
94
38.072544703
42.3279311818
12.2485526096
95
38.1948033762
42.2487619934
12.3841684799
96
38.3205111589
42.166236854
12.5573004191
97
38.3926504157
42.1168157134
13.2992234544
98
38.4549298407
42.0595163121
13.7059163274
99
38.5119297951
41.9993746258
14.0116212672
100
38.5695718337
41.9351489975
14.6196901333
101
38.5811923634
41.9200541498
15.2395998574
102
38.6146476966
41.8534470557
16.0133143856
103
38.634263521
41.7857761105
16.6187431959
104
38.6496342972
41.707673651
17.2737731962
105
38.6566025523
41.6221586013
18.098296972
106
38.6489505328
41.5332037944
18.7224076204
107
38.6330695807
41.44695838
19.3250281288
108
38.6117993602
41.3629893396
19.9481583726
109
38.5814974564
41.2810852622
20.5311749286
110
38.5454219895
41.2016183939
21.1125380832
111
38.4995911873
41.1325645886
21.9418779224
112
38.4448788936
41.0731597199
22.1506034154
113
38.3341473132
40.9491028278
22.3981181575
114
38.2757494279
40.8898286026
22.8141553537
115
38.2105811178
40.8338731521
23.3780851496
116
38.0761794566
40.7396872079
23.6849415818
117
37.9370229638
40.650037698
23.4114679962
118
37.8013270552
40.5471287672
23.3542419543
119
37.731368181
40.4945989755
23.1853627726
120
37.6009616569
40.3932066477
22.7678728734
121
37.5352076625
40.3376385607
22.3658047469
122
37.420865872
40.2158710406
22.2266486756
123
37.3620597569
40.1538172975
22.2059092139
124
37.2399012727
40.027773971
22.1295352874
125
38.4193680893
39.9328004883
20.1987398376
0
38.6365122392
39.4364916683
19.7102645284
1
38.8280851669
39.0926441878
19.2659564231
2
38.941917547
38.9290474732
19.0434086848
3
38.9812920271
38.8262036793
18.9425679482
4
38.9768183437
38.8180354155
18.9529957634
5
38.968547993
38.8050722967
18.9577334284
7
38.9680933223
38.8088870073
18.9552206918
8
38.9678721041
38.81044644
18.9616907026
9
38.9665412427
38.3447935885
18.9402009727
10
38.9534636057
38.2254844888
18.9127128086
126
38.941731094
38.1237181962
18.8802123346
127
38.9309217687
38.035576187
18.8579607103
128
38.9084536055
37.8707679706
18.7760244605
129
38.8976895554
37.7886924799
18.7459355085
130
38.8861899224
37.7056785414
18.6795735333
131
38.8744237884
37.619124996
18.6232164652
132
38.8649868342
37.5312375861
18.5429629793
133
38.8573579823
37.4422479493
18.6498370661
134
38.8471582466
37.353485158
19.4932695465
135
38.8214961142
37.2664191273
20.1253179314
136
38.7894275507
37.1812360604
20.6085823134
137
38.7513815847
37.1037752082
21.4480203133
138
38.7020008575
37.0363975812
22.0584924246
139
38.6490058041
36.9771881779
22.7480701015
140
38.5836117904
36.9222686691
23.4700579741
141
38.5113588017
36.876913509
24.3140192109
142
38.4331330999
36.8405161673
24.9108441738
143
38.348689554
36.8058849989
23.2180971716
144
38.2817955507
36.7518947408
23.902872016
145
38.2105972364
36.7079621308
24.4496174583
146
38.1326968439
36.6759667315
25.2073194252
147
38.0549481893
36.6507689567
25.8560241948
148
37.9723074284
36.6362792433
26.48611608
149
37.8875072209
36.6282672716
27.0502539331
150
37.8006467227
36.6270500247
27.3733196603
151
37.6324175569
36.638124084
27.6253749023
152
37.372116588
36.6629552356
27.8355470054
153
37.0418869646
36.8543980695
27.9799634824
39
36.6459822176
36.995586592
27.9318397109
154
36.49786296
37.015914599
27.7252294798
155
36.2337176041
37.0435965281
27.5764875778
156
35.9771981025
37.0692542643
27.4870737686
157
35.8045130849
37.0839964547
27.4351379391
158
35.2688861524
37.5587446553
28.4401434134
48
35.1279740688
37.6443992533
28.9311701315
159
34.9646397987
37.8666266566
29.6075974994
49
34.8951288798
37.9838800824
30.2604953457
50
34.8679468965
38.1331759434
31.7504545572
52
34.8217161541
38.1944161866
32.2414211556
53
34.8940901881
38.1696125428
33.9627335527
55
34.8716212976
38.2607302131
34.0287039313
160
34.7805259902
38.5158474158
34.1088905155
161
34.7511891996
38.60217983
34.5550112824
162
34.73202648
38.6901891181
35.2144491464
163
34.994174556
39.78228962
0.195045419167
164
34.9989985698
39.9710531618
0.226181762492
165
35.0041335478
40.1397772779
0.278236609646
166
35.0128050855
40.3075997969
0.297730012539
167
35.0222821326
40.4843825034
0.359117590388
168
35.0323845355
40.660139682
0.414136562471
169
35.0453555241
40.8353229135
0.436132349237
170
35.0425513911
41.1158008619
0.359903148967
171
35.046773746
41.2028455392
0.0109496451507
172
35.045876598
41.2821950677
35.9878912684
173
35.0459302
41.4422826811
35.9550444112
174
35.0464927589
41.6172314399
35.952933634
175
35.0448519816
41.8017180741
35.9546432641
176
35.0409928216
42.0272646463
0.0136306796609
177
35.0407464925
42.1639905922
0.4223770245
178
35.051016974
42.2483878925
0.903718668943
179
35.0591307105
42.1994488736
2.82767239323
78
35.0759222003
42.1802123052
4.14099361353
79
35.1323596914
42.2354787005
4.48079287773
180
35.1340426977
42.1783140943
5.46920056346
81
35.1421512415
42.1446069068
5.9881534425
82
35.2114177993
42.178729523
6.69501464835
181
36.2456400517
42.9698354177
10.386086774
182
36.326524887
42.9495393957
11.1878850429
183
36.4802882678
42.8795698506
11.5013214812
184
36.7600547816
42.757162106
11.3958750038
185
36.99854079
42.3105777186
10.8771922758
92
37.1717651399
42.0888106377
10.8120658428
186
37.5564827344
41.9731331399
10.7168191295
187
37.859133023
41.8891115977
10.6851067471
188
38.108619325
41.8138165491
10.6644828064
189
38.3560986049
41.7424718907
10.6161638035
190
38.6964848901
41.6461926012
10.9960382616
191
38.7780067848
41.6186512431
11.5301796668
192
38.1353104808
41.1108515981
14.7575291088
102
38.1021078397
40.9916418191
15.6695205188
103
38.1175307243
40.9351913382
16.152350916
193
38.1325923338
40.8735314354
16.7224651085
194
38.1509189086
40.7892986719
17.3751064701
195
38.1599262646
40.7037904739
18.2572605965
196
38.1549470661
40.6190018653
18.8326543161
197
38.0252311371
40.6775630585
20.1758873749
198
37.935483225
40.6965824461
21.4030291898
199
37.8640711638
40.7408528479
21.5906768919
200
37.8271046873
40.7465484581
22.4629627375
201
37.70765031
40.6304296025
22.6281478394
202
37.716320508
40.1167386722
22.8560309677
203
37.6611625996
40.0549998783
22.6678751837
204
37.5973467743
39.9969799513
22.6291330581
205
37.5351536477
39.9391429632
22.5979359088
206
36.9479772546
39.834650486
22.0947739534
207
36.8948369165
39.7769250284
21.867160827
208
36.7918124854
39.6470281357
21.7292921587
209
36.7392228684
39.5774032793
21.6924909721
210
-
234
0
