0
40
40
18
1.0
0.000000000000000000e+00 1.260000000000000000e+02 
1
39.9695914189
39.8314259226
19.8742761368
1.0
1.000000000000000000e+00 1.270000000000000000e+02 
2
39.9419665289
39.7491169475
19.892877291
1.0
2.000000000000000000e+00 1.280000000000000000e+02 
3
39.9163117607
39.6707889359
19.9108902028
1.0
3.000000000000000000e+00 1.290000000000000000e+02 
4
39.8624925122
39.5067926252
19.905788171
1.0
4.000000000000000000e+00 1.300000000000000000e+02 
5
39.8347243204
39.4200271779
19.9086408578
1.0
5.000000000000000000e+00 1.310000000000000000e+02 
6
39.8069520903
39.3328812343
19.9119357739
1.0
6.000000000000000000e+00 
7
39.7808782894
39.245626695
19.8930808755
1.0
7.000000000000000000e+00 1.320000000000000000e+02 
8
39.7555397328
39.1596064032
19.8939289793
1.0
8.000000000000000000e+00 1.330000000000000000e+02 
9
39.7316307062
39.0760594743
19.8758998749
1.0
9.000000000000000000e+00 1.340000000000000000e+02 
10
39.708895306
38.9953663313
19.8760585909
1.0
1.000000000000000000e+01 1.350000000000000000e+02 
11
39.6853401152
38.9147978678
19.8653695857
1.0
1.100000000000000000e+01 
12
39.6599525217
38.8335015033
19.8476587547
1.0
1.200000000000000000e+01 
13
39.6336991504
38.7520964651
19.8303122504
1.0
1.300000000000000000e+01 
14
39.6067513378
38.6701595738
19.8136573173
1.0
1.400000000000000000e+01 
15
39.5796215215
38.5885634946
19.7815140112
1.0
1.500000000000000000e+01 
16
39.5522780754
38.5056568574
19.7602288221
1.0
1.600000000000000000e+01 
17
39.525481116
38.4211893956
20.1430576763
1.0
1.700000000000000000e+01 
18
39.4938765824
38.3395649749
20.7148373359
1.0
1.800000000000000000e+01 
19
39.4579458196
38.2691282636
20.9777685066
1.0
1.900000000000000000e+01 
20
39.4147006727
38.194853286
21.5505772339
1.0
2.000000000000000000e+01 
21
39.364727367
38.1186260642
22.2403393343
1.0
2.100000000000000000e+01 
22
39.3073524435
38.0615917172
23.0341249549
1.0
2.200000000000000000e+01 
23
39.2398174687
38.0122505386
23.7851344113
1.0
2.300000000000000000e+01 
24
39.1649355569
37.9681025174
24.4272781961
1.0
2.400000000000000000e+01 
25
39.0881308923
37.9352383906
24.9309059949
1.0
2.500000000000000000e+01 
26
39.0094999244
37.9074896395
24.4662120914
1.0
2.600000000000000000e+01 
27
38.8593129932
37.8410038836
24.9419341902
1.0
2.700000000000000000e+01 
28
38.7002260884
37.7859985536
25.1625056463
1.0
2.800000000000000000e+01 
29
38.5361206508
37.7276441943
25.2773656707
1.0
2.900000000000000000e+01 
30
38.4526614402
37.6994493424
25.9730857562
1.0
3.000000000000000000e+01 
31
38.3633467834
37.6871161111
26.4489055177
1.0
3.100000000000000000e+01 
32
38.2747797093
37.6795296392
26.8341140178
1.0
3.200000000000000000e+01 
33
38.1890533633
37.6779886206
27.2439201834
1.0
3.300000000000000000e+01 
34
38.0179520315
37.6837693726
27.527496902
1.0
3.400000000000000000e+01 
35
37.9340148258
37.6890664241
27.6071457257
1.0
3.500000000000000000e+01 
36
37.8514490719
37.6963698878
27.773185308
1.0
3.600000000000000000e+01 
37
37.7673414376
37.7077678644
28.3100078585
1.0
3.700000000000000000e+01 
38
37.6825461675
37.7227169614
28.5494253698
1.0
3.800000000000000000e+01 
39
37.517325652
37.7636516362
28.9697781969
1.0
3.900000000000000000e+01 1.640000000000000000e+02 
40
37.3686120119
37.8066207424
28.7813165025
1.0
4.000000000000000000e+01 
41
37.19597249
37.852546823
28.5825107399
1.0
4.100000000000000000e+01 
42
36.9513136289
37.9146965491
28.4865812526
1.0
4.200000000000000000e+01 
43
36.7033958166
37.9740007645
28.4379272436
1.0
4.300000000000000000e+01 
44
36.5309186369
38.0149594749
28.4188309812
1.0
4.400000000000000000e+01 
45
36.3607837411
38.0538932579
28.3826039728
1.0
4.500000000000000000e+01 
46
36.1897156315
38.0922514319
28.3859052092
1.0
4.600000000000000000e+01 
47
36.0194342468
38.1335908635
28.4009636368
1.0
4.700000000000000000e+01 
48
35.934723682
38.1549708953
28.7568774095
1.0
4.800000000000000000e+01 1.700000000000000000e+02 
49
35.7978408164
38.2092023376
29.7689828124
1.0
4.900000000000000000e+01 1.720000000000000000e+02 
50
35.7217127305
38.2481735512
30.4222308588
1.0
5.000000000000000000e+01 1.730000000000000000e+02 
51
35.6536758174
38.2980254592
31.0847108273
1.0
5.100000000000000000e+01 
52
35.525432315
38.423079084
32.2533848327
1.0
5.200000000000000000e+01 1.740000000000000000e+02 
53
35.2835937352
38.7653391882
32.9324125177
1.0
5.300000000000000000e+01 1.750000000000000000e+02 
54
35.2417369306
38.8368916081
33.3189368468
1.0
5.400000000000000000e+01 
55
35.2040892971
38.915453262
33.9875335166
1.0
5.500000000000000000e+01 1.760000000000000000e+02 
56
35.1629916245
39.0658404356
35.0289093256
1.0
5.600000000000000000e+01 
57
35.1518285632
39.232103925
0.018788452185
1.0
5.700000000000000000e+01 
58
35.1618588232
39.400582215
0.249114687994
1.0
5.800000000000000000e+01 
59
35.1843976635
39.6588088109
0.429086330019
1.0
5.900000000000000000e+01 
60
35.1997825353
39.8355543365
0.522005793705
1.0
6.000000000000000000e+01 
61
35.2173413176
40.0067571678
0.582578946133
1.0
6.100000000000000000e+01 
62
35.2367987113
40.1766583884
0.649773542624
1.0
6.200000000000000000e+01 
63
35.2565182295
40.3410170566
0.713952523613
1.0
6.300000000000000000e+01 
64
35.2787140421
40.5139518871
0.762585706833
1.0
6.400000000000000000e+01 
65
35.3034317071
40.6915987368
0.847906973469
1.0
6.500000000000000000e+01 
66
35.3266503249
40.867968113
0.907401758058
1.0
6.600000000000000000e+01 
67
35.3469105609
41.0380693906
0.964923553468
1.0
6.700000000000000000e+01 
68
35.3586470452
41.1247665192
1.01219140773
1.0
6.800000000000000000e+01 
69
35.3895737005
41.2952571167
1.08351694244
1.0
6.900000000000000000e+01 
70
35.4249316421
41.4680980216
1.1584684561
1.0
7.000000000000000000e+01 
71
35.4428282333
41.5540296662
1.19428563078
1.0
7.100000000000000000e+01 
72
35.4612767414
41.6398624967
1.22423261383
1.0
7.200000000000000000e+01 
73
35.4994155443
41.8127572199
1.31151263997
1.0
7.300000000000000000e+01 
74
35.5186978298
41.8975980819
1.34281370262
1.0
7.400000000000000000e+01 
75
35.579940998
42.1509051937
1.44344451118
1.0
7.500000000000000000e+01 
76
35.6708021747
42.5512619529
1.7064799261
1.0
7.600000000000000000e+01 
77
35.696906498
42.6362775329
2.34394034985
1.0
7.700000000000000000e+01 
78
35.7278222933
42.7187398987
2.78869777041
1.0
7.800000000000000000e+01 1.970000000000000000e+02 
79
35.7664182874
42.7959549717
3.31581758772
1.0
7.900000000000000000e+01 1.980000000000000000e+02 
80
35.8129338876
42.8686418955
4.52203304261
1.0
8.000000000000000000e+01 
81
35.8724671998
42.9276259669
5.06285909531
1.0
8.100000000000000000e+01 2.000000000000000000e+02 
82
35.9404777378
42.9776807685
5.68109695419
1.0
8.200000000000000000e+01 2.010000000000000000e+02 
83
36.0090549753
43.0222332208
6.37976762015
1.0
8.300000000000000000e+01 
84
36.0859097274
43.053987904
7.27440663117
1.0
8.400000000000000000e+01 
85
36.1665415429
43.0739029603
7.70703046279
1.0
8.500000000000000000e+01 
86
36.2457993188
43.0947938627
8.54423922516
1.0
8.600000000000000000e+01 
87
36.3316879353
43.0999741136
9.13201152797
1.0
8.700000000000000000e+01 
88
36.4172450426
43.0985996489
9.73575329774
1.0
8.800000000000000000e+01 
89
36.5045477919
43.0887255864
10.3463991502
1.0
8.900000000000000000e+01 
90
36.7645423893
43.0224971307
10.8323191926
1.0
9.000000000000000000e+01 
91
36.9278643811
42.9621935945
11.4266055349
1.0
9.100000000000000000e+01 
92
37.2133191548
42.8277880033
11.7555509565
1.0
9.200000000000000000e+01 2.070000000000000000e+02 
93
37.5375875092
42.6509331874
11.9307504133
1.0
9.300000000000000000e+01 
94
37.8806233008
42.4572699995
12.0314975935
1.0
9.400000000000000000e+01 
95
38.0407149416
42.3491474276
12.180416587
1.0
9.500000000000000000e+01 
96
38.1702230361
42.2649117055
12.3595458678
1.0
9.600000000000000000e+01 
97
38.2462126884
42.215930588
12.4278104849
1.0
9.700000000000000000e+01 
98
38.3205111589
42.166236854
12.5573004191
1.0
9.800000000000000000e+01 
99
38.3926504157
42.1168157134
13.2992234544
1.0
9.900000000000000000e+01 
100
38.4549298407
42.0595163121
13.7059163274
1.0
1.000000000000000000e+02 
101
38.5119297951
41.9993746258
14.0116212672
1.0
1.010000000000000000e+02 
102
38.5695718337
41.9351489975
14.6196901333
1.0
1.020000000000000000e+02 2.150000000000000000e+02 
103
38.5811923634
41.9200541498
15.2395998574
1.0
1.030000000000000000e+02 2.160000000000000000e+02 
104
38.6146476966
41.8534470557
16.0133143856
1.0
1.040000000000000000e+02 
105
38.634263521
41.7857761105
16.6187431959
1.0
1.050000000000000000e+02 
106
38.6496342972
41.707673651
17.2737731962
1.0
1.060000000000000000e+02 
107
38.6566025523
41.6221586013
18.098296972
1.0
1.070000000000000000e+02 
108
38.6489505328
41.5332037944
18.7224076204
1.0
1.080000000000000000e+02 
109
38.6330695807
41.44695838
19.3250281288
1.0
1.090000000000000000e+02 
110
38.6117993602
41.3629893396
19.9481583726
1.0
1.100000000000000000e+02 
111
38.5814974564
41.2810852622
20.5311749286
1.0
1.110000000000000000e+02 
112
38.5454219895
41.2016183939
21.1125380832
1.0
1.120000000000000000e+02 
113
38.4995911873
41.1325645886
21.9418779224
1.0
1.130000000000000000e+02 
114
38.3917879773
41.0131602538
22.2396581256
1.0
1.140000000000000000e+02 
115
38.3341473132
40.9491028278
22.3981181575
1.0
1.150000000000000000e+02 
116
38.2757494279
40.8898286026
22.8141553537
1.0
1.160000000000000000e+02 
117
38.1441054202
40.7860245456
23.514194716
1.0
1.170000000000000000e+02 
118
38.0071246674
40.6941630624
23.7804198757
1.0
1.180000000000000000e+02 
119
37.8684097006
40.598718643
23.3784818464
1.0
1.190000000000000000e+02 
120
37.8013270552
40.5471287672
23.3542419543
1.0
1.200000000000000000e+02 
121
37.6687493358
40.4475628053
23.1605736931
1.05
1.210000000000000000e+02 
122
37.6009616569
40.3932066477
22.7678728734
1.0
1.220000000000000000e+02 
123
37.4777504237
40.2768815971
22.2982660256
1.0
1.230000000000000000e+02 
124
37.420865872
40.2158710406
22.2266486756
1.0
1.240000000000000000e+02 
125
37.3008809478
40.0910821062
22.1555226039
1.0
1.250000000000000000e+02 
126
38.9665412427
38.3447935885
18.9402009727
1.0
1.360000000000000000e+02 
127
38.9534636057
38.2254844888
18.9127128086
1.0
1.370000000000000000e+02 
128
38.941731094
38.1237181962
18.8802123346
1.0
1.380000000000000000e+02 
129
38.9194509587
37.9515288213
18.8327265359
1.0
1.390000000000000000e+02 
130
38.9084536055
37.8707679706
18.7760244605
1.0
1.400000000000000000e+02 
131
38.8976895554
37.7886924799
18.7459355085
1.0
1.410000000000000000e+02 
132
38.8861899224
37.7056785414
18.6795735333
1.0
1.420000000000000000e+02 
133
38.8744237884
37.619124996
18.6232164652
1.0
1.430000000000000000e+02 
134
38.8649868342
37.5312375861
18.5429629793
1.0
1.440000000000000000e+02 
135
38.8573579823
37.4422479493
18.6498370661
1.0
1.450000000000000000e+02 
136
38.8471582466
37.353485158
19.4932695465
1.0
1.460000000000000000e+02 
137
38.8214961142
37.2664191273
20.1253179314
1.0
1.470000000000000000e+02 
138
38.7894275507
37.1812360604
20.6085823134
1.0
1.480000000000000000e+02 
139
38.7513815847
37.1037752082
21.4480203133
1.0
1.490000000000000000e+02 
140
38.7020008575
37.0363975812
22.0584924246
1.0
1.500000000000000000e+02 
141
38.6490058041
36.9771881779
22.7480701015
1.0
1.510000000000000000e+02 
142
38.5836117904
36.9222686691
23.4700579741
1.0
1.520000000000000000e+02 
143
38.5113588017
36.876913509
24.3140192109
1.0
1.530000000000000000e+02 
144
38.4331330999
36.8405161673
24.9108441738
1.0
1.540000000000000000e+02 
145
38.348689554
36.8058849989
23.2180971716
1.0
1.550000000000000000e+02 
146
38.2817955507
36.7518947408
23.902872016
1.0
1.560000000000000000e+02 
147
38.2105972364
36.7079621308
24.4496174583
1.0
1.570000000000000000e+02 
148
38.1326968439
36.6759667315
25.2073194252
1.0
1.580000000000000000e+02 
149
38.0549481893
36.6507689567
25.8560241948
1.0
1.590000000000000000e+02 
150
37.9723074284
36.6362792433
26.48611608
1.0
1.600000000000000000e+02 
151
37.8875072209
36.6282672716
27.0502539331
1.0
1.610000000000000000e+02 
152
37.7163537117
36.6310083768
27.5388015158
1.0
1.620000000000000000e+02 
153
37.4591769092
36.6531845038
27.753585484
1.0
1.630000000000000000e+02 
154
36.7116486098
36.9849219126
27.9725891404
1.0
1.650000000000000000e+02 
155
36.5662420399
37.0078728264
27.7985403764
1.0
1.660000000000000000e+02 
156
36.3219684821
37.034643654
27.6086346991
1.0
1.670000000000000000e+02 
157
36.0629929981
37.0606137916
27.5083571629
1.0
1.680000000000000000e+02 
158
35.8905810751
37.0772146454
27.4577674098
1.0
1.690000000000000000e+02 
159
35.2688861524
37.5587446553
28.4401434134
1.0
1.710000000000000000e+02 
160
34.8963551701
38.1895914397
33.9197078737
1.0
1.770000000000000000e+02 
161
34.800652013
38.4539397545
34.1730589448
1.0
1.780000000000000000e+02 
162
34.7805259902
38.5158474158
34.1088905155
1.0
1.790000000000000000e+02 
163
34.7511891996
38.60217983
34.5550112824
1.0
1.800000000000000000e+02 
164
34.9909536574
39.6594739957
0.173381282048
1.0
1.810000000000000000e+02 
165
34.9963255254
39.8821404179
0.204376462043
1.0
1.820000000000000000e+02 
166
35.0014131468
40.0550774176
0.239271136104
1.0
1.830000000000000000e+02 
167
35.0084738171
40.2232995533
0.2847705581
1.0
1.840000000000000000e+02 
168
35.0173868232
40.3950150584
0.312770346532
1.0
1.850000000000000000e+02 
169
35.0273533365
40.5730986746
0.36068745269
1.0
1.860000000000000000e+02 
170
35.0380612292
40.7476583628
0.452241211521
1.0
1.870000000000000000e+02 
171
35.0381775793
41.0578344126
0.552218183186
1.0
1.880000000000000000e+02 
172
35.0425513911
41.1158008619
0.359903148967
1.0
1.890000000000000000e+02 
173
35.046773746
41.2028455392
0.0109496451507
1.0
1.900000000000000000e+02 
174
35.0454299522
41.3563407031
35.9815387164
1.0
1.910000000000000000e+02 
175
35.0463760891
41.5230541357
35.9610032022
1.0
1.920000000000000000e+02 
176
35.0460475063
41.7080463138
35.9543614837
1.0
1.930000000000000000e+02 
177
35.0414660948
41.9411553895
35.9854151002
1.0
1.940000000000000000e+02 
178
35.0408764937
42.0788597901
0.038749466001
1.0
1.950000000000000000e+02 
179
35.0407464925
42.1639905922
0.4223770245
1.0
1.960000000000000000e+02 
180
35.0759222003
42.1802123052
4.14099361353
1.0
1.990000000000000000e+02 
181
35.1421512415
42.1446069068
5.9881534425
1.0
2.020000000000000000e+02 
182
36.1662281671
42.9843808571
9.96181239905
1.0
2.030000000000000000e+02 
183
36.2456400517
42.9698354177
10.386086774
1.0
2.040000000000000000e+02 
184
36.40089454
42.9139473394
11.4139886155
1.0
2.050000000000000000e+02 
185
36.7005639049
42.7833439141
11.4326467106
1.0
2.060000000000000000e+02 
186
37.1302934716
42.1088092083
10.808981178
1.0
2.080000000000000000e+02 
187
37.4877815877
41.9936521373
10.7339010469
1.0
2.090000000000000000e+02 
188
37.7885303683
41.9080773353
10.6905583419
1.0
2.100000000000000000e+02 
189
38.0261603006
41.8384811844
10.6730909852
1.0
2.110000000000000000e+02 
190
38.2726666056
41.7663607437
10.6236841824
1.0
2.120000000000000000e+02 
191
38.609613238
41.6716673368
10.6349287186
1.0
2.130000000000000000e+02 
192
38.6964848901
41.6461926012
10.9960382616
1.0
2.140000000000000000e+02 
193
38.1021078397
40.9916418191
15.6695205188
1.0
2.170000000000000000e+02 
194
38.1175307243
40.9351913382
16.152350916
1.0
2.180000000000000000e+02 
195
38.1325923338
40.8735314354
16.7224651085
1.0
2.190000000000000000e+02 
196
38.1509189086
40.7892986719
17.3751064701
1.0
2.200000000000000000e+02 
197
38.1599262646
40.7037904739
18.2572605965
1.0
2.210000000000000000e+02 
198
38.0576686416
40.7303892878
19.7058959363
1.0
2.220000000000000000e+02 
199
37.9797540621
40.7550640916
20.8143272128
1.0
2.230000000000000000e+02 
200
37.9092798178
40.8021382532
21.4599186381
1.0
2.240000000000000000e+02 
201
37.8759391888
40.7990215215
21.9306471972
1.0
2.250000000000000000e+02 
202
37.7665156038
40.6880186955
22.5576657643
1.0
2.260000000000000000e+02 
203
37.7617416273
40.2058988716
22.927054223
1.0
2.270000000000000000e+02 
204
37.716320508
40.1167386722
22.8560309677
1.0
2.280000000000000000e+02 
205
37.6611625996
40.0549998783
22.6678751837
1.0
2.290000000000000000e+02 
206
37.5973467743
39.9969799513
22.6291330581
1.0
2.300000000000000000e+02 
207
37.0241861929
39.88711883
22.765052309
1.0
2.310000000000000000e+02 
208
36.9479772546
39.834650486
22.0947739534
1.0
2.320000000000000000e+02 
209
36.8441123901
39.7138358298
21.8020277324
1.0
2.330000000000000000e+02 
210
36.7918124854
39.6470281357
21.7292921587
1.0
2.340000000000000000e+02 
-
210
210
