0
5.0
-0.151625478767
1
1
3.10059039189
0.10471975512
2.0
2
2.89322191272
0.131990524682
1.0
3
3.99479615893
0.12653637077
1.0
4
5.0
0.151625478767
1.0
5
5.0
0.151625478767
1.0
6
5.0
0.0338157542574
1.0
7
3.25152856842
0.151625478767
1.0
8
4.20761696663
0.151625478767
1.0
9
3.99478657543
0.151625478767
1.0
10
5.0
0.151625478767
1.0
11
3.46692842342
0.0774489855572
2.0
12
3.17916110168
0.0425424005174
2.0
13
2.37173445431
0.0316340926924
2.0
14
4.38658152209
0.0370882466049
3.0
15
3.83666645984
0.0643590161673
5.0
16
3.72757132882
0.0425424005174
5.0
17
2.57369661899
0.10471975512
3.0
18
5.86463930421
-0.0545415391248
23.0
19
3.79899167232
-0.0763581547748
11.0
20
2.00212192412
0.134172186247
5.0
21
3.70395386236
0.171260432852
5.0
22
1.73786638839
0.134172186247
1.0
23
4.86944396527
0.151625478767
1.0
24
2.25989496483
0.146171324855
1.0
25
4.97715293351
0.151625478767
1.0
26
2.00275296365
0.140717170942
1.0
27
2.97188239018
0.13962634016
1.0
28
4.14082954785
0.151625478767
1.0
29
1.69301208058
0.0992656012072
1.0
30
2.60626770031
0.0534507083423
2.0
31
1.64396967381
0.0207257848674
2.0
32
2.3951285051
0.010908307825
2.0
33
2.58281310041
0.00545415391248
2.0
34
3.94018513961
-0.00218166156499
2.0
35
3.26944384118
0.00763581547748
2.0
36
2.86465087152
-0.00218166156499
2.0
37
1.25914205345
0.00654498469498
1.0
38
1.93584198385
0.00436332312999
1.0
39
1.56858599677
0.00763581547748
1.0
40
2.11328290925
-0.00327249234749
1.0
41
2.06487379099
0.00981747704247
1.0
42
2.42357776444
0.0970839396422
1.0
43
5.0
0.0381790773874
1.0
44
5.0
0.151625478767
1.0
45
5.0
0.151625478767
1.0
46
1.34511364227
0.112355570597
1.0
47
5.0
0.151625478767
1.0
48
3.74476261668
0.151625478767
1.0
49
5.0
-0.0807214779047
1.0
50
5.0
0.10908307825
1.0
51
5.62709394949
0.0709040008623
2.0
52
4.54515653002
0.0316340926924
2.0
53
2.23514779046
0.0119991386075
1.0
54
1.06022521458
-0.0719948316448
1.0
55
3.40674806692
-0.0229074464324
2.0
56
5.85205865215
-0.0163624617374
3.0
57
1.94911984402
-0.00545415391248
1.0
58
4.0453507591
-0.00545415391248
2.0
59
7.28646195945
-0.00545415391248
3.0
60
6.83596874629
-0.0119991386075
3.0
61
2.10793060128
0.0709040008623
1.0
62
0.859452177818
0.0949022780772
1.0
63
5.0
0.114537232162
1.0
64
3.11940673705
0.151625478767
1.0
65
5.0
0.121082216857
1.0
66
4.23869626052
0.151625478767
1.0
67
4.38506507197
0.151625478767
1.0
68
5.0
0.151625478767
1.0
69
5.0
-0.136353847812
1.0
70
1.48840515491
0.137444678595
1.0
71
3.64003411726
0.151625478767
1.0
72
3.53690606252
0.151625478767
1.0
73
1.90400658909
0.119991386075
1.0
74
6.46577776294
-0.11344640138
3.0
75
1.38739823415
-0.0316340926924
1.0
76
1.84829092647
-0.105810585902
1.0
77
2.40950961281
-0.149443817202
1.0
78
1.68073163173
-0.0174532925199
1.0
79
1.55330752258
-0.00981747704247
1.0
80
1.37316004833
-0.00545415391248
1.0
81
2.76340984155
-0.0119991386075
1.0
82
1.4671769891
-0.00218166156499
1.0
83
1.52965788826
0.0010908307825
1.0
84
4.18009486202
-0.00763581547748
2.0
85
1.21564525392
0.00218166156499
1.0
86
3.02699064151
-0.0927206165122
2.0
87
2.17134730934
-0.147262155637
1.0
88
2.399124068
-0.151625478767
1.0
89
3.5936020547
-0.151625478767
1.0
90
1.40816130949
-0.151625478767
1.0
91
5.0
-0.151625478767
1.0
92
5.0
-0.151625478767
1.0
93
5.0
-0.0196349540849
1.0
94
2.1193297177
-0.010908307825
1.0
95
2.59330107364
-0.0959931088597
1.0
96
2.61292184276
-0.0316340926924
1.0
97
2.01461392638
-0.010908307825
1.0
98
2.22915115413
-0.00654498469498
1.0
99
1.85972790395
-0.0698131700798
1.0
100
1.02721839487
-0.0414515697349
1.0
101
1.52868234721
-0.00545415391248
2.0
102
2.14039823283
0.134172186247
2.0
103
4.4202771356
0.0294524311274
1.0
104
3.53288311033
0.0196349540849
1.0
105
2.20506162891
-0.0403607389524
1.0
106
1.61365864528
-0.0425424005174
1.0
107
2.86427357232
-0.0523598775598
2.0
108
1.40399177574
-0.0970839396422
1.0
109
2.98349792959
-0.015271630955
2.0
110
3.42099635553
-0.0447240620824
1.0
111
3.16974191386
-0.10035643199
1.0
112
5.0
-0.151625478767
1.0
113
4.67836812144
-0.151625478767
1.0
114
4.97027197976
-0.151625478767
1.0
115
5.0
-0.151625478767
1.0
116
5.0
-0.145080494072
1.0
117
5.0
-0.151625478767
1.0
118
5.0
-0.151625478767
1.0
119
5.0
-0.137444678595
1.0
120
5.0
-0.0785398163397
1.0
121
5.0
-0.00436332312999
1.0
122
3.88060864289
0.0
1.0
123
2.25219695721
-0.00218166156499
1.0
124
3.85780775699
0.00763581547748
2.0
125
3.21648956578
0.00436332312999
2.0
126
1.54237991493
0.112355570597
1.0
127
2.15254753417
0.0447240620824
1.0
128
1.65648784766
0.0218166156499
1.0
129
1.89753569525
0.0185441233024
1.0
130
2.54130663565
0.01308996939
1.0
131
3.53826824848
0.00981747704247
1.0
132
3.30840810901
0.00763581547748
1.0
133
2.96243889713
0.00872664625997
1.0
134
2.5897598928
0.00327249234749
1.0
135
2.5673684816
-0.0774489855572
2.0
136
2.73318263856
-0.123263878422
1.0
137
2.04063861656
0.0
1.0
138
2.26407139056
0.00327249234749
1.0
139
2.49964299445
0.00872664625997
1.0
140
2.78084102937
-0.0501782159948
1.0
141
3.35528913423
-0.151625478767
1.0
142
4.28948646125
-0.151625478767
1.0
143
5.0
-0.150534647985
1.0
144
5.0
-0.147262155637
1.0
145
0.7141297611
0.0185441233024
1.0
146
3.45018635274
0.00763581547748
3.0
147
2.21641462059
-0.151625478767
1.0
148
3.64098288387
-0.151625478767
1.0
149
1.6518607443
-0.150534647985
1.0
150
3.28255563829
-0.0163624617374
1.0
151
4.11220862614
-0.0872664625997
1.0
152
2.92501004126
-0.131990524682
1.0
153
5.0
-0.151625478767
1.0
154
5.0
-0.0239982772149
1.0
155
5.92663431974
-0.0207257848674
2.0
156
3.6726941237
-0.00327249234749
2.0
157
3.54518064716
-0.00436332312999
2.0
158
2.51612776521
-0.0687223392973
1.0
159
2.56104891195
-0.0239982772149
2.0
160
2.7981091211
-0.00545415391248
2.0
161
1.5122205745
-0.00327249234749
1.0
162
1.7611843588
-0.0119991386075
1.0
163
1.40168015498
-0.1308996939
1.0
164
4.56957621758
-0.151625478767
1.0
165
5.0
-0.151625478767
1.0
166
4.92233184852
0.112355570597
1.0
167
1.42747140523
-0.151625478767
1.0
168
1.53905269506
-0.0872664625997
1.0
169
2.13147046515
-0.0119991386075
4.0
170
3.50042647677
-0.0730856624273
5.0
171
2.72470999927
-0.0643590161673
3.0
172
1.97183859051
-0.147262155637
1.0
173
5.0
-0.151625478767
1.0
174
1.79237330372
-0.0239982772149
1.0
175
1.74094889194
-0.0141808001725
1.0
176
1.92850689592
-0.0185441233024
1.0
177
4.30267571349
-0.151625478767
1.0
178
1.58853309509
-0.0687223392973
1.0

