0.0
-0.226335105615
-0.803031741969
-0.674932438542
0.0
0.000000000000000000e+00 

0.0
-1.0
-1.0
1.0
-0.234505430514
-0.77026094334
1.84794669677
0.0
1.000000000000000000e+00 
0.000000000000000000e+00 
0.0
-1.0
-1.0
2.0
-0.241882367696
-0.74642847536
1.8864239523
1.0
2.000000000000000000e+00 
1.000000000000000000e+00 4.010000000000000000e+02 
0.0
-1.0
-1.0
3.0
-0.251020672722
-0.716669199015
1.91580555629
1.0
3.000000000000000000e+00 4.020000000000000000e+02 
2.000000000000000000e+00 
0.0
-1.0
-1.0
4.0
-0.265675255845
-0.68044502684
1.95205852543
2.0
4.000000000000000000e+00 
3.000000000000000000e+00 4.030000000000000000e+02 
0.0
-1.0
-1.0
5.0
-0.27308191944
-0.659199825405
1.95818455282
2.0
5.000000000000000000e+00 
4.000000000000000000e+00 
0.0
-1.0
-1.0
6.0
-0.277726210655
-0.646989428969
1.96772791222
3.0
6.000000000000000000e+00 
5.000000000000000000e+00 
0.0
-1.0
-1.0
7.0
-0.290163115074
-0.616395314837
1.97632953418
3.0
7.000000000000000000e+00 4.040000000000000000e+02 
6.000000000000000000e+00 
0.0
-1.0
-1.0
8.0
-0.300464940264
-0.592961255898
1.98431717688
4.0
8.000000000000000000e+00 
7.000000000000000000e+00 
0.0
-1.0
-1.0
9.0
-0.315404450167
-0.559404739833
2.01184905324
4.0
9.000000000000000000e+00 4.070000000000000000e+02 
8.000000000000000000e+00 4.060000000000000000e+02 
0.0
-1.0
-1.0
10.0
-0.316676660254
-0.557135832414
2.02343655132
5.0
1.000000000000000000e+01 
9.000000000000000000e+00 
0.0
-1.0
-1.0
11.0
-0.331727010201
-0.52610404886
2.03643321587
6.0
1.100000000000000000e+01 
1.000000000000000000e+01 
0.0
-1.0
-1.0
12.0
-0.342777433891
-0.50417452866
2.05028773688
7.0
1.200000000000000000e+01 
1.100000000000000000e+01 
0.0
-1.0
-1.0
13.0
-0.351915939869
-0.486695286626
2.06240001499
8.0
1.300000000000000000e+01 
1.200000000000000000e+01 
0.0
-1.0
-1.0
14.0
-0.358925039549
-0.473726678486
2.07366994852
9.0
1.400000000000000000e+01 
1.300000000000000000e+01 
0.0
-1.0
-1.0
15.0
-0.36851379143
-0.456393357428
2.08584743365
10.0
1.500000000000000000e+01 
1.400000000000000000e+01 
0.0
-1.0
-1.0
16.0
-0.378300161122
-0.439323113724
2.10153236448
11.0
1.600000000000000000e+01 
1.500000000000000000e+01 
0.0
-1.0
-1.0
17.0
-0.385857556694
-0.426604502075
2.11282463315
12.0
1.700000000000000000e+01 
1.600000000000000000e+01 
0.0
-1.0
-1.0
18.0
-0.396300079182
-0.409591213541
2.12937412996
13.0
1.800000000000000000e+01 
1.700000000000000000e+01 
0.0
-1.0
-1.0
19.0
-0.407045988129
-0.392923942084
2.15378074347
14.0
1.900000000000000000e+01 
1.800000000000000000e+01 
0.0
-1.0
-1.0
20.0
-0.418253924319
-0.376540382831
2.1860943606
15.0
2.000000000000000000e+01 
1.900000000000000000e+01 
0.0
-1.0
-1.0
21.0
-0.426983052711
-0.364501621143
2.20616486672
16.0
2.100000000000000000e+01 
2.000000000000000000e+01 
0.0
-1.0
-1.0
22.0
-0.436134764345
-0.352503969576
2.23239214577
17.0
2.200000000000000000e+01 
2.100000000000000000e+01 
0.0
-1.0
-1.0
23.0
-0.451852117852
-0.333050723046
2.26822608032
18.0
2.300000000000000000e+01 
2.200000000000000000e+01 
0.0
-1.0
-1.0
24.0
-0.474802802133
-0.306852676228
2.31711655167
18.0
2.400000000000000000e+01 
2.300000000000000000e+01 
0.0
-1.0
-1.0
25.0
-0.4783706509
-0.303203270876
2.32936343995
19.0
2.500000000000000000e+01 
2.400000000000000000e+01 4.240000000000000000e+02 
0.0
-1.0
-1.0
26.0
-0.498108449958
-0.284022429044
2.36731966306
20.0
2.600000000000000000e+01 4.250000000000000000e+02 
2.500000000000000000e+01 
0.0
-1.0
-1.0
27.0
-0.51183747739
-0.271316118329
2.38321725584
21.0
2.700000000000000000e+01 4.260000000000000000e+02 
2.600000000000000000e+01 
0.0
-1.0
-1.0
28.0
-0.520056052969
-0.263725804586
2.40375936099
22.0
2.800000000000000000e+01 
2.700000000000000000e+01 4.270000000000000000e+02 
0.0
-1.0
-1.0
29.0
-0.52397952192
-0.260545752614
2.41492060174
23.0
2.900000000000000000e+01 
2.800000000000000000e+01 4.280000000000000000e+02 
0.0
-1.0
-1.0
30.0
-0.546495117583
-0.242136957148
2.45420025373
24.0
3.000000000000000000e+01 
2.900000000000000000e+01 
0.0
-1.0
-1.0
31.0
-0.561558962578
-0.230694378192
2.47541958159
25.0
3.100000000000000000e+01 4.290000000000000000e+02 
3.000000000000000000e+01 
0.0
-1.0
-1.0
32.0
-0.581515961889
-0.215443893691
2.53162145421
25.0
3.200000000000000000e+01 
3.100000000000000000e+01 
0.0
-1.0
-1.0
33.0
-0.58531062198
-0.213664865203
2.54500098198
26.0
3.300000000000000000e+01 
3.200000000000000000e+01 4.290000000000000000e+02 
0.0
-1.0
-1.0
34.0
-0.614209907926
-0.195991881225
2.59758525522
26.0
3.400000000000000000e+01 
3.300000000000000000e+01 
0.0
-1.0
-1.0
35.0
-0.622491500784
-0.191907056876
2.61972403742
27.0
3.500000000000000000e+01 
3.400000000000000000e+01 
0.0
-1.0
-1.0
36.0
-0.652516572059
-0.175760539807
2.64356709207
27.0
3.600000000000000000e+01 
3.500000000000000000e+01 
0.0
-1.0
-1.0
37.0
-0.656599587255
-0.174356077202
2.6482141828
28.0
3.700000000000000000e+01 
3.600000000000000000e+01 
0.0
-1.0
-1.0
38.0
-0.687033882183
-0.158693559741
2.65546507344
28.0
3.800000000000000000e+01 
3.700000000000000000e+01 
0.0
-1.0
-1.0
39.0
-0.691119831381
-0.157353121454
2.66011952817
29.0
3.900000000000000000e+01 4.300000000000000000e+02 
3.800000000000000000e+01 
0.0
-1.0
-1.0
40.0
-0.720357488566
-0.14228558081
2.65964205635
30.0
4.000000000000000000e+01 
3.900000000000000000e+01 4.310000000000000000e+02 
0.0
-1.0
-1.0
41.0
-0.749051754752
-0.128073221482
2.65812784774
31.0
4.100000000000000000e+01 
4.000000000000000000e+01 
0.0
-1.0
-1.0
42.0
-0.770891729157
-0.117117417764
2.65064538605
32.0
4.200000000000000000e+01 4.320000000000000000e+02 
4.100000000000000000e+01 
0.0
-1.0
-1.0
43.0
-0.799788185831
-0.10125706342
2.62915438406
33.0
4.300000000000000000e+01 
4.200000000000000000e+01 4.330000000000000000e+02 
0.0
-1.0
-1.0
44.0
-0.811150335832
-0.0960614305255
2.63253876004
34.0
4.400000000000000000e+01 
4.300000000000000000e+01 
0.0
-1.0
-1.0
45.0
-0.823814934647
-0.0896219792379
2.62671689438
35.0
4.500000000000000000e+01 
4.400000000000000000e+01 
0.0
-1.0
-1.0
46.0
-0.836397599151
-0.0831253621673
2.61919711924
36.0
4.600000000000000000e+01 4.340000000000000000e+02 
4.500000000000000000e+01 
0.0
-1.0
-1.0
47.0
-0.865466533839
-0.0649462285575
2.59873933482
37.0
4.700000000000000000e+01 4.360000000000000000e+02 
4.600000000000000000e+01 4.350000000000000000e+02 5.430000000000000000e+02 
0.0
-1.0
-1.0
48.0
-0.886523908173
-0.055161736659
2.59098829524
38.0
4.800000000000000000e+01 5.450000000000000000e+02 
4.700000000000000000e+01 4.370000000000000000e+02 
0.0
-1.0
-1.0
49.0
-0.897639497624
-0.0492860382325
2.62874627799
39.0
4.900000000000000000e+01 4.380000000000000000e+02 
4.800000000000000000e+01 
0.0
-1.0
-1.0
50.0
-0.917805266355
-0.0349479094724
2.617092172
40.0
5.000000000000000000e+01 
4.900000000000000000e+01 
0.0
-1.0
-1.0
51.0
-0.932385576836
-0.0259325088365
2.61715313517
41.0
5.100000000000000000e+01 
5.000000000000000000e+01 
0.0
-1.0
-1.0
52.0
-0.94684230845
-0.0169891908911
2.6181157982
42.0
5.200000000000000000e+01 
5.100000000000000000e+01 
0.0
-1.0
-1.0
53.0
-0.961286443479
-0.00801029525531
2.6173301024
43.0
5.300000000000000000e+01 
5.200000000000000000e+01 
0.0
-1.0
-1.0
54.0
-0.969971815844
-0.00214645889631
2.59819599018
44.0
5.400000000000000000e+01 
5.300000000000000000e+01 
0.0
-1.0
-1.0
55.0
-0.982517709985
0.00671031204439
2.57031340512
45.0
5.500000000000000000e+01 
5.400000000000000000e+01 
0.0
-1.0
-1.0
56.0
-0.992431283455
0.0139411304887
2.56603229191
46.0
5.600000000000000000e+01 
5.500000000000000000e+01 
0.0
-1.0
-1.0
57.0
-1.00239838339
0.0211925688104
2.57310259644
47.0
5.700000000000000000e+01 
5.600000000000000000e+01 
0.0
-1.0
-1.0
58.0
-1.00802985244
0.0254893425922
2.58367426579
48.0
5.800000000000000000e+01 
5.700000000000000000e+01 
0.0
-1.0
-1.0
59.0
-1.01377927135
0.0297970717332
2.58899724821
49.0
5.900000000000000000e+01 
5.800000000000000000e+01 
0.0
-1.0
-1.0
60.0
-1.0195321479
0.0341106284366
2.5864714932
50.0
6.000000000000000000e+01 
5.900000000000000000e+01 
0.0
-1.0
-1.0
61.0
-1.02518747974
0.0384030036956
2.58219695147
51.0
6.100000000000000000e+01 
6.000000000000000000e+01 
0.0
-1.0
-1.0
62.0
-1.03097131704
0.0427837286311
2.58142357499
52.0
6.200000000000000000e+01 
6.100000000000000000e+01 
0.0
-1.0
-1.0
63.0
-1.04093524487
0.0498267266515
2.57715131694
53.0
6.300000000000000000e+01 
6.200000000000000000e+01 
0.0
-1.0
-1.0
64.0
-1.04667883378
0.0543854634933
2.5615301318
54.0
6.400000000000000000e+01 
6.300000000000000000e+01 
0.0
-1.0
-1.0
65.0
-1.05629146332
0.0617156738483
2.54675997529
55.0
6.500000000000000000e+01 
6.400000000000000000e+01 
0.0
-1.0
-1.0
66.0
-1.06180678146
0.0665444914794
2.52414080443
56.0
6.600000000000000000e+01 
6.500000000000000000e+01 
0.0
-1.0
-1.0
67.0
-1.0711528359
0.0745334933817
2.4945225775
57.0
6.700000000000000000e+01 
6.600000000000000000e+01 
0.0
-1.0
-1.0
68.0
-1.07631988503
0.0796867832127
2.47890525407
58.0
6.800000000000000000e+01 
6.700000000000000000e+01 
0.0
-1.0
-1.0
69.0
-1.08147234824
0.0850294419366
2.46498879501
59.0
6.900000000000000000e+01 
6.800000000000000000e+01 
0.0
-1.0
-1.0
70.0
-1.08654762315
0.0904759020055
2.45282316248
60.0
7.000000000000000000e+01 
6.900000000000000000e+01 
0.0
-1.0
-1.0
71.0
-1.0876575872
0.092722669704
2.44765831994
61.0
7.100000000000000000e+01 
7.000000000000000000e+01 
0.0
-1.0
-1.0
72.0
-1.09263965773
0.0982966542343
2.43554423214
62.0
7.200000000000000000e+01 
7.100000000000000000e+01 
0.0
-1.0
-1.0
73.0
-1.0975041333
0.103938557427
2.42168086514
63.0
7.300000000000000000e+01 
7.200000000000000000e+01 
0.0
-1.0
-1.0
74.0
-1.10226404714
0.109555449638
2.41916818631
64.0
7.400000000000000000e+01 
7.300000000000000000e+01 
0.0
-1.0
-1.0
75.0
-1.10706961131
0.115353928926
2.40440616432
65.0
7.500000000000000000e+01 
7.400000000000000000e+01 
0.0
-1.0
-1.0
76.0
-1.11175311207
0.121145373678
2.40099476915
66.0
7.600000000000000000e+01 
7.500000000000000000e+01 
0.0
-1.0
-1.0
77.0
-1.11654032341
0.127052329605
2.39933397207
67.0
7.700000000000000000e+01 
7.600000000000000000e+01 
0.0
-1.0
-1.0
78.0
-1.12111571717
0.132826917572
2.39422374566
68.0
7.800000000000000000e+01 
7.700000000000000000e+01 
0.0
-1.0
-1.0
79.0
-1.12590140051
0.138822384001
2.39256406381
69.0
7.900000000000000000e+01 
7.800000000000000000e+01 
0.0
-1.0
-1.0
80.0
-1.12693868247
0.141365880175
2.39090490172
70.0
8.000000000000000000e+01 
7.900000000000000000e+01 
0.0
-1.0
-1.0
81.0
-1.12492281855
0.141029693549
2.53844623585
71.0
8.100000000000000000e+01 
8.000000000000000000e+01 
0.0
-1.0
-1.0
82.0
-1.12233656703
0.140213185448
2.63103804401
72.0
8.200000000000000000e+01 
8.100000000000000000e+01 
0.0
-1.0
-1.0
83.0
-1.11975383592
0.139398935622
2.72623030528
73.0
8.300000000000000000e+01 
8.200000000000000000e+01 
0.0
-1.0
-1.0
84.0
-1.11712788527
0.138569047719
2.82317300002
74.0
8.400000000000000000e+01 
8.300000000000000000e+01 
0.0
-1.0
-1.0
85.0
-1.11464963081
0.137781169145
2.9174661099
75.0
8.500000000000000000e+01 
8.400000000000000000e+01 
0.0
-1.0
-1.0
86.0
-1.11202734494
0.136969722963
3.06065961789
76.0
8.600000000000000000e+01 
8.500000000000000000e+01 
0.0
-1.0
-1.0
87.0
-1.10940826942
0.136165272173
-3.12648179896
77.0
8.700000000000000000e+01 
8.600000000000000000e+01 
0.0
-1.0
-1.0
88.0
-1.10689239824
0.135358847284
-3.03213754078
78.0
8.800000000000000000e+01 
8.700000000000000000e+01 
0.0
-1.0
-1.0
89.0
-1.10437928615
0.134549905986
-2.93779292793
79.0
8.900000000000000000e+01 
8.800000000000000000e+01 
0.0
-1.0
-1.0
90.0
-1.10182006258
0.133751043163
-2.89059797233
80.0
9.000000000000000000e+01 
8.900000000000000000e+01 
0.0
-1.0
-1.0
91.0
-1.09922401898
0.132984256147
-2.50310268464
81.0
9.100000000000000000e+01 
9.000000000000000000e+01 
0.0
-1.0
-1.0
92.0
-1.09667123428
0.132189669073
-2.41055707424
82.0
9.200000000000000000e+01 
9.100000000000000000e+01 
0.0
-1.0
-1.0
93.0
-1.0941570971
0.131361951675
-2.31361114923
83.0
9.300000000000000000e+01 
9.200000000000000000e+01 
0.0
-1.0
-1.0
94.0
-1.09157875481
0.130610082766
-2.26641491646
84.0
9.400000000000000000e+01 
9.300000000000000000e+01 
0.0
-1.0
-1.0
95.0
-1.08903548465
0.129821823906
-2.21746838152
85.0
9.500000000000000000e+01 
9.400000000000000000e+01 
0.0
-1.0
-1.0
96.0
-1.08643914143
0.129118355286
-2.17112154873
86.0
9.600000000000000000e+01 
9.500000000000000000e+01 
0.0
-1.0
-1.0
97.0
-1.08390215255
0.128334264334
-2.12302442118
87.0
9.700000000000000000e+01 
9.600000000000000000e+01 
0.0
-1.0
-1.0
98.0
-1.08136829451
0.127552243612
-2.07842700069
88.0
9.800000000000000000e+01 
9.700000000000000000e+01 
0.0
-1.0
-1.0
99.0
-1.07888185889
0.126682629657
-2.03297928783
89.0
9.900000000000000000e+01 
9.800000000000000000e+01 
0.0
-1.0
-1.0
100.0
-1.07635425742
0.125904724553
-1.98663128193
90.0
1.000000000000000000e+02 
9.900000000000000000e+01 
0.0
-1.0
-1.0
101.0
-1.0738297875
0.125128865914
-1.88883298109
91.0
1.010000000000000000e+02 
1.000000000000000000e+02 
0.0
-1.0
-1.0
102.0
-1.07130845517
0.124355046893
-1.79188438214
92.0
1.020000000000000000e+02 
1.010000000000000000e+02 
0.0
-1.0
-1.0
103.0
-1.06879026934
0.123583261184
-1.74643548071
93.0
1.030000000000000000e+02 
1.020000000000000000e+02 
0.0
-1.0
-1.0
104.0
-1.0662752418
0.122813503025
-1.69923627118
94.0
1.040000000000000000e+02 
1.030000000000000000e+02 
0.0
-1.0
-1.0
105.0
-1.06406228361
0.117505595297
-1.63983674669
95.0
1.050000000000000000e+02 
1.040000000000000000e+02 
0.0
-1.0
-1.0
106.0
-1.06200800587
0.106199863152
-1.61093689916
96.0
1.060000000000000000e+02 
1.050000000000000000e+02 
0.0
-1.0
-1.0
107.0
-1.0596118638
0.0996382761569
-1.3735867193
97.0
1.070000000000000000e+02 
1.060000000000000000e+02 
0.0
-1.0
-1.0
108.0
-1.05332072972
0.0851402776336
-1.29493619658
98.0
1.080000000000000000e+02 
1.070000000000000000e+02 
0.0
-1.0
-1.0
109.0
-1.04554590571
0.0650448211909
-1.35243531926
99.0
1.090000000000000000e+02 
1.080000000000000000e+02 
0.0
-1.0
-1.0
110.0
-1.04093110165
0.0509092224366
-1.45443407439
100.0
1.100000000000000000e+02 
1.090000000000000000e+02 
0.0
-1.0
-1.0
111.0
-1.03759182534
0.0366337862074
-1.54333244779
101.0
1.110000000000000000e+02 
1.100000000000000000e+02 
0.0
-1.0
-1.0
112.0
-1.03550548399
0.0224906852454
-1.63833042408
102.0
1.120000000000000000e+02 
1.110000000000000000e+02 
0.0
-1.0
-1.0
113.0
-1.03368077692
0.0151727449961
-1.68707798669
103.0
1.130000000000000000e+02 
1.120000000000000000e+02 
0.0
-1.0
-1.0
114.0
-1.03344020105
0.00126682954088
-1.77597511782
104.0
1.140000000000000000e+02 
1.130000000000000000e+02 
0.0
-1.0
-1.0
115.0
-1.03441254921
-0.012683512438
-1.86137179849
105.0
1.150000000000000000e+02 
1.140000000000000000e+02 
0.0
-1.0
-1.0
116.0
-1.03654284563
-0.0260612291709
-1.95811800852
106.0
1.160000000000000000e+02 
1.150000000000000000e+02 
0.0
-1.0
-1.0
117.0
-1.03986037936
-0.0389402565403
-2.05311372654
107.0
1.170000000000000000e+02 
1.160000000000000000e+02 
0.0
-1.0
-1.0
118.0
-1.04246396409
-0.0484140908247
-2.12280893
108.0
1.180000000000000000e+02 
1.170000000000000000e+02 
0.0
-1.0
-1.0
119.0
-1.04867010175
-0.0615720743549
-2.20560359515
109.0
1.190000000000000000e+02 
1.180000000000000000e+02 
0.0
-1.0
-1.0
120.0
-1.06637446016
-0.0884070660745
-2.30239769708
109.0
1.200000000000000000e+02 
1.190000000000000000e+02 
0.0
-1.0
-1.0
121.0
-1.06855464815
-0.0939774788383
-2.35114120971
110.0
1.210000000000000000e+02 
1.200000000000000000e+02 
0.0
-1.0
-1.0
122.0
-1.07722859946
-0.104764016407
-2.43128410578
111.0
1.220000000000000000e+02 
1.210000000000000000e+02 
0.0
-1.0
-1.0
123.0
-1.09503992227
-0.122492505167
-2.48532635687
112.0
1.230000000000000000e+02 
1.220000000000000000e+02 
0.0
-1.0
-1.0
124.0
-1.10501498136
-0.131803132084
-2.55851793342
113.0
1.240000000000000000e+02 
1.230000000000000000e+02 
0.0
-1.0
-1.0
125.0
-1.12638969979
-0.147411936231
-2.65090880472
114.0
1.250000000000000000e+02 
1.240000000000000000e+02 
0.0
-1.0
-1.0
126.0
-1.13287123131
-0.152428847061
-2.7188489389
115.0
1.260000000000000000e+02 
1.250000000000000000e+02 
0.0
-1.0
-1.0
127.0
-1.16098734315
-0.166232052073
-2.80953830298
115.0
1.270000000000000000e+02 4.530000000000000000e+02 
1.260000000000000000e+02 4.520000000000000000e+02 
0.0
-1.0
-1.0
128.0
-1.16516115674
-0.181901857357
-2.70269242268
116.0
1.280000000000000000e+02 
1.270000000000000000e+02 
0.0
-1.0
-1.0
129.0
-1.19594185715
-0.201833633202
-2.67446313619
116.0
1.290000000000000000e+02 
1.280000000000000000e+02 4.540000000000000000e+02 
0.0
-1.0
-1.0
130.0
-1.19981332058
-0.215457121088
-2.75228749681
117.0
1.300000000000000000e+02 
1.290000000000000000e+02 
0.0
-1.0
-1.0
131.0
-1.22687958935
-0.234002459691
-2.81953412789
117.0
1.310000000000000000e+02 
1.300000000000000000e+02 
0.0
-1.0
-1.0
132.0
-1.23375456083
-0.245299538455
-2.83528019899
118.0
1.320000000000000000e+02 
1.310000000000000000e+02 
0.0
-1.0
-1.0
133.0
-1.2597120919
-0.261715380897
-2.86407574173
118.0
1.330000000000000000e+02 4.550000000000000000e+02 
1.320000000000000000e+02 
0.0
-1.0
-1.0
134.0
-1.28123725652
-0.267561876195
-2.89207974006
119.0
1.340000000000000000e+02 
1.330000000000000000e+02 
0.0
-1.0
-1.0
135.0
-1.31005062889
-0.27852258123
-2.92262873222
119.0
1.350000000000000000e+02 
1.340000000000000000e+02 4.560000000000000000e+02 
0.0
-1.0
-1.0
136.0
-1.32471030805
-0.293841536958
-2.94091723922
120.0
1.360000000000000000e+02 
1.350000000000000000e+02 
0.0
-1.0
-1.0
137.0
-1.35156918968
-0.306883392534
-2.96271030569
120.0
1.370000000000000000e+02 
1.360000000000000000e+02 
0.0
-1.0
-1.0
138.0
-1.36387322664
-0.316962365817
-2.97230295052
121.0
1.380000000000000000e+02 
1.370000000000000000e+02 
0.0
-1.0
-1.0
139.0
-1.3907510277
-0.329003788456
-2.98709519768
121.0
1.390000000000000000e+02 
1.380000000000000000e+02 
0.0
-1.0
-1.0
140.0
-1.40301612287
-0.338715850922
-2.98968707008
122.0
1.400000000000000000e+02 
1.390000000000000000e+02 
0.0
-1.0
-1.0
141.0
-1.4302180034
-0.350304944638
-2.99312858958
122.0
1.410000000000000000e+02 4.570000000000000000e+02 
1.400000000000000000e+02 
0.0
-1.0
-1.0
142.0
-1.46032334546
-0.358614524097
-2.96829983668
123.0
1.420000000000000000e+02 5.510000000000000000e+02 
1.410000000000000000e+02 4.580000000000000000e+02 
0.0
-1.0
-1.0
143.0
-1.4727122928
-0.359753127314
-3.03638275954
123.0
1.430000000000000000e+02 4.590000000000000000e+02 
1.420000000000000000e+02 
0.0
-1.0
-1.0
144.0
-1.49827745151
-0.360110190741
-3.01988759436
124.0
1.440000000000000000e+02 
1.430000000000000000e+02 
0.0
-1.0
-1.0
145.0
-1.53364403139
-0.364827994192
-3.00027410835
125.0
1.450000000000000000e+02 
1.440000000000000000e+02 
0.0
-1.0
-1.0
146.0
-1.56358929223
-0.369718548491
-2.96926020087
126.0
1.460000000000000000e+02 
1.450000000000000000e+02 
0.0
-1.0
-1.0
147.0
-1.57401947849
-0.371906203746
-2.95219585323
127.0
1.470000000000000000e+02 
1.460000000000000000e+02 
0.0
-1.0
-1.0
148.0
-1.59410877446
-0.376300988575
-2.92118104559
128.0
1.480000000000000000e+02 
1.470000000000000000e+02 
0.0
-1.0
-1.0
149.0
-1.60930178289
-0.380163988217
-2.892765757
129.0
1.490000000000000000e+02 
1.480000000000000000e+02 
0.0
-1.0
-1.0
150.0
-1.61942760743
-0.383077748147
-2.87044996537
130.0
1.500000000000000000e+02 
1.490000000000000000e+02 
0.0
-1.0
-1.0
151.0
-1.62489260407
-0.384852081821
-2.85778364746
131.0
1.510000000000000000e+02 
1.500000000000000000e+02 
0.0
-1.0
-1.0
152.0
-1.63513190127
-0.388126261429
-2.83811677885
132.0
1.520000000000000000e+02 
1.510000000000000000e+02 
0.0
-1.0
-1.0
153.0
-1.64055402581
-0.390066633588
-2.82284933397
133.0
1.530000000000000000e+02 
1.520000000000000000e+02 
0.0
-1.0
-1.0
154.0
-1.6409811027
-0.390401791913
-2.67233128606
134.0
1.540000000000000000e+02 
1.530000000000000000e+02 
0.0
-1.0
-1.0
155.0
-1.65005310965
-0.395758708254
-2.59156260719
135.0
1.550000000000000000e+02 
1.540000000000000000e+02 
0.0
-1.0
-1.0
156.0
-1.65915473614
-0.401458786647
-2.5666932682
136.0
1.560000000000000000e+02 
1.550000000000000000e+02 
0.0
-1.0
-1.0
157.0
-1.66823464982
-0.407474660341
-2.53917323874
137.0
1.570000000000000000e+02 
1.560000000000000000e+02 
0.0
-1.0
-1.0
158.0
-1.67298344467
-0.410707749998
-2.52475248725
138.0
1.580000000000000000e+02 
1.570000000000000000e+02 
0.0
-1.0
-1.0
159.0
-1.68164346096
-0.416901580135
-2.49983098094
139.0
1.590000000000000000e+02 
1.580000000000000000e+02 
0.0
-1.0
-1.0
160.0
-1.69016941919
-0.423281589562
-2.47490868576
140.0
1.600000000000000000e+02 
1.590000000000000000e+02 
0.0
-1.0
-1.0
161.0
-1.69178319668
-0.424465428462
-2.37323556647
141.0
1.610000000000000000e+02 
1.600000000000000000e+02 
0.0
-1.0
-1.0
162.0
-1.69255747443
-0.424943091191
-2.27156158653
142.0
1.620000000000000000e+02 
1.610000000000000000e+02 
0.0
-1.0
-1.0
163.0
-1.70549399655
-0.440537946929
-2.22403670817
143.0
1.630000000000000000e+02 
1.620000000000000000e+02 
0.0
-1.0
-1.0
164.0
-1.72367858851
-0.465447558079
-2.14851089235
144.0
1.640000000000000000e+02 
1.630000000000000000e+02 
0.0
-1.0
-1.0
165.0
-1.73485569314
-0.482724353567
-2.09918409875
145.0
1.650000000000000000e+02 
1.640000000000000000e+02 
0.0
-1.0
-1.0
166.0
-1.74520256231
-0.500434419488
-2.0516062858
146.0
1.660000000000000000e+02 
1.650000000000000000e+02 
0.0
-1.0
-1.0
167.0
-1.75464784803
-0.518674638975
-1.99792741063
147.0
1.670000000000000000e+02 
1.660000000000000000e+02 
0.0
-1.0
-1.0
168.0
-1.76510245943
-0.541841818171
-1.94249742908
148.0
1.680000000000000000e+02 
1.670000000000000000e+02 
0.0
-1.0
-1.0
169.0
-1.77721662811
-0.575132335724
-1.86346629571
148.0
1.690000000000000000e+02 
1.680000000000000000e+02 
0.0
-1.0
-1.0
170.0
-1.77937060272
-0.580339841181
-1.84378396379
149.0
1.700000000000000000e+02 
1.690000000000000000e+02 
0.0
-1.0
-1.0
171.0
-1.7878906847
-0.614716998909
-1.76380038528
149.0
1.710000000000000000e+02 
1.700000000000000000e+02 
0.0
-1.0
-1.0
172.0
-1.79057336461
-0.624941870162
-1.75026551086
150.0
1.720000000000000000e+02 
1.710000000000000000e+02 
0.0
-1.0
-1.0
173.0
-1.79692109461
-0.659651698876
-1.7017792899
151.0
1.730000000000000000e+02 
1.720000000000000000e+02 
0.0
-1.0
-1.0
174.0
-1.80299909871
-0.692920934172
-1.79469167049
152.0
1.740000000000000000e+02 
1.730000000000000000e+02 
0.0
-1.0
-1.0
175.0
-1.8109577313
-0.72071270382
-1.81430259942
153.0
1.750000000000000000e+02 
1.740000000000000000e+02 
0.0
-1.0
-1.0
176.0
-1.81885899202
-0.750018976763
-1.80166202217
154.0
1.760000000000000000e+02 
1.750000000000000000e+02 
0.0
-1.0
-1.0
177.0
-1.82478257942
-0.769868065893
-1.86226988295
155.0
1.770000000000000000e+02 
1.760000000000000000e+02 
0.0
-1.0
-1.0
178.0
-1.83137202461
-0.789226507427
-1.85742612469
156.0
1.780000000000000000e+02 
1.770000000000000000e+02 
0.0
-1.0
-1.0
179.0
-1.83645602856
-0.803977612812
-1.85253068902
157.0
1.790000000000000000e+02 
1.780000000000000000e+02 
0.0
-1.0
-1.0
180.0
-1.84326728493
-0.823162891544
-1.91663351632
158.0
1.800000000000000000e+02 
1.790000000000000000e+02 
0.0
-1.0
-1.0
181.0
-1.85061626419
-0.842020542932
-1.89523454571
159.0
1.810000000000000000e+02 
1.800000000000000000e+02 
0.0
-1.0
-1.0
182.0
-1.85613924206
-0.856488849141
-1.88343371505
160.0
1.820000000000000000e+02 
1.810000000000000000e+02 
0.0
-1.0
-1.0
183.0
-1.86160084543
-0.871193004842
-1.87513096096
161.0
1.830000000000000000e+02 
1.820000000000000000e+02 
0.0
-1.0
-1.0
184.0
-1.8669435576
-0.885835352769
-1.86852621884
162.0
1.840000000000000000e+02 
1.830000000000000000e+02 
0.0
-1.0
-1.0
185.0
-1.87370362275
-0.905173709716
-1.86541942287
163.0
1.850000000000000000e+02 
1.840000000000000000e+02 
0.0
-1.0
-1.0
186.0
-1.88053428858
-0.924599814927
-1.87011050606
164.0
1.860000000000000000e+02 
1.850000000000000000e+02 
0.0
-1.0
-1.0
187.0
-1.88739558957
-0.943916629081
-1.87304940021
165.0
1.870000000000000000e+02 
1.860000000000000000e+02 
0.0
-1.0
-1.0
188.0
-1.89432394352
-0.963164864142
-1.87603603598
166.0
1.880000000000000000e+02 
1.870000000000000000e+02 
0.0
-1.0
-1.0
189.0
-1.8998757104
-0.977976587256
-1.8824703429
167.0
1.890000000000000000e+02 
1.880000000000000000e+02 
0.0
-1.0
-1.0
190.0
-1.90387294974
-0.987831274948
-1.8863522494
168.0
1.900000000000000000e+02 
1.890000000000000000e+02 
0.0
-1.0
-1.0
191.0
-1.9094663847
-1.00243024567
-1.88758168278
169.0
1.910000000000000000e+02 
1.900000000000000000e+02 
0.0
-1.0
-1.0
192.0
-1.91518478276
-1.01699280832
-1.89750856933
170.0
1.920000000000000000e+02 
1.910000000000000000e+02 
0.0
-1.0
-1.0
193.0
-1.92089392507
-1.03145904249
-1.8978828343
171.0
1.930000000000000000e+02 
1.920000000000000000e+02 
0.0
-1.0
-1.0
194.0
-1.92674080955
-1.04604249317
-1.90260440191
172.0
1.940000000000000000e+02 
1.930000000000000000e+02 
0.0
-1.0
-1.0
195.0
-1.93088074797
-1.05577360117
-1.89947319546
173.0
1.950000000000000000e+02 
1.940000000000000000e+02 
0.0
-1.0
-1.0
196.0
-1.93347214959
-1.06107375885
-1.9006891373
174.0
1.960000000000000000e+02 
1.950000000000000000e+02 
0.0
-1.0
-1.0
197.0
-1.93936464321
-1.07555477543
-1.90805214888
175.0
1.970000000000000000e+02 
1.960000000000000000e+02 
0.0
-1.0
-1.0
198.0
-1.94533427284
-1.09012141262
-1.90926215082
176.0
1.980000000000000000e+02 
1.970000000000000000e+02 
0.0
-1.0
-1.0
199.0
-1.95138032181
-1.10472064509
-1.91306906292
177.0
1.990000000000000000e+02 
1.980000000000000000e+02 
0.0
-1.0
-1.0
200.0
-1.95743237916
-1.11927163412
-1.91602280421
178.0
2.000000000000000000e+02 
1.990000000000000000e+02 
0.0
-1.0
-1.0
201.0
-1.96184272898
-1.12915965385
-1.917223293
179.0
2.010000000000000000e+02 
2.000000000000000000e+02 
0.0
-1.0
-1.0
202.0
-1.96798606672
-1.14363842354
-1.92367044694
180.0
2.020000000000000000e+02 
2.010000000000000000e+02 
0.0
-1.0
-1.0
203.0
-1.97412671147
-1.15796577747
-1.92396418305
181.0
2.030000000000000000e+02 
2.020000000000000000e+02 
0.0
-1.0
-1.0
204.0
-1.98033075688
-1.17243734852
-1.92335441778
182.0
2.040000000000000000e+02 
2.030000000000000000e+02 
0.0
-1.0
-1.0
205.0
-1.98830414175
-1.19148626054
-1.92799106707
183.0
2.050000000000000000e+02 
2.040000000000000000e+02 
0.0
-1.0
-1.0
206.0
-1.99455013174
-1.20595796644
-1.9256740464
184.0
2.060000000000000000e+02 
2.050000000000000000e+02 
0.0
-1.0
-1.0
207.0
-2.00078355287
-1.22033566589
-1.92685327086
185.0
2.070000000000000000e+02 
2.060000000000000000e+02 
0.0
-1.0
-1.0
208.0
-2.00710466777
-1.23495581493
-1.9253786552
186.0
2.080000000000000000e+02 
2.070000000000000000e+02 
0.0
-1.0
-1.0
209.0
-2.01510041984
-1.25408289836
-1.9230501139
187.0
2.090000000000000000e+02 
2.080000000000000000e+02 
0.0
-1.0
-1.0
210.0
-2.02314431892
-1.27346754031
-1.92161756122
188.0
2.100000000000000000e+02 
2.090000000000000000e+02 
0.0
-1.0
-1.0
211.0
-2.02931841811
-1.28795497162
-1.9157809113
189.0
2.110000000000000000e+02 
2.100000000000000000e+02 
0.0
-1.0
-1.0
212.0
-2.0354922772
-1.30250457953
-1.9169400782
190.0
2.120000000000000000e+02 
2.110000000000000000e+02 6.610000000000000000e+02 
0.0
-1.0
-1.0
213.0
-2.03274618921
-1.30253836457
-1.91494548373
191.0
2.130000000000000000e+02 6.640000000000000000e+02 
2.120000000000000000e+02 6.630000000000000000e+02 
0.0
-1.0
-1.0
214.0
-2.03615822765
-1.31190275506
-1.91191936559
192.0
2.140000000000000000e+02 
2.130000000000000000e+02 
0.0
-1.0
-1.0
215.0
-2.03762712461
-1.31799445312
-1.89165227688
193.0
2.150000000000000000e+02 
2.140000000000000000e+02 6.650000000000000000e+02 
0.0
-1.0
-1.0
216.0
-2.03881277336
-1.3265973585
-1.87878125213
194.0
2.160000000000000000e+02 
2.150000000000000000e+02 
0.0
-1.0
-1.0
217.0
-2.04157899485
-1.3390116277
-1.87440517559
195.0
2.170000000000000000e+02 
2.160000000000000000e+02 
0.0
-1.0
-1.0
218.0
-2.04265646525
-1.34651514023
-1.86657425556
196.0
2.180000000000000000e+02 
2.170000000000000000e+02 
0.0
-1.0
-1.0
219.0
-2.0465734794
-1.36361661924
-1.8586883706
197.0
2.190000000000000000e+02 
2.180000000000000000e+02 
0.0
-1.0
-1.0
220.0
-2.04880173178
-1.37606552261
-1.84209740058
198.0
2.200000000000000000e+02 
2.190000000000000000e+02 
0.0
-1.0
-1.0
221.0
-2.05213179523
-1.3934601977
-1.82815122684
199.0
2.210000000000000000e+02 
2.200000000000000000e+02 
0.0
-1.0
-1.0
222.0
-2.0525629928
-1.40123686762
-1.81769973232
200.0
2.220000000000000000e+02 
2.210000000000000000e+02 
0.0
-1.0
-1.0
223.0
-2.05277484938
-1.4091290173
-1.79409280182
201.0
2.230000000000000000e+02 
2.220000000000000000e+02 
0.0
-1.0
-1.0
224.0
-2.05272190515
-1.41698963136
-1.78008032214
202.0
2.240000000000000000e+02 6.660000000000000000e+02 
2.230000000000000000e+02 
0.0
-1.0
-1.0
225.0
-2.06264359999
-1.44083316198
-1.76068122342
203.0
2.250000000000000000e+02 
2.240000000000000000e+02 
0.0
-1.0
-1.0
226.0
-2.06797526743
-1.46169033129
-1.72649166637
204.0
2.260000000000000000e+02 
2.250000000000000000e+02 
0.0
-1.0
-1.0
227.0
-2.07192100036
-1.47751553898
-1.70189606653
205.0
2.270000000000000000e+02 
2.260000000000000000e+02 
0.0
-1.0
-1.0
228.0
-2.07546468568
-1.49350317868
-1.67024427987
206.0
2.280000000000000000e+02 
2.270000000000000000e+02 
0.0
-1.0
-1.0
229.0
-2.07813085685
-1.50466407283
-1.64388616608
207.0
2.290000000000000000e+02 
2.280000000000000000e+02 
0.0
-1.0
-1.0
230.0
-2.08059863438
-1.515847846
-1.62362158881
208.0
2.300000000000000000e+02 
2.290000000000000000e+02 
0.0
-1.0
-1.0
231.0
-2.082840379
-1.52715149985
-1.59815041605
209.0
2.310000000000000000e+02 
2.300000000000000000e+02 
0.0
-1.0
-1.0
232.0
-2.08476640838
-1.53347036746
-1.58227252036
210.0
2.320000000000000000e+02 
2.310000000000000000e+02 
0.0
-1.0
-1.0
233.0
-2.08661141426
-1.54464721613
-1.55673777921
211.0
2.330000000000000000e+02 
2.320000000000000000e+02 
0.0
-1.0
-1.0
234.0
-2.0884270858
-1.54658226945
-1.45009607526
212.0
2.340000000000000000e+02 
2.330000000000000000e+02 
0.0
-1.0
-1.0
235.0
-2.09024277831
-1.54807176886
-1.34344729663
213.0
2.350000000000000000e+02 
2.340000000000000000e+02 
0.0
-1.0
-1.0
236.0
-2.08967824454
-1.5592280294
-1.31269133722
214.0
2.360000000000000000e+02 
2.350000000000000000e+02 
0.0
-1.0
-1.0
237.0
-2.08893670965
-1.57013742174
-1.28802809697
215.0
2.370000000000000000e+02 
2.360000000000000000e+02 
0.0
-1.0
-1.0
238.0
-2.08800837522
-1.58089530142
-1.26680748213
216.0
2.380000000000000000e+02 
2.370000000000000000e+02 
0.0
-1.0
-1.0
239.0
-2.08681732195
-1.59173412481
-1.24297940553
217.0
2.390000000000000000e+02 
2.380000000000000000e+02 
0.0
-1.0
-1.0
240.0
-2.08531816032
-1.60263212306
-1.21309378685
218.0
2.400000000000000000e+02 
2.390000000000000000e+02 
0.0
-1.0
-1.0
241.0
-2.08357100626
-1.61328284629
-1.18225055289
219.0
2.410000000000000000e+02 
2.400000000000000000e+02 
0.0
-1.0
-1.0
242.0
-2.0850708633
-1.61548870538
-1.11304963777
220.0
2.420000000000000000e+02 
2.410000000000000000e+02 
0.0
-1.0
-1.0
243.0
-2.08689398209
-1.61702245137
-1.00804098324
221.0
2.430000000000000000e+02 
2.420000000000000000e+02 
0.0
-1.0
-1.0
244.0
-2.08876952839
-1.61847551235
-0.954524538877
222.0
2.440000000000000000e+02 
2.430000000000000000e+02 
0.0
-1.0
-1.0
245.0
-2.0822940374
-1.63129243157
-0.91490026231
223.0
2.450000000000000000e+02 
2.440000000000000000e+02 
0.0
-1.0
-1.0
246.0
-2.07149835329
-1.64848255974
-0.863968119466
224.0
2.460000000000000000e+02 
2.450000000000000000e+02 
0.0
-1.0
-1.0
247.0
-2.06687968044
-1.65735206127
-0.833978084766
225.0
2.470000000000000000e+02 
2.460000000000000000e+02 
0.0
-1.0
-1.0
248.0
-2.05168232121
-1.67666454146
-0.773480141338
226.0
2.480000000000000000e+02 
2.470000000000000000e+02 
0.0
-1.0
-1.0
249.0
-2.03181037018
-1.69805899296
-0.708574281211
227.0
2.490000000000000000e+02 
2.480000000000000000e+02 
0.0
-1.0
-1.0
250.0
-2.01427487265
-1.71535749678
-0.651510505502
228.0
2.500000000000000000e+02 
2.490000000000000000e+02 
0.0
-1.0
-1.0
251.0
-1.98794066667
-1.73719533969
-0.5873888246
229.0
2.510000000000000000e+02 
2.500000000000000000e+02 
0.0
-1.0
-1.0
252.0
-1.96068472456
-1.75751275531
-0.544259258327
229.0
2.520000000000000000e+02 
2.510000000000000000e+02 
0.0
-1.0
-1.0
253.0
-1.95835326098
-1.76159126925
-0.534321836107
230.0
2.530000000000000000e+02 
2.520000000000000000e+02 
0.0
-1.0
-1.0
254.0
-1.92995349697
-1.78031901477
-0.491176597107
231.0
2.540000000000000000e+02 
2.530000000000000000e+02 
0.0
-1.0
-1.0
255.0
-1.90113946205
-1.79808952926
-0.469023590385
231.0
2.550000000000000000e+02 
2.540000000000000000e+02 
0.0
-1.0
-1.0
256.0
-1.89409708392
-1.80419737021
-0.460812875012
232.0
2.560000000000000000e+02 
2.550000000000000000e+02 
0.0
-1.0
-1.0
257.0
-1.87388451533
-1.81672865861
-0.445644520193
233.0
2.570000000000000000e+02 
2.560000000000000000e+02 
0.0
-1.0
-1.0
258.0
-1.85356450496
-1.82881498854
-0.427768605373
234.0
2.580000000000000000e+02 
2.570000000000000000e+02 
0.0
-1.0
-1.0
259.0
-1.82830956566
-1.84262397719
-0.402985220333
235.0
2.590000000000000000e+02 
2.580000000000000000e+02 
0.0
-1.0
-1.0
260.0
-1.80272266886
-1.85593422788
-0.392944465274
236.0
2.600000000000000000e+02 
2.590000000000000000e+02 
0.0
-1.0
-1.0
261.0
-1.77266346754
-1.87087150296
-0.383746450887
237.0
2.610000000000000000e+02 
2.600000000000000000e+02 
0.0
-1.0
-1.0
262.0
-1.75629399869
-1.87993164535
-0.378091298413
238.0
2.620000000000000000e+02 
2.610000000000000000e+02 
0.0
-1.0
-1.0
263.0
-1.73062098108
-1.89266887691
-0.372429139689
239.0
2.630000000000000000e+02 
2.620000000000000000e+02 
0.0
-1.0
-1.0
264.0
-1.70034177971
-1.90709461844
-0.368510117182
239.0
2.640000000000000000e+02 
2.630000000000000000e+02 
0.0
-1.0
-1.0
265.0
-1.69762335958
-1.91046245796
-0.361084384012
240.0
2.650000000000000000e+02 
2.640000000000000000e+02 
0.0
-1.0
-1.0
266.0
-1.66718945836
-1.92437648618
-0.351952103956
241.0
2.660000000000000000e+02 
2.650000000000000000e+02 
0.0
-1.0
-1.0
267.0
-1.65040666561
-1.93269531926
-0.331363451445
242.0
2.670000000000000000e+02 
2.660000000000000000e+02 
0.0
-1.0
-1.0
268.0
-1.62879935098
-1.94238051016
-0.311718611543
243.0
2.680000000000000000e+02 
2.670000000000000000e+02 
0.0
-1.0
-1.0
269.0
-1.60714430632
-1.95162485674
-0.299067779916
244.0
2.690000000000000000e+02 
2.680000000000000000e+02 
0.0
-1.0
-1.0
270.0
-1.59493088622
-1.95757928007
-0.285561162786
245.0
2.700000000000000000e+02 
2.690000000000000000e+02 
0.0
-1.0
-1.0
271.0
-1.58226644325
-1.96344251469
-0.271148976873
246.0
2.710000000000000000e+02 
2.700000000000000000e+02 
0.0
-1.0
-1.0
272.0
-1.56517429148
-1.97039341121
-0.263681449321
247.0
2.720000000000000000e+02 
2.710000000000000000e+02 
0.0
-1.0
-1.0
273.0
-1.54774448628
-1.9770790563
-0.243108817614
248.0
2.730000000000000000e+02 
2.720000000000000000e+02 
0.0
-1.0
-1.0
274.0
-1.53513388831
-1.98225332025
-0.227781329484
249.0
2.740000000000000000e+02 
2.730000000000000000e+02 
0.0
-1.0
-1.0
275.0
-1.52748259755
-1.98605224678
-0.214199242797
250.0
2.750000000000000000e+02 
2.740000000000000000e+02 
0.0
-1.0
-1.0
276.0
-1.51965579109
-1.98978618954
-0.202362825441
251.0
2.760000000000000000e+02 
2.750000000000000000e+02 
0.0
-1.0
-1.0
277.0
-1.51664362355
-1.99239911452
-0.193122355191
252.0
2.770000000000000000e+02 
2.760000000000000000e+02 
0.0
-1.0
-1.0
278.0
-1.5088511765
-1.99587905817
-0.176878119581
253.0
2.780000000000000000e+02 
2.770000000000000000e+02 
0.0
-1.0
-1.0
279.0
-1.50081944117
-1.99920719128
-0.15628041575
254.0
2.790000000000000000e+02 
2.780000000000000000e+02 
0.0
-1.0
-1.0
280.0
-1.49279794435
-2.00233980609
-0.138329550299
255.0
2.800000000000000000e+02 
2.790000000000000000e+02 
0.0
-1.0
-1.0
281.0
-1.48979889293
-2.00463165927
-0.127325839134
256.0
2.810000000000000000e+02 
2.800000000000000000e+02 
0.0
-1.0
-1.0
282.0
-1.48663664165
-2.00690192318
-0.118069607304
257.0
2.820000000000000000e+02 
2.810000000000000000e+02 
0.0
-1.0
-1.0
283.0
-1.48817518392
-2.00856940236
-0.0110611888451
258.0
2.830000000000000000e+02 
2.820000000000000000e+02 
0.0
-1.0
-1.0
284.0
-1.49010282846
-2.01020811617
0.0924490733801
259.0
2.840000000000000000e+02 
2.830000000000000000e+02 
0.0
-1.0
-1.0
285.0
-1.4815775463
-2.01036026441
0.15931082784
260.0
2.850000000000000000e+02 
2.840000000000000000e+02 
0.0
-1.0
-1.0
286.0
-1.47362835391
-2.0103310216
0.185173714488
261.0
2.860000000000000000e+02 
2.850000000000000000e+02 
0.0
-1.0
-1.0
287.0
-1.46566965432
-2.01002881145
0.214487364908
262.0
2.870000000000000000e+02 
2.860000000000000000e+02 
0.0
-1.0
-1.0
288.0
-1.46252039846
-2.01061797271
0.224601402453
263.0
2.880000000000000000e+02 
2.870000000000000000e+02 
0.0
-1.0
-1.0
289.0
-1.45461237
-2.00999252746
0.247865442378
264.0
2.890000000000000000e+02 
2.880000000000000000e+02 
0.0
-1.0
-1.0
290.0
-1.45560295821
-2.01145065402
0.351379091952
265.0
2.900000000000000000e+02 
2.890000000000000000e+02 
0.0
-1.0
-1.0
291.0
-1.45716843818
-2.01305102565
0.459241950569
266.0
2.910000000000000000e+02 
2.900000000000000000e+02 
0.0
-1.0
-1.0
292.0
-1.45034540423
-2.01038973747
0.487703609833
267.0
2.920000000000000000e+02 
2.910000000000000000e+02 
0.0
-1.0
-1.0
293.0
-1.44323431737
-2.00728954678
0.514413653635
268.0
2.930000000000000000e+02 
2.920000000000000000e+02 
0.0
-1.0
-1.0
294.0
-1.43190054193
-2.00137901158
0.548121658212
269.0
2.940000000000000000e+02 
2.930000000000000000e+02 
0.0
-1.0
-1.0
295.0
-1.42512235438
-1.99777177634
0.576527192186
270.0
2.950000000000000000e+02 
2.940000000000000000e+02 
0.0
-1.0
-1.0
296.0
-1.41851188568
-1.99398015859
0.602329816592
271.0
2.960000000000000000e+02 
2.950000000000000000e+02 
0.0
-1.0
-1.0
297.0
-1.41502195653
-1.99199084899
0.675279084884
272.0
2.970000000000000000e+02 
2.960000000000000000e+02 
0.0
-1.0
-1.0
298.0
-1.4165586203
-1.99361395084
0.781374542931
273.0
2.980000000000000000e+02 
2.970000000000000000e+02 
0.0
-1.0
-1.0
299.0
-1.41145641112
-1.98781673783
0.859565728996
274.0
2.990000000000000000e+02 
2.980000000000000000e+02 
0.0
-1.0
-1.0
300.0
-1.39735358392
-1.97024538987
0.920302173704
275.0
3.000000000000000000e+02 
2.990000000000000000e+02 
0.0
-1.0
-1.0
301.0
-1.38469285068
-1.95219072524
0.980133400002
276.0
3.010000000000000000e+02 
3.000000000000000000e+02 
0.0
-1.0
-1.0
302.0
-1.36800776821
-1.92456128718
1.05470892312
277.0
3.020000000000000000e+02 
3.010000000000000000e+02 
0.0
-1.0
-1.0
303.0
-1.35584823281
-1.89954183081
1.1529782505
278.0
3.030000000000000000e+02 
3.020000000000000000e+02 
0.0
-1.0
-1.0
304.0
-1.34649659933
-1.87368045858
1.23199088181
279.0
3.040000000000000000e+02 
3.030000000000000000e+02 
0.0
-1.0
-1.0
305.0
-1.3370020757
-1.84244095224
1.26734630886
279.0
3.050000000000000000e+02 
3.040000000000000000e+02 
0.0
-1.0
-1.0
306.0
-1.33396866524
-1.83007610925
1.27044401565
280.0
3.060000000000000000e+02 
3.050000000000000000e+02 
0.0
-1.0
-1.0
307.0
-1.32495225449
-1.79857448336
1.26828347849
280.0
3.070000000000000000e+02 
3.060000000000000000e+02 
0.0
-1.0
-1.0
308.0
-1.32186178257
-1.78622705653
1.26961416628
281.0
3.080000000000000000e+02 
3.070000000000000000e+02 
0.0
-1.0
-1.0
309.0
-1.31221180685
-1.7550904061
1.23863554117
281.0
3.090000000000000000e+02 
3.080000000000000000e+02 
0.0
-1.0
-1.0
310.0
-1.30854676671
-1.74277854981
1.23294705999
282.0
3.100000000000000000e+02 
3.090000000000000000e+02 
0.0
-1.0
-1.0
311.0
-1.29753383968
-1.71223639581
1.20114817694
282.0
3.110000000000000000e+02 
3.100000000000000000e+02 
0.0
-1.0
-1.0
312.0
-1.29516043572
-1.7047788446
1.19368834833
283.0
3.120000000000000000e+02 
3.110000000000000000e+02 
0.0
-1.0
-1.0
313.0
-1.2828550064
-1.67475620862
1.16266704069
283.0
3.130000000000000000e+02 
3.120000000000000000e+02 
0.0
-1.0
-1.0
314.0
-1.27178734926
-1.64937542033
1.1429837434
284.0
3.140000000000000000e+02 7.680000000000000000e+02 
3.130000000000000000e+02 7.630000000000000000e+02 7.640000000000000000e+02 7.670000000000000000e+02 
0.0
-1.0
-1.0
315.0
-1.26750419972
-1.61968795073
1.14692350081
284.0
3.150000000000000000e+02 
3.140000000000000000e+02 
0.0
-1.0
-1.0
316.0
-1.26475673634
-1.60344869494
1.14423547399
285.0
3.160000000000000000e+02 7.700000000000000000e+02 
3.150000000000000000e+02 7.690000000000000000e+02 
0.0
-1.0
-1.0
317.0
-1.24880838825
-1.56886791109
1.10819753504
285.0
3.170000000000000000e+02 
3.160000000000000000e+02 
0.0
-1.0
-1.0
318.0
-1.25469558695
-1.5614923846
1.11867297808
286.0
3.180000000000000000e+02 
3.170000000000000000e+02 7.700000000000000000e+02 
0.0
-1.0
-1.0
319.0
-1.24679995164
-1.52780274747
1.10208999031
286.0
3.190000000000000000e+02 
3.180000000000000000e+02 
0.0
-1.0
-1.0
320.0
-1.23925652212
-1.49629802211
1.06980022973
287.0
3.200000000000000000e+02 7.710000000000000000e+02 
3.190000000000000000e+02 
0.0
-1.0
-1.0
321.0
-1.22074448748
-1.4907257145
0.989290988651
288.0
3.210000000000000000e+02 
3.200000000000000000e+02 
0.0
-1.0
-1.0
322.0
-1.20162670847
-1.46548880489
0.977329231393
288.0
3.220000000000000000e+02 
3.210000000000000000e+02 
0.0
-1.0
-1.0
323.0
-1.19112593617
-1.4555133731
0.904309753788
289.0
3.230000000000000000e+02 
3.220000000000000000e+02 
0.0
-1.0
-1.0
324.0
-1.16844787524
-1.43016225595
0.919432988828
289.0
3.240000000000000000e+02 
3.230000000000000000e+02 
0.0
-1.0
-1.0
325.0
-1.16222650533
-1.42595209664
0.896999418477
290.0
3.250000000000000000e+02 
3.240000000000000000e+02 
0.0
-1.0
-1.0
326.0
-1.15189457293
-1.41800825453
0.809159557285
291.0
3.260000000000000000e+02 
3.250000000000000000e+02 
0.0
-1.0
-1.0
327.0
-1.12737849822
-1.39676374246
0.80421394006
292.0
3.270000000000000000e+02 
3.260000000000000000e+02 
0.0
-1.0
-1.0
328.0
-1.11081027027
-1.38389860215
0.739913112721
293.0
3.280000000000000000e+02 
3.270000000000000000e+02 
0.0
-1.0
-1.0
329.0
-1.10172802297
-1.37963946346
0.677307625597
294.0
3.290000000000000000e+02 
3.280000000000000000e+02 
0.0
-1.0
-1.0
330.0
-1.08063116686
-1.36694278671
0.637398028567
295.0
3.300000000000000000e+02 
3.290000000000000000e+02 
0.0
-1.0
-1.0
331.0
-1.05902506485
-1.35510497699
0.586184867592
296.0
3.310000000000000000e+02 
3.300000000000000000e+02 
0.0
-1.0
-1.0
332.0
-1.04516058707
-1.34957291453
0.550668682273
297.0
3.320000000000000000e+02 
3.310000000000000000e+02 
0.0
-1.0
-1.0
333.0
-1.02685857365
-1.3419899026
0.517700004145
298.0
3.330000000000000000e+02 
3.320000000000000000e+02 
0.0
-1.0
-1.0
334.0
-1.00359659185
-1.33271563457
0.473429355522
299.0
3.340000000000000000e+02 
3.330000000000000000e+02 
0.0
-1.0
-1.0
335.0
-0.975554963336
-1.32201233032
0.441357248724
300.0
3.350000000000000000e+02 
3.340000000000000000e+02 
0.0
-1.0
-1.0
336.0
-0.947015327045
-1.31211349054
0.411034185572
301.0
3.360000000000000000e+02 
3.350000000000000000e+02 
0.0
-1.0
-1.0
337.0
-0.922738765937
-1.30479661716
0.394710657079
302.0
3.370000000000000000e+02 
3.360000000000000000e+02 
0.0
-1.0
-1.0
338.0
-0.898561178959
-1.29786792117
0.387987143268
303.0
3.380000000000000000e+02 
3.370000000000000000e+02 
0.0
-1.0
-1.0
339.0
-0.869626418591
-1.28920828697
0.382114113073
304.0
3.390000000000000000e+02 
3.380000000000000000e+02 
0.0
-1.0
-1.0
340.0
-0.845180394651
-1.2823599443
0.383242024307
305.0
3.400000000000000000e+02 
3.390000000000000000e+02 
0.0
-1.0
-1.0
341.0
-0.820785322992
-1.27549425568
0.383521323654
306.0
3.410000000000000000e+02 
3.400000000000000000e+02 
0.0
-1.0
-1.0
342.0
-0.791851064474
-1.26662561762
0.395102446687
307.0
3.420000000000000000e+02 
3.410000000000000000e+02 
0.0
-1.0
-1.0
343.0
-0.762898298841
-1.2573861145
0.405835817898
308.0
3.430000000000000000e+02 
3.420000000000000000e+02 
0.0
-1.0
-1.0
344.0
-0.747858444458
-1.25373927403
0.420021850729
309.0
3.440000000000000000e+02 
3.430000000000000000e+02 
0.0
-1.0
-1.0
345.0
-0.719247996735
-1.24367605596
0.438610947602
310.0
3.450000000000000000e+02 
3.440000000000000000e+02 
0.0
-1.0
-1.0
346.0
-0.695490215165
-1.23537203302
0.454553499943
311.0
3.460000000000000000e+02 
3.450000000000000000e+02 
0.0
-1.0
-1.0
347.0
-0.667268152885
-1.22456800433
0.460899888209
312.0
3.470000000000000000e+02 
3.460000000000000000e+02 
0.0
-1.0
-1.0
348.0
-0.64343278582
-1.21582029485
0.4620504819
313.0
3.480000000000000000e+02 
3.470000000000000000e+02 
0.0
-1.0
-1.0
349.0
-0.615318263656
-1.20499794167
0.458855639569
314.0
3.490000000000000000e+02 
3.480000000000000000e+02 
0.0
-1.0
-1.0
350.0
-0.591485845083
-1.19656495429
0.444315708824
315.0
3.500000000000000000e+02 
3.490000000000000000e+02 
0.0
-1.0
-1.0
351.0
-0.567467434608
-1.18864315987
0.420181026332
316.0
3.510000000000000000e+02 
3.500000000000000000e+02 
0.0
-1.0
-1.0
352.0
-0.534167602791
-1.17761557669
0.383801917805
317.0
3.520000000000000000e+02 
3.510000000000000000e+02 
0.0
-1.0
-1.0
353.0
-0.504922076901
-1.1690930947
0.362278698
318.0
3.530000000000000000e+02 
3.520000000000000000e+02 
0.0
-1.0
-1.0
354.0
-0.480461092409
-1.16289371742
0.346911670698
319.0
3.540000000000000000e+02 
3.530000000000000000e+02 
0.0
-1.0
-1.0
355.0
-0.455628209635
-1.15683348811
0.342901128701
320.0
3.550000000000000000e+02 
3.540000000000000000e+02 
0.0
-1.0
-1.0
356.0
-0.435529654487
-1.15237561963
0.352797353813
321.0
3.560000000000000000e+02 
3.550000000000000000e+02 
0.0
-1.0
-1.0
357.0
-0.420101758649
-1.14940465756
0.36010061683
322.0
3.570000000000000000e+02 
3.560000000000000000e+02 
0.0
-1.0
-1.0
358.0
-0.400096778621
-1.1443964918
0.377861177532
323.0
3.580000000000000000e+02 
3.570000000000000000e+02 
0.0
-1.0
-1.0
359.0
-0.384815069874
-1.14103499199
0.389479284675
324.0
3.590000000000000000e+02 
3.580000000000000000e+02 
0.0
-1.0
-1.0
360.0
-0.369708187136
-1.13750558901
0.402905175991
325.0
3.600000000000000000e+02 
3.590000000000000000e+02 
0.0
-1.0
-1.0
361.0
-0.350271423814
-1.13176365459
0.427639078186
326.0
3.610000000000000000e+02 
3.600000000000000000e+02 
0.0
-1.0
-1.0
362.0
-0.330806772538
-1.12547382923
0.451531206955
327.0
3.620000000000000000e+02 
3.610000000000000000e+02 
0.0
-1.0
-1.0
363.0
-0.311474125059
-1.11890361559
0.462331766991
328.0
3.630000000000000000e+02 
3.620000000000000000e+02 
0.0
-1.0
-1.0
364.0
-0.296753600537
-1.11439575169
0.47319095201
329.0
3.640000000000000000e+02 
3.630000000000000000e+02 
0.0
-1.0
-1.0
365.0
-0.28201520864
-1.10969896446
0.47965894478
330.0
3.650000000000000000e+02 
3.640000000000000000e+02 
0.0
-1.0
-1.0
366.0
-0.267465369858
-1.10496194448
0.487035917159
331.0
3.660000000000000000e+02 
3.650000000000000000e+02 
0.0
-1.0
-1.0
367.0
-0.257372380424
-1.10227864943
0.511872030143
332.0
3.670000000000000000e+02 
3.660000000000000000e+02 
0.0
-1.0
-1.0
368.0
-0.243131222566
-1.09707422617
0.525367433917
333.0
3.680000000000000000e+02 
3.670000000000000000e+02 
0.0
-1.0
-1.0
369.0
-0.232906743392
-1.09391091281
0.545022267927
334.0
3.690000000000000000e+02 
3.680000000000000000e+02 
0.0
-1.0
-1.0
370.0
-0.227281818438
-1.09338067102
0.551536660949
335.0
3.700000000000000000e+02 
3.690000000000000000e+02 
0.0
-1.0
-1.0
371.0
-0.217381913014
-1.09006500767
0.570310731171
336.0
3.710000000000000000e+02 
3.700000000000000000e+02 
0.0
-1.0
-1.0
372.0
-0.207688402749
-1.08670245294
0.581194586295
337.0
3.720000000000000000e+02 
3.710000000000000000e+02 
0.0
-1.0
-1.0
373.0
-0.198043692608
-1.08317261734
0.59908832363
338.0
3.730000000000000000e+02 
3.720000000000000000e+02 
0.0
-1.0
-1.0
374.0
-0.192588446809
-1.08237090531
0.603892030212
339.0
3.740000000000000000e+02 
3.730000000000000000e+02 
0.0
-1.0
-1.0
375.0
-0.187361397517
-1.08167575724
0.662805782923
340.0
3.750000000000000000e+02 
3.740000000000000000e+02 
0.0
-1.0
-1.0
376.0
-0.186019384869
-1.08362478816
0.814229648625
341.0
3.760000000000000000e+02 
3.750000000000000000e+02 
0.0
-1.0
-1.0
377.0
-0.184655245167
-1.08552031953
0.915913684297
342.0
3.770000000000000000e+02 
3.760000000000000000e+02 
0.0
-1.0
-1.0
378.0
-0.183330702527
-1.08744108183
1.02025793719
343.0
3.780000000000000000e+02 
3.770000000000000000e+02 
0.0
-1.0
-1.0
379.0
-0.180209581165
-1.08566656409
1.12286244498
344.0
3.790000000000000000e+02 
3.780000000000000000e+02 
0.0
-1.0
-1.0
380.0
-0.174576579824
-1.07832183636
1.14257723594
345.0
3.800000000000000000e+02 
3.790000000000000000e+02 
0.0
-1.0
-1.0
381.0
-0.169250377107
-1.07115667015
1.16410232912
346.0
3.810000000000000000e+02 
3.800000000000000000e+02 
0.0
-1.0
-1.0
382.0
-0.164070723742
-1.06375425989
1.18563773451
347.0
3.820000000000000000e+02 
3.810000000000000000e+02 
0.0
-1.0
-1.0
383.0
-0.162644804822
-1.06523036556
1.32578345327
348.0
3.830000000000000000e+02 
3.820000000000000000e+02 
0.0
-1.0
-1.0
384.0
-0.160638492332
-1.06333659086
1.38308947787
349.0
3.840000000000000000e+02 
3.830000000000000000e+02 
0.0
-1.0
-1.0
385.0
-0.156821054483
-1.04997031053
1.42205579235
350.0
3.850000000000000000e+02 
3.840000000000000000e+02 
0.0
-1.0
-1.0
386.0
-0.154263500706
-1.04181048975
1.45403237252
351.0
3.860000000000000000e+02 
3.850000000000000000e+02 
0.0
-1.0
-1.0
387.0
-0.152046437123
-1.03379901779
1.48601918615
352.0
3.870000000000000000e+02 
3.860000000000000000e+02 
0.0
-1.0
-1.0
388.0
-0.150071531221
-1.02570206418
1.50841619321
353.0
3.880000000000000000e+02 
3.870000000000000000e+02 
0.0
-1.0
-1.0
389.0
-0.148189784333
-1.01277734613
1.54392334612
354.0
3.890000000000000000e+02 
3.880000000000000000e+02 
0.0
-1.0
-1.0
390.0
-0.147004736621
-1.01387292557
1.69289058994
355.0
3.900000000000000000e+02 
3.890000000000000000e+02 
0.0
-1.0
-1.0
391.0
-0.146623150288
-1.01183912745
1.79041786265
356.0
3.910000000000000000e+02 
3.900000000000000000e+02 
0.0
-1.0
-1.0
392.0
-0.151736184822
-0.989416953819
1.86260509537
357.0
3.920000000000000000e+02 
3.910000000000000000e+02 
0.0
-1.0
-1.0
393.0
-0.158556289982
-0.967801821992
1.9313522126
358.0
3.930000000000000000e+02 
3.920000000000000000e+02 
0.0
-1.0
-1.0
394.0
-0.17040792742
-0.937536456609
1.97655913249
358.0
3.940000000000000000e+02 
3.930000000000000000e+02 
0.0
-1.0
-1.0
395.0
-0.175095617805
-0.925660832143
1.98767576708
359.0
3.950000000000000000e+02 
3.940000000000000000e+02 
0.0
-1.0
-1.0
396.0
-0.18782309807
-0.89561648805
1.98315202256
359.0
3.960000000000000000e+02 
3.950000000000000000e+02 
0.0
-1.0
-1.0
397.0
-0.196443671542
-0.874508085259
1.98123779951
360.0
3.970000000000000000e+02 
3.960000000000000000e+02 
0.0
-1.0
-1.0
398.0
-0.20859734684
-0.844073747195
1.95928299318
360.0
3.980000000000000000e+02 
3.970000000000000000e+02 
0.0
-1.0
-1.0
399.0
-0.218210669864
-0.818150454446
1.93733749373
361.0
3.990000000000000000e+02 
3.980000000000000000e+02 
0.0
-1.0
-1.0
400.0
-0.228950547757
-0.787023925629
1.91710118651
361.0
4.000000000000000000e+02 
3.990000000000000000e+02 
0.0
-1.0
-1.0
401.0
-0.23883692285
-0.755848406361
1.8890239523
361.0
4.010000000000000000e+02 
4.000000000000000000e+02 
0.0
-1.0
-1.0
402.0
-0.260062213546
-0.694085269547
1.9459948638
1.0
4.030000000000000000e+02 
4.020000000000000000e+02 
0.0
-1.0
-1.0
403.0
-0.302538087025
-0.5878801041
1.98641114441
3.0
4.050000000000000000e+02 
4.040000000000000000e+02 
0.0
-1.0
-1.0
404.0
-0.302897896462
-0.586562624056
1.98805230386
362.0
4.060000000000000000e+02 
4.050000000000000000e+02 
0.0
-1.0
-1.0
405.0
-0.326277689399
-0.537304535356
2.03675077779
363.0
4.080000000000000000e+02 
4.070000000000000000e+02 
0.0
-1.0
-1.0
406.0
-0.341249531533
-0.507728280601
2.05188002944
364.0
4.090000000000000000e+02 
4.080000000000000000e+02 
0.0
-1.0
-1.0
407.0
-0.356843749745
-0.478403281773
2.06551283906
365.0
4.100000000000000000e+02 
4.090000000000000000e+02 
0.0
-1.0
-1.0
408.0
-0.368125010818
-0.457698483985
2.07519297827
366.0
4.110000000000000000e+02 
4.100000000000000000e+02 
0.0
-1.0
-1.0
409.0
-0.377034385108
-0.44200811934
2.09255345436
367.0
4.120000000000000000e+02 
4.110000000000000000e+02 
0.0
-1.0
-1.0
410.0
-0.386318779347
-0.426227970216
2.10793888465
368.0
4.130000000000000000e+02 
4.120000000000000000e+02 
0.0
-1.0
-1.0
411.0
-0.393335710614
-0.414724548734
2.12175507604
369.0
4.140000000000000000e+02 
4.130000000000000000e+02 
0.0
-1.0
-1.0
412.0
-0.400472683545
-0.403334921953
2.13111542547
370.0
4.150000000000000000e+02 
4.140000000000000000e+02 
0.0
-1.0
-1.0
413.0
-0.410530531174
-0.387858928155
2.14954987165
371.0
4.160000000000000000e+02 
4.150000000000000000e+02 
0.0
-1.0
-1.0
414.0
-0.415285262689
-0.380783897931
2.15566229487
372.0
4.170000000000000000e+02 
4.160000000000000000e+02 
0.0
-1.0
-1.0
415.0
-0.420107910914
-0.373734879982
2.16437376223
373.0
4.180000000000000000e+02 
4.170000000000000000e+02 
0.0
-1.0
-1.0
416.0
-0.427940243556
-0.362667855314
2.18217510267
374.0
4.190000000000000000e+02 
4.180000000000000000e+02 
0.0
-1.0
-1.0
417.0
-0.433072473788
-0.355796239508
2.1995273688
375.0
4.200000000000000000e+02 
4.190000000000000000e+02 
0.0
-1.0
-1.0
418.0
-0.438282233614
-0.34908626278
2.2151453725
376.0
4.210000000000000000e+02 
4.200000000000000000e+02 
0.0
-1.0
-1.0
419.0
-0.446730922863
-0.338476179421
2.23800794744
377.0
4.220000000000000000e+02 
4.210000000000000000e+02 
0.0
-1.0
-1.0
420.0
-0.458977928665
-0.324101364545
2.27780943731
378.0
4.230000000000000000e+02 
4.220000000000000000e+02 
0.0
-1.0
-1.0
421.0
-0.468207139457
-0.314098250518
2.3006717552
379.0
4.240000000000000000e+02 
4.230000000000000000e+02 
0.0
-1.0
-1.0
422.0
-0.501752356634
-0.280526081788
2.37685132225
19.0

4.250000000000000000e+02 
0.0
-1.0
-1.0
423.0
-0.520370727157
-0.263785984143
2.40636442366
380.0
4.270000000000000000e+02 4.280000000000000000e+02 
4.260000000000000000e+02 
0.0
-1.0
-1.0
424.0
-0.711592972252
-0.146889185783
2.66191386472
29.0
4.310000000000000000e+02 
4.300000000000000000e+02 
0.0
-1.0
-1.0
425.0
-0.791100837036
-0.106209767926
2.63760372283
32.0
4.330000000000000000e+02 
4.320000000000000000e+02 
0.0
-1.0
-1.0
426.0
-0.853618112061
-0.0737555241479
2.60652353124
36.0
4.350000000000000000e+02 
4.340000000000000000e+02 
0.0
-1.0
-1.0
427.0
-0.878143054748
-0.0603510775827
2.59172573237
37.0
4.370000000000000000e+02 
4.360000000000000000e+02 5.440000000000000000e+02 
0.0
-1.0
-1.0
428.0
-0.899287373165
-0.0504381914631
2.66979647549
381.0
4.390000000000000000e+02 
4.380000000000000000e+02 5.460000000000000000e+02 
0.0
-1.0
-1.0
429.0
-0.902819461631
-0.0546133773469
2.76833630187
382.0
4.400000000000000000e+02 
4.390000000000000000e+02 
0.0
-1.0
-1.0
430.0
-0.913714508215
-0.0558193749885
2.90081552081
383.0
4.410000000000000000e+02 
4.400000000000000000e+02 
0.0
-1.0
-1.0
431.0
-0.925610780958
-0.0589386615955
3.01915568605
384.0
4.420000000000000000e+02 
4.410000000000000000e+02 
0.0
-1.0
-1.0
432.0
-0.942466110532
-0.0640864935512
-3.13748848332
385.0
4.430000000000000000e+02 5.470000000000000000e+02 
4.420000000000000000e+02 
0.0
-1.0
-1.0
433.0
-0.979101732052
-0.0682404606092
-3.00369754385
386.0
4.440000000000000000e+02 
4.430000000000000000e+02 5.480000000000000000e+02 
0.0
-1.0
-1.0
434.0
-1.0039593307
-0.080849334499
-3.00164406014
386.0
4.450000000000000000e+02 
4.440000000000000000e+02 
0.0
-1.0
-1.0
435.0
-1.00393276394
-0.0877202791973
-2.99267346867
387.0
4.460000000000000000e+02 
4.450000000000000000e+02 
0.0
-1.0
-1.0
436.0
-1.03350222064
-0.098876106414
-2.98584505808
387.0
4.470000000000000000e+02 
4.460000000000000000e+02 
0.0
-1.0
-1.0
437.0
-1.04812966534
-0.108215938185
-2.95745734304
388.0
4.480000000000000000e+02 
4.470000000000000000e+02 
0.0
-1.0
-1.0
438.0
-1.07741837423
-0.121078486406
-2.91759493911
388.0
4.490000000000000000e+02 
4.480000000000000000e+02 
0.0
-1.0
-1.0
439.0
-1.07742827828
-0.128405457437
-2.90166902052
389.0
4.500000000000000000e+02 
4.490000000000000000e+02 
0.0
-1.0
-1.0
440.0
-1.10607223265
-0.143249435855
-2.85598332264
389.0
4.510000000000000000e+02 5.490000000000000000e+02 
4.500000000000000000e+02 
0.0
-1.0
-1.0
441.0
-1.14996892309
-0.160282354749
-2.80929475508
115.0
4.520000000000000000e+02 
4.510000000000000000e+02 5.500000000000000000e+02 
0.0
-1.0
-1.0
442.0
-1.18307482434
-0.194520837564
-2.65004018837
115.0
4.540000000000000000e+02 
4.530000000000000000e+02 
0.0
-1.0
-1.0
443.0
-1.29090294547
-0.274110085823
-2.90124522263
118.0
4.560000000000000000e+02 
4.550000000000000000e+02 
0.0
-1.0
-1.0
444.0
-1.45709958932
-0.357909260781
-2.98978761693
122.0
4.580000000000000000e+02 
4.570000000000000000e+02 
0.0
-1.0
-1.0
445.0
-1.47975891665
-0.368368419865
-2.95866878685
390.0
4.600000000000000000e+02 
4.590000000000000000e+02 5.510000000000000000e+02 
0.0
-1.0
-1.0
446.0
-1.50762927582
-0.383302696471
-2.90027531132
390.0
4.610000000000000000e+02 
4.600000000000000000e+02 
0.0
-1.0
-1.0
447.0
-1.50937777153
-0.392624573568
-2.82895189962
391.0
4.620000000000000000e+02 5.520000000000000000e+02 
4.610000000000000000e+02 
0.0
-1.0
-1.0
448.0
-1.53426375676
-0.405448698768
-2.70332978096
392.0
4.630000000000000000e+02 
4.620000000000000000e+02 5.530000000000000000e+02 
0.0
-1.0
-1.0
449.0
-1.54859115454
-0.426692242409
-2.61118548421
392.0
4.640000000000000000e+02 
4.630000000000000000e+02 
0.0
-1.0
-1.0
450.0
-1.54352018618
-0.434906435358
-2.58689637719
393.0
4.650000000000000000e+02 
4.640000000000000000e+02 
0.0
-1.0
-1.0
451.0
-1.56394197927
-0.462140547408
-2.49395274937
394.0
4.660000000000000000e+02 
4.650000000000000000e+02 
0.0
-1.0
-1.0
452.0
-1.58305474127
-0.490556271263
-2.39327570537
394.0
4.670000000000000000e+02 
4.660000000000000000e+02 
0.0
-1.0
-1.0
453.0
-1.58224999576
-0.503609992942
-2.38967212739
395.0
4.680000000000000000e+02 5.540000000000000000e+02 
4.670000000000000000e+02 
0.0
-1.0
-1.0
454.0
-1.60883655318
-0.536248976294
-2.33482368044
396.0
4.690000000000000000e+02 5.560000000000000000e+02 
4.680000000000000000e+02 5.550000000000000000e+02 
0.0
-1.0
-1.0
455.0
-1.62555183895
-0.550768031944
-2.36771935762
396.0
4.700000000000000000e+02 
4.690000000000000000e+02 
0.0
-1.0
-1.0
456.0
-1.61997392346
-0.559767456113
-2.33823844646
397.0
4.710000000000000000e+02 
4.700000000000000000e+02 5.560000000000000000e+02 
0.0
-1.0
-1.0
457.0
-1.63391879229
-0.59114524333
-2.26973084225
397.0
4.720000000000000000e+02 
4.710000000000000000e+02 
0.0
-1.0
-1.0
458.0
-1.63231437782
-0.605106094452
-2.26357424645
398.0
4.730000000000000000e+02 5.570000000000000000e+02 
4.720000000000000000e+02 
0.0
-1.0
-1.0
459.0
-1.64953394325
-0.63178852744
-2.21098357015
399.0
4.740000000000000000e+02 
4.730000000000000000e+02 5.580000000000000000e+02 
0.0
-1.0
-1.0
460.0
-1.65497989398
-0.667683845552
-2.10404236022
399.0
4.750000000000000000e+02 
4.740000000000000000e+02 
0.0
-1.0
-1.0
461.0
-1.65320069917
-0.686107883563
-2.00502221906
400.0
4.760000000000000000e+02 
4.750000000000000000e+02 
0.0
-1.0
-1.0
462.0
-1.6589842977
-0.724219516571
-1.91819740025
400.0
4.770000000000000000e+02 
4.760000000000000000e+02 
0.0
-1.0
-1.0
463.0
-1.65231440763
-0.734212142939
-1.89746764307
401.0
4.780000000000000000e+02 
4.770000000000000000e+02 
0.0
-1.0
-1.0
464.0
-1.64978304823
-0.761827104838
-1.77891545463
402.0
4.790000000000000000e+02 5.590000000000000000e+02 
4.780000000000000000e+02 
0.0
-1.0
-1.0
465.0
-1.65317983489
-0.796169536743
-1.70694890713
403.0
4.800000000000000000e+02 
4.790000000000000000e+02 5.600000000000000000e+02 
0.0
-1.0
-1.0
466.0
-1.64369334565
-0.817450180621
-1.59846237262
404.0
5.610000000000000000e+02 
4.800000000000000000e+02 
0.0
-1.0
-1.0
467.0
-1.52500918314
-1.01261957984
-0.670189570692
405.0
4.810000000000000000e+02 5.690000000000000000e+02 
5.680000000000000000e+02 
0.0
-1.0
-1.0
468.0
-1.49743107138
-1.02329680273
0.783670731115
405.0
4.820000000000000000e+02 
4.810000000000000000e+02 
0.0
-1.0
-1.0
469.0
-1.47253964646
-1.02475991492
0.325070268219
406.0
4.830000000000000000e+02 5.730000000000000000e+02 
4.820000000000000000e+02 5.720000000000000000e+02 
0.0
-1.0
-1.0
470.0
-1.46627720456
-0.980400644041
0.958249958655
406.0
4.840000000000000000e+02 
4.830000000000000000e+02 
0.0
-1.0
-1.0
471.0
-1.44534558098
-0.95610915062
1.06428947595
406.0
4.850000000000000000e+02 
4.840000000000000000e+02 
0.0
-1.0
-1.0
472.0
-1.44033346211
-0.950460842359
1.14767893363
407.0
4.860000000000000000e+02 5.770000000000000000e+02 
4.850000000000000000e+02 5.760000000000000000e+02 
0.0
-1.0
-1.0
473.0
-1.41723940836
-0.931233332729
1.05410168509
407.0
4.870000000000000000e+02 
4.860000000000000000e+02 
0.0
-1.0
-1.0
474.0
-1.40474681051
-0.920777094826
1.04460771021
408.0
4.880000000000000000e+02 5.790000000000000000e+02 
4.870000000000000000e+02 5.780000000000000000e+02 
0.0
-1.0
-1.0
475.0
-1.38621380292
-0.888144036177
1.12828452238
408.0
4.890000000000000000e+02 
4.880000000000000000e+02 
0.0
-1.0
-1.0
476.0
-1.3746780547
-0.872966057811
1.15530087737
409.0
4.900000000000000000e+02 5.810000000000000000e+02 
4.890000000000000000e+02 5.800000000000000000e+02 
0.0
-1.0
-1.0
477.0
-1.35360337214
-0.840354801417
1.17042461732
409.0
4.910000000000000000e+02 
4.900000000000000000e+02 
0.0
-1.0
-1.0
478.0
-1.34096362655
-0.823064881028
1.18154462073
410.0
4.920000000000000000e+02 5.830000000000000000e+02 
4.910000000000000000e+02 5.820000000000000000e+02 
0.0
-1.0
-1.0
479.0
-1.32545616722
-0.788080583183
1.18651432555
410.0
4.930000000000000000e+02 
4.920000000000000000e+02 
0.0
-1.0
-1.0
480.0
-1.31577784131
-0.789889031053
1.19046246643
411.0
4.940000000000000000e+02 5.840000000000000000e+02 
4.930000000000000000e+02 5.830000000000000000e+02 
0.0
-1.0
-1.0
481.0
-1.30814867055
-0.761838536099
1.19318748602
411.0
4.950000000000000000e+02 
4.940000000000000000e+02 
0.0
-1.0
-1.0
482.0
-1.29662867306
-0.759050666911
1.19013561713
412.0
4.960000000000000000e+02 5.850000000000000000e+02 
4.950000000000000000e+02 5.840000000000000000e+02 
0.0
-1.0
-1.0
483.0
-1.28207017662
-0.724740114874
1.14070364966
412.0
4.970000000000000000e+02 
4.960000000000000000e+02 
0.0
-1.0
-1.0
484.0
-1.27358208163
-0.717763234645
1.12936174826
413.0
4.980000000000000000e+02 
4.970000000000000000e+02 5.860000000000000000e+02 
0.0
-1.0
-1.0
485.0
-1.24629875652
-0.69784969849
1.0743500258
413.0
4.990000000000000000e+02 5.870000000000000000e+02 
4.980000000000000000e+02 
0.0
-1.0
-1.0
486.0
-1.23892141783
-0.691382237399
1.06181332786
414.0
5.000000000000000000e+02 5.890000000000000000e+02 
4.990000000000000000e+02 5.880000000000000000e+02 
0.0
-1.0
-1.0
487.0
-1.21205020496
-0.660468422669
0.992326469779
415.0
5.010000000000000000e+02 5.910000000000000000e+02 
5.000000000000000000e+02 5.900000000000000000e+02 
0.0
-1.0
-1.0
488.0
-1.19166329294
-0.63690264342
0.934520842503
415.0
5.020000000000000000e+02 
5.010000000000000000e+02 
0.0
-1.0
-1.0
489.0
-1.18482932525
-0.636033675152
0.927110413378
416.0
5.030000000000000000e+02 5.930000000000000000e+02 
5.020000000000000000e+02 5.920000000000000000e+02 
0.0
-1.0
-1.0
490.0
-1.16388963758
-0.612868012547
0.856046700219
416.0
5.040000000000000000e+02 
5.030000000000000000e+02 
0.0
-1.0
-1.0
491.0
-1.15273390814
-0.615481441476
0.846045663473
417.0
5.050000000000000000e+02 
5.040000000000000000e+02 5.930000000000000000e+02 
0.0
-1.0
-1.0
492.0
-1.12450552133
-0.60045668228
0.784644786562
418.0
5.060000000000000000e+02 5.940000000000000000e+02 
5.050000000000000000e+02 
0.0
-1.0
-1.0
493.0
-1.09883035268
-0.57731886813
0.693212052042
418.0
5.070000000000000000e+02 
5.060000000000000000e+02 
0.0
-1.0
-1.0
494.0
-1.09115488745
-0.577341531193
0.681320502921
419.0
5.080000000000000000e+02 5.960000000000000000e+02 
5.070000000000000000e+02 5.950000000000000000e+02 
0.0
-1.0
-1.0
495.0
-1.05845151746
-0.56137155284
0.597706389083
419.0
5.090000000000000000e+02 
5.080000000000000000e+02 
0.0
-1.0
-1.0
496.0
-1.03214177916
-0.545866108358
0.746728866156
420.0
5.100000000000000000e+02 5.980000000000000000e+02 
5.090000000000000000e+02 5.970000000000000000e+02 
0.0
-1.0
-1.0
497.0
-1.01293850857
-0.525439361587
0.881881317991
420.0
5.110000000000000000e+02 
5.100000000000000000e+02 
0.0
-1.0
-1.0
498.0
-0.989593318426
-0.511930296773
0.93383204498
421.0
5.120000000000000000e+02 
5.110000000000000000e+02 5.980000000000000000e+02 
0.0
-1.0
-1.0
499.0
-0.961439352548
-0.492215370446
0.914083067463
421.0
5.130000000000000000e+02 
5.120000000000000000e+02 
0.0
-1.0
-1.0
500.0
-0.935260494942
-0.475016575927
0.905834425885
422.0
5.140000000000000000e+02 
5.130000000000000000e+02 
0.0
-1.0
-1.0
501.0
-0.907814967019
-0.454789486342
1.0153361617
422.0
5.150000000000000000e+02 
5.140000000000000000e+02 
0.0
-1.0
-1.0
502.0
-0.881748168419
-0.431191855035
1.02453831736
422.0
5.160000000000000000e+02 
5.150000000000000000e+02 
0.0
-1.0
-1.0
503.0
-0.87144348672
-0.43329552974
1.02934093635
423.0
5.170000000000000000e+02 
5.160000000000000000e+02 
0.0
-1.0
-1.0
504.0
-0.846111394544
-0.40978176425
1.0533440632
423.0
5.180000000000000000e+02 
5.170000000000000000e+02 
0.0
-1.0
-1.0
505.0
-0.823981141752
-0.386278872517
1.15594774346
423.0
5.190000000000000000e+02 
5.180000000000000000e+02 
0.0
-1.0
-1.0
506.0
-0.812189802509
-0.383415210029
1.15990202374
424.0
5.200000000000000000e+02 
5.190000000000000000e+02 
0.0
-1.0
-1.0
507.0
-0.793107574762
-0.36076660462
1.2834569517
424.0
5.210000000000000000e+02 
5.200000000000000000e+02 
0.0
-1.0
-1.0
508.0
-0.778204409518
-0.343195359648
1.27696257608
425.0
5.220000000000000000e+02 
5.210000000000000000e+02 
0.0
-1.0
-1.0
509.0
-0.762325353689
-0.315228683048
1.41621894668
426.0
5.230000000000000000e+02 
5.220000000000000000e+02 
0.0
-1.0
-1.0
510.0
-0.749343346612
-0.288376099655
1.48122611438
426.0
5.240000000000000000e+02 
5.230000000000000000e+02 
0.0
-1.0
-1.0
511.0
-0.741199860425
-0.284850645311
1.55498413115
427.0
5.250000000000000000e+02 
5.240000000000000000e+02 
0.0
-1.0
-1.0
512.0
-0.734946070564
-0.262703470145
1.62179305001
428.0
5.260000000000000000e+02 
5.250000000000000000e+02 
0.0
-1.0
-1.0
513.0
-0.728829522381
-0.250740594707
1.71300292512
429.0
5.270000000000000000e+02 
5.260000000000000000e+02 
0.0
-1.0
-1.0
514.0
-0.724702421619
-0.240585612838
1.83476381168
430.0
5.280000000000000000e+02 
5.270000000000000000e+02 
0.0
-1.0
-1.0
515.0
-0.722511527661
-0.230913296386
1.94867576601
431.0
5.290000000000000000e+02 
5.280000000000000000e+02 
0.0
-1.0
-1.0
516.0
-0.723579447937
-0.21941159314
2.0922888455
432.0
5.300000000000000000e+02 
5.290000000000000000e+02 
0.0
-1.0
-1.0
517.0
-0.72335041557
-0.214152831526
2.17825310864
433.0
5.310000000000000000e+02 
5.300000000000000000e+02 
0.0
-1.0
-1.0
518.0
-0.728442336725
-0.204874745816
2.321818615
434.0
5.320000000000000000e+02 
5.310000000000000000e+02 
0.0
-1.0
-1.0
519.0
-0.736004485396
-0.196202468108
2.36598542521
435.0
5.330000000000000000e+02 
5.320000000000000000e+02 
0.0
-1.0
-1.0
520.0
-0.749443038349
-0.181445605275
2.351653601
436.0
5.340000000000000000e+02 
5.330000000000000000e+02 
0.0
-1.0
-1.0
521.0
-0.762181818842
-0.166005143459
2.30587320515
437.0
5.350000000000000000e+02 
5.340000000000000000e+02 
0.0
-1.0
-1.0
522.0
-0.770822001771
-0.153651943832
2.29064430148
438.0
5.360000000000000000e+02 
5.350000000000000000e+02 
0.0
-1.0
-1.0
523.0
-0.782741216025
-0.137648415117
2.29986695487
439.0
5.370000000000000000e+02 
5.360000000000000000e+02 
0.0
-1.0
-1.0
524.0
-0.791742562799
-0.125668187032
2.32389123124
440.0
5.380000000000000000e+02 
5.370000000000000000e+02 
0.0
-1.0
-1.0
525.0
-0.808408875567
-0.107239669202
2.37241719751
440.0
5.390000000000000000e+02 
5.380000000000000000e+02 
0.0
-1.0
-1.0
526.0
-0.804370754167
-0.110096037067
2.38684492161
441.0
5.400000000000000000e+02 
5.390000000000000000e+02 
0.0
-1.0
-1.0
527.0
-0.815134174594
-0.0997894167871
2.42752447245
442.0
5.410000000000000000e+02 
5.400000000000000000e+02 
0.0
-1.0
-1.0
528.0
-0.829349801908
-0.0885280582913
2.51005591992
443.0
5.420000000000000000e+02 
5.410000000000000000e+02 
0.0
-1.0
-1.0
529.0
-0.841896817774
-0.0804198578916
2.53673933482
444.0
5.430000000000000000e+02 
5.420000000000000000e+02 
0.0
-1.0
-1.0
530.0
-0.873880089436
-0.0629639546846
2.52622573237
445.0
5.440000000000000000e+02 

0.0
-1.0
-1.0
531.0
-0.896202765118
-0.0519834076928
2.64899261453
38.0
5.460000000000000000e+02 
5.450000000000000000e+02 
0.0
-1.0
-1.0
532.0
-0.960627051549
-0.0666846691189
-3.09411273523
385.0
5.480000000000000000e+02 
5.470000000000000000e+02 
0.0
-1.0
-1.0
533.0
-1.12673159759
-0.152209186639
-2.82897744505
389.0
5.500000000000000000e+02 
5.490000000000000000e+02 
0.0
-1.0
-1.0
534.0
-1.52191920687
-0.399993989624
-2.79097300363
391.0
5.530000000000000000e+02 
5.520000000000000000e+02 
0.0
-1.0
-1.0
535.0
-1.59534253406
-0.5217594049
-2.34355696664
395.0
5.550000000000000000e+02 
5.540000000000000000e+02 
0.0
-1.0
-1.0
536.0
-1.64644043263
-0.627796949799
-2.21752553853
398.0
5.580000000000000000e+02 
5.570000000000000000e+02 
0.0
-1.0
-1.0
537.0
-1.65215729831
-0.789700449183
-1.75780170392
402.0
5.600000000000000000e+02 
5.590000000000000000e+02 
0.0
-1.0
-1.0
538.0
-1.63532377118
-0.853681645057
-1.57080187911
446.0
5.620000000000000000e+02 
5.610000000000000000e+02 
0.0
-1.0
-1.0
539.0
-1.62622514946
-0.881364637129
-1.4458618675
447.0
5.630000000000000000e+02 
5.620000000000000000e+02 
0.0
-1.0
-1.0
540.0
-1.61429240525
-0.907419442934
-1.30448418662
448.0
5.640000000000000000e+02 
5.630000000000000000e+02 
0.0
-1.0
-1.0
541.0
-1.59975676525
-0.932695473524
-1.16838042037
449.0
5.650000000000000000e+02 
5.640000000000000000e+02 
0.0
-1.0
-1.0
542.0
-1.58243976529
-0.956850401422
-1.01658032181
450.0
5.660000000000000000e+02 
5.650000000000000000e+02 
0.0
-1.0
-1.0
543.0
-1.56480010802
-0.976812284765
-0.893673799851
451.0
5.670000000000000000e+02 
5.660000000000000000e+02 
0.0
-1.0
-1.0
544.0
-1.54069620758
-1.000056263
-0.728847545865
452.0
5.680000000000000000e+02 
5.670000000000000000e+02 
0.0
-1.0
-1.0
545.0
-1.52383109651
-1.01497020457
-0.476743242608
405.0
5.700000000000000000e+02 
5.690000000000000000e+02 
0.0
-1.0
-1.0
546.0
-1.51384807867
-1.02544391912
-0.0902916651976
405.0
5.710000000000000000e+02 
5.700000000000000000e+02 
0.0
-1.0
-1.0
547.0
-1.50228424556
-1.02048733066
0.341167557486
406.0
5.720000000000000000e+02 
5.710000000000000000e+02 
0.0
-1.0
-1.0
548.0
-1.4752115943
-1.00507234628
1.79410314233
406.0
5.740000000000000000e+02 
5.730000000000000000e+02 
0.0
-1.0
-1.0
549.0
-1.45876450783
-0.974804105126
1.20516046894
406.0
5.750000000000000000e+02 
5.740000000000000000e+02 
0.0
-1.0
-1.0
550.0
-1.449033054
-0.9735773783
1.13522814167
407.0
5.760000000000000000e+02 
5.750000000000000000e+02 
0.0
-1.0
-1.0
551.0
-1.4180664079
-0.941636705013
0.946147588886
407.0
5.780000000000000000e+02 
5.770000000000000000e+02 
0.0
-1.0
-1.0
552.0
-1.38055148931
-0.886605127034
1.18155894758
408.0
5.800000000000000000e+02 
5.790000000000000000e+02 
0.0
-1.0
-1.0
553.0
-1.35244326198
-0.850510458779
1.1507355908
409.0
5.820000000000000000e+02 
5.810000000000000000e+02 
0.0
-1.0
-1.0
554.0
-1.2797846051
-0.731310541273
1.1533810778
412.0
5.860000000000000000e+02 
5.850000000000000000e+02 
0.0
-1.0
-1.0
555.0
-1.24128262196
-0.695618652753
1.06520732571
413.0
5.880000000000000000e+02 
5.870000000000000000e+02 
0.0
-1.0
-1.0
556.0
-1.21752313398
-0.668837696471
1.01004116441
414.0
5.900000000000000000e+02 
5.890000000000000000e+02 
0.0
-1.0
-1.0
557.0
-1.18780009331
-0.639993098989
0.942768545615
415.0
5.920000000000000000e+02 
5.910000000000000000e+02 
0.0
-1.0
-1.0
558.0
-1.09500019907
-0.580458593671
0.696974321204
418.0
5.950000000000000000e+02 
5.940000000000000000e+02 
0.0
-1.0
-1.0
559.0
-1.04524377244
-0.556447337928
0.624541993894
419.0
5.970000000000000000e+02 
5.960000000000000000e+02 
0.0
-1.0
-1.0
560.0
-1.51761082766
-1.53430414439
-0.0885410569571
453.0
5.990000000000000000e+02 
6.930000000000000000e+02 
0.0
-1.0
-1.0
561.0
-1.53611537581
-1.49136897764
2.37765672479
453.0
6.000000000000000000e+02 
5.990000000000000000e+02 
0.0
-1.0
-1.0
562.0
-1.53492556735
-1.48017451332
2.3838331119
454.0
6.010000000000000000e+02 
6.000000000000000000e+02 
0.0
-1.0
-1.0
563.0
-1.55551244464
-1.44878310802
2.3978133878
454.0
6.020000000000000000e+02 
6.010000000000000000e+02 
0.0
-1.0
-1.0
564.0
-1.57271874759
-1.42125061122
2.41354750626
455.0
6.030000000000000000e+02 6.940000000000000000e+02 
6.020000000000000000e+02 
0.0
-1.0
-1.0
565.0
-1.60349804071
-1.39200441659
2.55569301913
456.0
6.040000000000000000e+02 6.960000000000000000e+02 
6.030000000000000000e+02 6.950000000000000000e+02 
0.0
-1.0
-1.0
566.0
-1.62255586026
-1.37649379039
2.708991044
457.0
6.050000000000000000e+02 
6.040000000000000000e+02 6.970000000000000000e+02 
0.0
-1.0
-1.0
567.0
-1.64709384599
-1.35054605356
2.65145927074
457.0
6.060000000000000000e+02 
6.050000000000000000e+02 
0.0
-1.0
-1.0
568.0
-1.66439924586
-1.33188684084
2.7196161085
458.0
6.070000000000000000e+02 
6.060000000000000000e+02 
0.0
-1.0
-1.0
569.0
-1.69127804864
-1.30956482386
2.69877662095
458.0
6.080000000000000000e+02 
6.070000000000000000e+02 
0.0
-1.0
-1.0
570.0
-1.70641298599
-1.29330762537
2.75559077342
459.0
6.090000000000000000e+02 
6.080000000000000000e+02 
0.0
-1.0
-1.0
571.0
-1.72248388155
-1.27899948705
2.86650853286
460.0
6.100000000000000000e+02 
6.090000000000000000e+02 
0.0
-1.0
-1.0
572.0
-1.751350468
-1.26150438205
2.8509798679
460.0
6.110000000000000000e+02 
6.100000000000000000e+02 
0.0
-1.0
-1.0
573.0
-1.75128454483
-1.25247198766
2.85020474889
461.0
6.120000000000000000e+02 
6.110000000000000000e+02 
0.0
-1.0
-1.0
574.0
-1.77991314884
-1.2350176254
2.86163314792
461.0
6.130000000000000000e+02 
6.120000000000000000e+02 
0.0
-1.0
-1.0
575.0
-1.78451614436
-1.22481606017
2.87046503888
462.0
6.140000000000000000e+02 
6.130000000000000000e+02 
0.0
-1.0
-1.0
576.0
-1.81358267223
-1.20924173627
2.97875039744
462.0
6.150000000000000000e+02 
6.140000000000000000e+02 
0.0
-1.0
-1.0
577.0
-1.81707818323
-1.2005388043
3.0111392011
463.0
6.160000000000000000e+02 
6.150000000000000000e+02 
0.0
-1.0
-1.0
578.0
-1.84870102106
-1.1889143185
3.11163142924
463.0
6.170000000000000000e+02 
6.160000000000000000e+02 
0.0
-1.0
-1.0
579.0
-1.86346754787
-1.18050415092
3.08907706309
464.0
6.180000000000000000e+02 
6.170000000000000000e+02 
0.0
-1.0
-1.0
580.0
-1.8754954847
-1.17328335254
-3.0735592214
465.0
6.190000000000000000e+02 
6.180000000000000000e+02 
0.0
-1.0
-1.0
581.0
-1.90377005911
-1.16955827992
-3.02710682486
465.0
6.200000000000000000e+02 
6.190000000000000000e+02 
0.0
-1.0
-1.0
582.0
-1.90912692475
-1.16373790594
-2.94930106751
466.0
6.210000000000000000e+02 
6.200000000000000000e+02 
0.0
-1.0
-1.0
583.0
-1.92381851201
-1.16148780762
-2.82349196051
467.0
6.220000000000000000e+02 
6.210000000000000000e+02 
0.0
-1.0
-1.0
584.0
-1.95145602163
-1.16658810218
-2.74827951306
468.0
6.230000000000000000e+02 
6.220000000000000000e+02 
0.0
-1.0
-1.0
585.0
-1.96449545248
-1.16821887772
-2.61371373245
469.0
6.240000000000000000e+02 
6.230000000000000000e+02 
0.0
-1.0
-1.0
586.0
-1.97089645215
-1.16807708265
-2.52279462403
470.0
6.250000000000000000e+02 
6.240000000000000000e+02 
0.0
-1.0
-1.0
587.0
-1.97643778156
-1.16886701313
-2.42577219125
471.0
6.260000000000000000e+02 
6.250000000000000000e+02 
0.0
-1.0
-1.0
588.0
-1.98145450625
-1.17079144592
-2.34099643561
472.0
6.270000000000000000e+02 
6.260000000000000000e+02 
0.0
-1.0
-1.0
589.0
-1.98345116696
-1.17084854625
-2.27191735673
473.0
6.280000000000000000e+02 
6.270000000000000000e+02 
0.0
-1.0
-1.0
590.0
-1.98681833616
-1.17405329959
-2.18453495231
474.0
6.290000000000000000e+02 
6.280000000000000000e+02 
0.0
-1.0
-1.0
591.0
-1.98757226263
-1.17513084332
-2.11194921817
475.0
6.300000000000000000e+02 
6.290000000000000000e+02 
0.0
-1.0
-1.0
592.0
-1.98921029223
-1.17962938409
-2.01926014829
476.0
6.310000000000000000e+02 
6.300000000000000000e+02 
0.0
-1.0
-1.0
593.0
-1.98725078811
-1.17827828306
-1.97461773477
477.0
6.320000000000000000e+02 
6.310000000000000000e+02 
0.0
-1.0
-1.0
594.0
-1.98559332584
-1.17832885413
-1.95347196791
478.0
6.330000000000000000e+02 
6.320000000000000000e+02 
0.0
-1.0
-1.0
595.0
-1.98482461878
-1.18002383418
-1.98032283622
479.0
6.340000000000000000e+02 
6.330000000000000000e+02 
0.0
-1.0
-1.0
596.0
-1.98644575102
-1.18602753948
-2.02202032641
480.0
6.350000000000000000e+02 
6.340000000000000000e+02 
0.0
-1.0
-1.0
597.0
-1.98626917259
-1.18735785057
-2.04801442349
481.0
6.360000000000000000e+02 
6.350000000000000000e+02 
0.0
-1.0
-1.0
598.0
-1.98638835333
-1.18859956177
-2.07925511076
482.0
6.370000000000000000e+02 
6.360000000000000000e+02 
0.0
-1.0
-1.0
599.0
-1.98941642925
-1.19400514775
-2.12179236985
483.0
6.380000000000000000e+02 
6.370000000000000000e+02 
0.0
-1.0
-1.0
600.0
-1.98743145584
-1.19070885179
-2.13732618075
484.0
6.390000000000000000e+02 
6.380000000000000000e+02 
0.0
-1.0
-1.0
601.0
-1.99373285778
-1.1997483204
-2.16505652191
485.0
6.400000000000000000e+02 
6.390000000000000000e+02 
0.0
-1.0
-1.0
602.0
-2.00012944346
-1.20861594419
-2.16748337022
486.0
6.410000000000000000e+02 
6.400000000000000000e+02 
0.0
-1.0
-1.0
603.0
-2.00114875452
-1.20948218684
-2.16730670107
487.0
6.420000000000000000e+02 
6.410000000000000000e+02 
0.0
-1.0
-1.0
604.0
-2.00201265647
-1.21010295692
-2.16797648844
488.0
6.430000000000000000e+02 
6.420000000000000000e+02 
0.0
-1.0
-1.0
605.0
-2.00573203664
-1.21508146707
-2.15909270492
489.0
6.440000000000000000e+02 
6.430000000000000000e+02 
0.0
-1.0
-1.0
606.0
-2.00934224416
-1.22008393015
-2.15105532176
490.0
6.450000000000000000e+02 
6.440000000000000000e+02 
0.0
-1.0
-1.0
607.0
-2.01279832499
-1.22519786525
-2.13686430897
491.0
6.460000000000000000e+02 
6.450000000000000000e+02 
0.0
-1.0
-1.0
608.0
-2.01355736244
-1.22629043109
-2.12881963533
492.0
6.470000000000000000e+02 
6.460000000000000000e+02 
0.0
-1.0
-1.0
609.0
-2.01416236995
-1.22743011007
-2.1129212685
493.0
6.480000000000000000e+02 
6.470000000000000000e+02 
0.0
-1.0
-1.0
610.0
-2.01466596965
-1.22858302511
-2.10311917507
494.0
6.490000000000000000e+02 
6.480000000000000000e+02 
0.0
-1.0
-1.0
611.0
-2.01508674713
-1.22973728508
-2.09591332061
495.0
6.500000000000000000e+02 
6.490000000000000000e+02 
0.0
-1.0
-1.0
612.0
-2.01539527418
-1.23102358586
-2.07735366977
496.0
6.510000000000000000e+02 
6.500000000000000000e+02 
0.0
-1.0
-1.0
613.0
-2.01565086194
-1.23246364814
-2.06574018636
497.0
6.520000000000000000e+02 
6.510000000000000000e+02 
0.0
-1.0
-1.0
614.0
-2.01811654307
-1.23823211357
-2.0550228334
498.0
6.530000000000000000e+02 
6.520000000000000000e+02 
0.0
-1.0
-1.0
615.0
-2.02033971435
-1.24424882751
-2.03470157321
499.0
6.540000000000000000e+02 
6.530000000000000000e+02 
0.0
-1.0
-1.0
616.0
-2.02231497234
-1.25017494028
-2.01872636751
500.0
6.550000000000000000e+02 
6.540000000000000000e+02 
0.0
-1.0
-1.0
617.0
-2.0241602172
-1.25644985185
-2.00454717748
501.0
6.560000000000000000e+02 
6.550000000000000000e+02 
0.0
-1.0
-1.0
618.0
-2.02582600679
-1.26276155447
-1.99296396388
502.0
6.570000000000000000e+02 
6.560000000000000000e+02 
0.0
-1.0
-1.0
619.0
-2.0252830996
-1.26448320037
-1.98222668708
503.0
6.580000000000000000e+02 
6.570000000000000000e+02 
0.0
-1.0
-1.0
620.0
-2.02657141255
-1.27081446211
-1.96628530724
504.0
6.590000000000000000e+02 
6.580000000000000000e+02 
0.0
-1.0
-1.0
621.0
-2.02586575774
-1.27278528992
-1.95203978431
505.0
6.600000000000000000e+02 
6.590000000000000000e+02 
0.0
-1.0
-1.0
622.0
-2.02860158311
-1.2839961214
-1.9378400782
506.0
6.610000000000000000e+02 
6.600000000000000000e+02 
0.0
-1.0
-1.0
623.0
-2.02398558724
-1.27921406735
-1.95770418238
507.0
6.620000000000000000e+02 

0.0
-1.0
-1.0
624.0
-2.02583978824
-1.28392921367
-1.94374548373
508.0
6.630000000000000000e+02 
6.620000000000000000e+02 
0.0
-1.0
-1.0
625.0
-2.03602296566
-1.3132060114
-1.90516282707
509.0
6.650000000000000000e+02 
6.640000000000000000e+02 
0.0
-1.0
-1.0
626.0
-2.04867654203
-1.41405052957
-1.78106595856
510.0
6.670000000000000000e+02 
6.660000000000000000e+02 
0.0
-1.0
-1.0
627.0
-2.04516554816
-1.41427573664
-1.74976836056
511.0
6.680000000000000000e+02 
6.670000000000000000e+02 
0.0
-1.0
-1.0
628.0
-2.0416890062
-1.41970942466
-1.65661680627
512.0
6.690000000000000000e+02 
6.680000000000000000e+02 
0.0
-1.0
-1.0
629.0
-2.03700872072
-1.42529056721
-1.56866202381
513.0
6.700000000000000000e+02 
6.690000000000000000e+02 
0.0
-1.0
-1.0
630.0
-2.03070479097
-1.434131755
-1.44758043727
514.0
6.710000000000000000e+02 
6.700000000000000000e+02 
0.0
-1.0
-1.0
631.0
-2.02237866008
-1.44249875708
-1.32389467245
515.0
6.720000000000000000e+02 
6.710000000000000000e+02 
0.0
-1.0
-1.0
632.0
-2.00624108212
-1.46948449681
-1.26213868005
515.0
6.730000000000000000e+02 
6.720000000000000000e+02 
0.0
-1.0
-1.0
633.0
-1.99966496338
-1.4664641148
-1.2639342669
516.0
6.740000000000000000e+02 
6.730000000000000000e+02 
0.0
-1.0
-1.0
634.0
-1.98272889487
-1.48808744346
-1.13680881706
517.0
6.750000000000000000e+02 
6.740000000000000000e+02 
0.0
-1.0
-1.0
635.0
-1.96339551369
-1.51015536204
-1.05943160132
517.0
6.760000000000000000e+02 
6.750000000000000000e+02 
0.0
-1.0
-1.0
636.0
-1.95488976675
-1.50806654198
-1.01328638863
518.0
6.770000000000000000e+02 
6.760000000000000000e+02 
0.0
-1.0
-1.0
637.0
-1.93093576207
-1.5277079073
-0.937687873689
518.0
6.780000000000000000e+02 
6.770000000000000000e+02 
0.0
-1.0
-1.0
638.0
-1.91965712452
-1.52776298423
-0.879355733184
519.0
6.790000000000000000e+02 
6.780000000000000000e+02 
0.0
-1.0
-1.0
639.0
-1.90536315587
-1.52989640214
-0.784339902158
520.0
6.800000000000000000e+02 
6.790000000000000000e+02 
0.0
-1.0
-1.0
640.0
-1.87615381794
-1.54511145617
-0.733015564368
520.0
6.810000000000000000e+02 
6.800000000000000000e+02 
0.0
-1.0
-1.0
641.0
-1.86090344517
-1.54555098289
-0.644088668295
521.0
6.820000000000000000e+02 
6.810000000000000000e+02 
0.0
-1.0
-1.0
642.0
-1.84191346433
-1.54694896763
-0.535977108565
522.0
6.830000000000000000e+02 
6.820000000000000000e+02 
0.0
-1.0
-1.0
643.0
-1.81881688218
-1.54796005144
-0.392081662621
523.0
6.840000000000000000e+02 
6.830000000000000000e+02 
0.0
-1.0
-1.0
644.0
-1.80087479372
-1.54474984482
-0.307484609612
524.0
6.850000000000000000e+02 
6.840000000000000000e+02 
0.0
-1.0
-1.0
645.0
-1.76078208091
-1.54759690037
-0.325168387743
524.0
6.860000000000000000e+02 
6.850000000000000000e+02 
0.0
-1.0
-1.0
646.0
-1.74804366107
-1.54243722765
-0.308617412165
525.0
6.870000000000000000e+02 
6.860000000000000000e+02 
0.0
-1.0
-1.0
647.0
-1.70975225128
-1.54518197403
-0.304411978347
525.0
6.880000000000000000e+02 
6.870000000000000000e+02 
0.0
-1.0
-1.0
648.0
-1.69705481441
-1.53979359221
-0.284350239802
526.0
6.890000000000000000e+02 
6.880000000000000000e+02 
0.0
-1.0
-1.0
649.0
-1.66415513001
-1.53777756689
-0.185829287476
527.0
6.900000000000000000e+02 
6.890000000000000000e+02 
0.0
-1.0
-1.0
650.0
-1.62531478028
-1.53641743171
-0.184204452858
528.0
6.910000000000000000e+02 
6.900000000000000000e+02 
0.0
-1.0
-1.0
651.0
-1.59110825775
-1.5336694085
-0.159004236882
529.0
6.920000000000000000e+02 
6.910000000000000000e+02 
0.0
-1.0
-1.0
652.0
-1.55192731496
-1.5307709646
-0.124216578852
530.0
6.930000000000000000e+02 
6.920000000000000000e+02 
0.0
-1.0
-1.0
653.0
-1.58897986722
-1.40312275239
2.44057135056
455.0
6.950000000000000000e+02 
6.940000000000000000e+02 
0.0
-1.0
-1.0
654.0
-1.61352643345
-1.38090240617
2.64584365678
456.0
6.970000000000000000e+02 
6.960000000000000000e+02 
0.0
-1.0
-1.0
655
-1.23083368708
-1.35839023639
1.45190716941
531
6.980000000000000000e+02 7.760000000000000000e+02 
7.750000000000000000e+02 
0
-1
-1
656
-1.23366390866
-1.34025300513
2.31193294492
532
6.990000000000000000e+02 
6.980000000000000000e+02 7.770000000000000000e+02 
0
-1
-1
657
-1.2926031882
-1.35139041704
-3.00650887922
532
7.000000000000000000e+02 
6.990000000000000000e+02 
0
-1
-1
658
-1.30811506719
-1.34733213948
-2.95440931791
533
7.010000000000000000e+02 7.780000000000000000e+02 
7.000000000000000000e+02 
0
-1
-1
659
-1.33415604743
-1.35299719648
-2.76936113746
534
7.020000000000000000e+02 
7.010000000000000000e+02 7.790000000000000000e+02 
0
-1
-1
660
-1.36248626011
-1.353279284
-2.641747822
535
7.030000000000000000e+02 
7.020000000000000000e+02 
0
-1
-1
661
-1.3882206827
-1.35896477701
-2.49438800249
536
7.040000000000000000e+02 
7.030000000000000000e+02 
0
-1
-1
662
-1.41258651729
-1.36721100325
-2.35567616346
537
7.050000000000000000e+02 
7.040000000000000000e+02 
0
-1
-1
663
-1.44517509001
-1.38777917706
-2.28146098362
538
7.060000000000000000e+02 7.800000000000000000e+02 
7.050000000000000000e+02 
0
-1
-1
664
-1.46866171196
-1.41298785509
-2.1585400843
539
7.070000000000000000e+02 7.820000000000000000e+02 
7.060000000000000000e+02 7.810000000000000000e+02 
0
-1
-1
665
-1.48869913899
-1.43149505081
-2.12640213375
540
7.080000000000000000e+02 
7.070000000000000000e+02 7.830000000000000000e+02 
0
-1
-1
666
-1.50804334521
-1.44018393028
-2.00307124663
541
7.090000000000000000e+02 7.840000000000000000e+02 
7.080000000000000000e+02 
0
-1
-1
667
-1.51732638104
-1.45809277901
-1.89818351868
542
7.100000000000000000e+02 
7.090000000000000000e+02 
0
-1
-1
668
-1.5291058997
-1.48368150613
-1.82802274178
542
7.110000000000000000e+02 
7.100000000000000000e+02 7.850000000000000000e+02 
0
-1
-1
669
-1.54557725723
-1.48955654436
-1.784861841
543
7.120000000000000000e+02 7.860000000000000000e+02 
7.110000000000000000e+02 
0
-1
-1
670
-1.55281922962
-1.51149263729
-1.68218929512
544
7.130000000000000000e+02 
7.120000000000000000e+02 7.870000000000000000e+02 
0
-1
-1
671
-1.56506965302
-1.52754745867
-1.62697437217
545
7.140000000000000000e+02 7.880000000000000000e+02 
7.130000000000000000e+02 
0
-1
-1
672
-1.56959352272
-1.55081700927
-1.61449685497
546
7.150000000000000000e+02 
7.140000000000000000e+02 7.890000000000000000e+02 
0
-1
-1
673
-1.58167294763
-1.57950612244
-1.58677285423
547
7.160000000000000000e+02 
7.150000000000000000e+02 
0
-1
-1
674
-1.58976805026
-1.58956631369
-1.5063334513
548
7.170000000000000000e+02 
7.160000000000000000e+02 
0
-1
-1
675
-1.59456166912
-1.61605341569
-1.43991788209
549
7.180000000000000000e+02 
7.170000000000000000e+02 
0
-1
-1
676
-1.59852409215
-1.64537672336
-1.42598545373
549
7.190000000000000000e+02 
7.180000000000000000e+02 
0
-1
-1
677
-1.60595493646
-1.64521350807
-1.41649333526
550
7.200000000000000000e+02 
7.190000000000000000e+02 
0
-1
-1
678
-1.6084817984
-1.67430546877
-1.38089656911
550
7.210000000000000000e+02 
7.200000000000000000e+02 
0
-1
-1
679
-1.61457470215
-1.67916488312
-1.35764817014
551
7.220000000000000000e+02 
7.210000000000000000e+02 
0
-1
-1
680
-1.61386974632
-1.71274968841
-1.31614929436
551
7.230000000000000000e+02 
7.220000000000000000e+02 
0
-1
-1
681
-1.61932186751
-1.71728951583
-1.29659945797
552
7.240000000000000000e+02 
7.230000000000000000e+02 
0
-1
-1
682
-1.61913793788
-1.74072664024
-1.26404678778
552
7.250000000000000000e+02 
7.240000000000000000e+02 
0
-1
-1
683
-1.62265136096
-1.74984216447
-1.25253828524
553
7.260000000000000000e+02 
7.250000000000000000e+02 
0
-1
-1
684
-1.61936465454
-1.77768838267
-1.21582008899
553
7.270000000000000000e+02 
7.260000000000000000e+02 
0
-1
-1
685
-1.62547233176
-1.77737629595
-1.20708772373
554
7.280000000000000000e+02 
7.270000000000000000e+02 
0
-1
-1
686
-1.62269144474
-1.800074823
-1.18098632631
555
7.290000000000000000e+02 
7.280000000000000000e+02 
0
-1
-1
687
-1.61710914942
-1.82716475826
-1.15321084296
556
7.300000000000000000e+02 
7.290000000000000000e+02 
0
-1
-1
688
-1.61076418892
-1.85405645143
-1.1368561947
556
7.310000000000000000e+02 
7.300000000000000000e+02 
0
-1
-1
689
-1.61447606042
-1.85791443949
-1.13016740982
557
7.320000000000000000e+02 
7.310000000000000000e+02 
0
-1
-1
690
-1.61219763542
-1.8706120927
-0.985689724789
558
7.330000000000000000e+02 
7.320000000000000000e+02 
0
-1
-1
691
-1.60452761559
-1.88763093734
-0.955518655916
559
7.340000000000000000e+02 
7.330000000000000000e+02 
0
-1
-1
692
-1.59305184684
-1.91157421782
-0.990050045237
560
7.350000000000000000e+02 
7.340000000000000000e+02 
0
-1
-1
693
-1.58316139946
-1.93506903104
-0.996680084514
561
7.360000000000000000e+02 
7.350000000000000000e+02 
0
-1
-1
694
-1.57768703176
-1.94775261219
-0.882855321427
562
7.370000000000000000e+02 
7.360000000000000000e+02 
0
-1
-1
695
-1.5690361686
-1.96377110884
-0.859922651901
563
7.380000000000000000e+02 
7.370000000000000000e+02 
0
-1
-1
696
-1.56479147913
-1.97101039605
-0.737529302236
564
7.390000000000000000e+02 
7.380000000000000000e+02 
0
-1
-1
697
-1.55574535819
-1.98041185381
-0.702372804251
565
7.400000000000000000e+02 
7.390000000000000000e+02 
0
-1
-1
698
-1.55189195615
-1.98474808038
-0.627200966187
566
7.410000000000000000e+02 
7.400000000000000000e+02 
0
-1
-1
699
-1.55375857242
-1.98368145008
-0.572111841606
567
7.420000000000000000e+02 
7.410000000000000000e+02 
0
-1
-1
700
-1.54210096958
-1.98923497507
-0.447153698023
568
7.430000000000000000e+02 
7.420000000000000000e+02 
0
-1
-1
701
-1.52293868093
-1.99753558523
-0.390274986566
569
7.440000000000000000e+02 
7.430000000000000000e+02 
0
-1
-1
702
-1.50300959795
-2.00166455277
-0.294274313589
570
7.450000000000000000e+02 
7.440000000000000000e+02 
0
-1
-1
703
-1.48036357522
-2.00547857084
-0.186900414799
571
7.460000000000000000e+02 
7.450000000000000000e+02 
0
-1
-1
704
-1.47774924998
-2.00209386819
-0.110102132225
572
7.470000000000000000e+02 
7.460000000000000000e+02 
0
-1
-1
705
-1.4602614756
-1.99947612552
-0.0272283941284
573
7.480000000000000000e+02 
7.470000000000000000e+02 
0
-1
-1
706
-1.44738194889
-1.99372246565
0.115021802178
574
7.490000000000000000e+02 
7.480000000000000000e+02 
0
-1
-1
707
-1.43654580057
-1.98560118276
0.223999404759
575
7.500000000000000000e+02 
7.490000000000000000e+02 
0
-1
-1
708
-1.4196081562
-1.97506286818
0.294605318955
576
7.510000000000000000e+02 
7.500000000000000000e+02 
0
-1
-1
709
-1.40502456126
-1.96152605917
0.457640417001
577
7.520000000000000000e+02 
7.510000000000000000e+02 
0
-1
-1
710
-1.39227174055
-1.94452253824
0.636405545657
578
7.530000000000000000e+02 
7.520000000000000000e+02 
0
-1
-1
711
-1.37237956704
-1.91727862673
0.707801532135
579
7.540000000000000000e+02 
7.530000000000000000e+02 
0
-1
-1
712
-1.35607685356
-1.89197368707
0.780879188618
580
7.550000000000000000e+02 
7.540000000000000000e+02 
0
-1
-1
713
-1.34512409658
-1.86765584748
0.842639315727
581
7.560000000000000000e+02 
7.550000000000000000e+02 
0
-1
-1
714
-1.33572672043
-1.84427523467
0.864232705322
582
7.570000000000000000e+02 
7.560000000000000000e+02 
0
-1
-1
715
-1.32389671437
-1.81671174133
0.905010143185
583
7.580000000000000000e+02 
7.570000000000000000e+02 
0
-1
-1
716
-1.31007688613
-1.78433511198
0.955422412309
584
7.590000000000000000e+02 
7.580000000000000000e+02 
0
-1
-1
717
-1.30043538098
-1.75497836923
1.00497029777
585
7.600000000000000000e+02 
7.590000000000000000e+02 
0
-1
-1
718
-1.29185111451
-1.72480824645
1.04570459446
586
7.610000000000000000e+02 
7.600000000000000000e+02 
0
-1
-1
719
-1.28205465505
-1.68966696724
1.09782611904
587
7.620000000000000000e+02 
7.610000000000000000e+02 
0
-1
-1
720
-1.2737652422
-1.65384345324
1.14033572786
587
7.630000000000000000e+02 
7.620000000000000000e+02 
0
-1
-1
721
-1.2865019341
-1.68089811764
1.11589767761
588
7.640000000000000000e+02 

0
-1
-1
722
-1.28432065522
-1.67637617979
1.13354388534
588
7.650000000000000000e+02 

0
-1
-1
723
-1.27600652094
-1.65845356277
1.14216980919
589
7.660000000000000000e+02 
7.650000000000000000e+02 
0
-1
-1
724
-1.27382010791
-1.65383388333
1.1421337434
284
7.670000000000000000e+02 
7.660000000000000000e+02 
0
-1
-1
725
-1.2667814522
-1.60796566579
1.14775636778
284
7.690000000000000000e+02 
7.680000000000000000e+02 
0
-1
-1
726
-1.22381905917
-1.44787015728
1.12548119865
287
7.720000000000000000e+02 
7.710000000000000000e+02 
0
-1
-1
727
-1.2315312832
-1.43970702275
1.15829658491
589
7.730000000000000000e+02 
7.720000000000000000e+02 
0
-1
-1
728
-1.23393006454
-1.41560289716
1.31424166947
590
7.740000000000000000e+02 
7.730000000000000000e+02 
0
-1
-1
729
-1.23450996606
-1.37818661468
1.31924251442
590
7.750000000000000000e+02 
7.740000000000000000e+02 
0
-1
-1
730
-1.23712570408
-1.35800777933
2.21890738934
531
7.770000000000000000e+02 
7.760000000000000000e+02 
0
-1
-1
731
-1.33119979264
-1.35177222398
-2.79621777611
533
7.790000000000000000e+02 
7.780000000000000000e+02 
0
-1
-1
732
-1.45597895737
-1.39539890347
-2.29446353436
538
7.810000000000000000e+02 
7.800000000000000000e+02 
0
-1
-1
733
-1.48336016911
-1.42327708595
-2.13953769274
539
7.830000000000000000e+02 
7.820000000000000000e+02 
0
-1
-1
734
-1.52405180885
-1.46777334168
-1.94281562962
541
7.850000000000000000e+02 
7.840000000000000000e+02 
0
-1
-1
735
-1.55243615719
-1.50831564886
-1.70448898898
543
7.870000000000000000e+02 
7.860000000000000000e+02 
0
-1
-1
736
-1.56926744192
-1.54587776122
-1.6149311026
545
7.890000000000000000e+02 
7.880000000000000000e+02 
0
-1
-1
-
672.0
736
