0.0
30.0
30.0
17.904745236938613
1.5
0.000000000000000000e+00 
1.0
29.967831516418435
29.642338451166975
18.704745236938614
1.5
1.000000000000000000e+00 5.000000000000000000e+00 7.000000000000000000e+00 1.470000000000000000e+02 1.480000000000000000e+02 1.490000000000000000e+02 1.500000000000000000e+02 1.510000000000000000e+02 1.520000000000000000e+02 1.530000000000000000e+02 1.540000000000000000e+02 1.550000000000000000e+02 2.190000000000000000e+02 2.200000000000000000e+02 2.210000000000000000e+02 2.220000000000000000e+02 2.230000000000000000e+02 2.240000000000000000e+02 2.250000000000000000e+02 2.260000000000000000e+02 2.270000000000000000e+02 2.280000000000000000e+02 2.290000000000000000e+02 2.300000000000000000e+02 2.340000000000000000e+02 1.218000000000000000e+03 1.219000000000000000e+03 
2.0
29.8404269058438
29.06785929526757
20.052118794861155
1.5
2.000000000000000000e+00 
3.0
28.66717854690818
27.694957231448406
22.635209796780142
1.5
3.000000000000000000e+00 2.310000000000000000e+02 
4.0
28.02936551087649
27.232305406007868
22.89385730611216
1.5
4.000000000000000000e+00 2.330000000000000000e+02 
5.0
26.524436752514
27.226681569035147
26.35046859922728
1.5
6.000000000000000000e+00 8.000000000000000000e+00 9.000000000000000000e+00 1.560000000000000000e+02 
6.0
15.005420314529378
28.158360688120162
26.618256511463102
11.449999999999974
1.000000000000000000e+01 1.100000000000000000e+01 1.570000000000000000e+02 1.580000000000000000e+02 1.590000000000000000e+02 1.216000000000000000e+03 1.217000000000000000e+03 
7.0
8.73027203841114
28.489732813943
26.53584616499915
2.300000000000008
1.200000000000000000e+01 1.600000000000000000e+02 1.610000000000000000e+02 
8.0
4.265853198885282
28.64494500559258
26.43878539121535
1.5
1.300000000000000000e+01 1.620000000000000000e+02 1.213000000000000000e+03 
9.0
2.861567198836199
28.694950243498205
26.408056674565795
1.5
1.400000000000000000e+01 1.630000000000000000e+02 1.209000000000000000e+03 1.210000000000000000e+03 
10.0
1.7738050647992618
28.72151735027945
26.217538973717613
1.5
1.500000000000000000e+01 1.640000000000000000e+02 
11.0
79.58388024695527
27.374868200582522
21.303733449038837
1.5
1.600000000000000000e+01 1.700000000000000000e+01 1.650000000000000000e+02 1.206000000000000000e+03 
12.0
78.4353492416728
23.644842896690076
17.621122117327186
20.499999999999954
1.800000000000000000e+01 1.900000000000000000e+01 2.000000000000000000e+01 2.100000000000000000e+01 2.200000000000000000e+01 2.300000000000000000e+01 1.660000000000000000e+02 1.670000000000000000e+02 1.680000000000000000e+02 1.190000000000000000e+03 1.191000000000000000e+03 1.192000000000000000e+03 1.193000000000000000e+03 1.194000000000000000e+03 1.195000000000000000e+03 1.196000000000000000e+03 1.197000000000000000e+03 1.198000000000000000e+03 1.199000000000000000e+03 1.200000000000000000e+03 1.201000000000000000e+03 1.202000000000000000e+03 1.203000000000000000e+03 1.204000000000000000e+03 1.205000000000000000e+03 
13.0
2.4787721131452223
79.51049362634923
16.509827341897278
50.600000000001245
2.400000000000000000e+01 2.500000000000000000e+01 2.600000000000000000e+01 2.700000000000000000e+01 2.800000000000000000e+01 1.690000000000000000e+02 1.700000000000000000e+02 1.710000000000000000e+02 1.720000000000000000e+02 1.730000000000000000e+02 1.740000000000000000e+02 1.750000000000000000e+02 1.760000000000000000e+02 1.770000000000000000e+02 1.161000000000000000e+03 1.165000000000000000e+03 1.166000000000000000e+03 1.167000000000000000e+03 1.168000000000000000e+03 1.169000000000000000e+03 1.170000000000000000e+03 1.171000000000000000e+03 1.172000000000000000e+03 1.173000000000000000e+03 1.174000000000000000e+03 1.175000000000000000e+03 1.176000000000000000e+03 1.177000000000000000e+03 1.178000000000000000e+03 1.179000000000000000e+03 1.180000000000000000e+03 1.181000000000000000e+03 1.182000000000000000e+03 1.183000000000000000e+03 1.184000000000000000e+03 1.185000000000000000e+03 1.186000000000000000e+03 1.187000000000000000e+03 1.188000000000000000e+03 1.189000000000000000e+03 
14.0
7.374140023438828
55.71852879574577
16.220409841211683
18.349999999999923
2.900000000000000000e+01 3.000000000000000000e+01 3.100000000000000000e+01 1.780000000000000000e+02 1.790000000000000000e+02 1.154000000000000000e+03 1.155000000000000000e+03 1.156000000000000000e+03 1.157000000000000000e+03 1.158000000000000000e+03 1.159000000000000000e+03 1.160000000000000000e+03 1.162000000000000000e+03 1.163000000000000000e+03 1.164000000000000000e+03 
15.0
8.540161320552354
45.34579194399684
15.93288626291099
1.5
3.200000000000000000e+01 3.300000000000000000e+01 1.800000000000000000e+02 1.810000000000000000e+02 1.820000000000000000e+02 
16.0
10.155377289178968
38.73095628987221
16.00422635368446
1.5
3.400000000000000000e+01 1.830000000000000000e+02 
17.0
10.708618091832568
36.065524241686795
16.80276432771347
1.5
3.500000000000000000e+01 1.840000000000000000e+02 
18.0
11.022601336046028
32.40297837290603
16.2488899554237
1.5
3.600000000000000000e+01 1.850000000000000000e+02 
19.0
11.564279986066811
29.73882935779894
16.158933490542356
1.5
3.700000000000000000e+01 1.860000000000000000e+02 
20.0
12.066042193988869
27.18602623125991
16.18298570445098
1.5
3.800000000000000000e+01 
21.0
12.54002159338402
24.5967627046206
16.17417011155069
1.5
3.900000000000000000e+01 
22.0
12.720623681457466
23.689577116738207
16.173918270221595
1.5
4.000000000000000000e+01 
23.0
13.191319397183168
21.847269683318295
14.511490416387295
1.5
4.100000000000000000e+01 
24.0
14.058388539990478
20.37659069187077
13.18349428228639
1.5
4.200000000000000000e+01 1.140000000000000000e+03 
25.0
16.18266390651696
18.898842802974215
11.201990292360495
1.5
4.300000000000000000e+01 1.138000000000000000e+03 
26.0
20.473196326152195
18.380979290623895
8.25219869377387
3.0499999999999865
4.400000000000000000e+01 4.500000000000000000e+01 1.131000000000000000e+03 1.132000000000000000e+03 1.133000000000000000e+03 1.134000000000000000e+03 1.135000000000000000e+03 1.136000000000000000e+03 1.137000000000000000e+03 
27.0
27.22097919159148
19.280018709411852
7.795273233221927
1.5
4.600000000000000000e+01 1.128000000000000000e+03 
28.0
31.693803255829593
19.974771757024772
7.755279452030745
1.5
4.700000000000000000e+01 
29.0
34.666590483478686
20.660973498953528
7.050698450436018
1.5
4.800000000000000000e+01 
30.0
36.39523480606449
21.11273687742631
7.175844245568429
1.5
4.900000000000000000e+01 1.121000000000000000e+03 
31.0
39.36775377044187
21.500190702115113
8.071722321061365
1.5
5.000000000000000000e+01 
32.0
42.367635387293205
21.79082895264739
8.019550134036049
1.5
5.100000000000000000e+01 
33.0
46.395830934770736
22.112967707670173
8.062260516179158
1.5
5.200000000000000000e+01 1.117000000000000000e+03 
34.0
49.12612082890951
22.63086645487926
6.941529678431896
1.5
5.300000000000000000e+01 
35.0
51.91628977796031
23.47416869359
6.912199904254505
1.5
5.400000000000000000e+01 5.500000000000000000e+01 1.112000000000000000e+03 1.113000000000000000e+03 
36.0
57.00610368132071
24.371930027621378
7.759047622593394
1.5
5.600000000000000000e+01 5.700000000000000000e+01 1.920000000000000000e+02 1.107000000000000000e+03 1.108000000000000000e+03 1.109000000000000000e+03 
37.0
63.66115711384026
25.331122551384368
7.097571391383262
1.5
5.800000000000000000e+01 5.900000000000000000e+01 6.000000000000000000e+01 1.100000000000000000e+03 1.101000000000000000e+03 1.102000000000000000e+03 
38.0
73.34948885576044
28.453573387483733
7.705643474880576
18.099999999999604
6.100000000000000000e+01 6.200000000000000000e+01 6.300000000000000000e+01 6.400000000000000000e+01 6.500000000000000000e+01 6.600000000000000000e+01 1.930000000000000000e+02 1.940000000000000000e+02 1.950000000000000000e+02 1.960000000000000000e+02 1.970000000000000000e+02 1.076000000000000000e+03 1.077000000000000000e+03 1.079000000000000000e+03 1.080000000000000000e+03 1.081000000000000000e+03 1.082000000000000000e+03 1.083000000000000000e+03 1.084000000000000000e+03 1.085000000000000000e+03 1.086000000000000000e+03 1.087000000000000000e+03 1.088000000000000000e+03 1.089000000000000000e+03 1.090000000000000000e+03 1.091000000000000000e+03 1.092000000000000000e+03 1.093000000000000000e+03 1.094000000000000000e+03 
39.0
16.100633579151655
30.086811379040466
8.326913991663467
4.049999999999919
6.700000000000000000e+01 6.800000000000000000e+01 6.900000000000000000e+01 1.980000000000000000e+02 1.990000000000000000e+02 2.000000000000000000e+02 2.010000000000000000e+02 1.066000000000000000e+03 1.067000000000000000e+03 1.068000000000000000e+03 1.069000000000000000e+03 1.070000000000000000e+03 1.071000000000000000e+03 1.072000000000000000e+03 1.073000000000000000e+03 1.074000000000000000e+03 1.075000000000000000e+03 1.078000000000000000e+03 
40.0
25.81346409391078
30.80471104518055
8.39456323714964
1.5
7.000000000000000000e+01 2.020000000000000000e+02 1.060000000000000000e+03 1.061000000000000000e+03 
41.0
27.61956533267593
30.907858780265613
8.373557406683142
1.5
7.100000000000000000e+01 2.030000000000000000e+02 1.059000000000000000e+03 
42.0
29.525674054769713
31.002536301900605
8.373129444112507
1.5
7.200000000000000000e+01 2.040000000000000000e+02 
43.0
33.00437436186223
31.25263903502681
8.14907597777025
1.5
7.300000000000000000e+01 2.050000000000000000e+02 1.053000000000000000e+03 
44.0
35.688861141457316
31.482336675628467
8.059310191147048
1.5
7.400000000000000000e+01 1.050000000000000000e+03 
45.0
37.98425668258084
31.77253066783871
8.081174627315253
1.5
7.500000000000000000e+01 
46.0
39.0045321775172
31.871092777202826
8.048583480266418
1.5
7.600000000000000000e+01 1.046000000000000000e+03 
47.0
40.837948366983795
32.12882410398819
6.5005823006002705
1.5
7.700000000000000000e+01 
48.0
42.16159220391793
32.61774481500972
5.603876686291428
1.5
7.800000000000000000e+01 
49.0
44.33933865291087
34.318290183773016
3.402336973742303
1.5
7.900000000000000000e+01 
50.0
45.511840308720934
36.062400139964396
2.3545252018667213
1.5
8.000000000000000000e+01 
51.0
46.07512471433586
37.45525677067992
2.2146084810122937
1.5
8.100000000000000000e+01 
52.0
46.39695201713374
38.28594615432414
2.1746838415929965
1.5
8.200000000000000000e+01 
53.0
46.85152833370121
40.571427333597825
0.5590587545577819
1.5
8.300000000000000000e+01 
54.0
46.93993180651503
42.26596064983773
0.23333474243167873
1.5
8.400000000000000000e+01 
55.0
46.98416244816158
44.965880794263654
0.15827346051338242
1.5
8.500000000000000000e+01 
56.0
47.048585321613004
47.69885676551823
0.011008569560384318
1.5
8.600000000000000000e+01 
57.0
46.609172986223314
50.686640943575355
33.48929042976596
1.5
8.700000000000000000e+01 
58.0
46.13361579951666
52.50743935988932
32.28280175519591
1.5
8.800000000000000000e+01 
59.0
45.408078296152276
54.03297795898477
32.29624650850657
1.5
8.900000000000000000e+01 
60.0
44.67140546316563
55.80808852326326
32.744559850089594
1.5
9.000000000000000000e+01 9.990000000000000000e+02 1.000000000000000000e+03 1.001000000000000000e+03 
61.0
43.147885298472495
59.02235785528927
31.686740138596697
1.5
9.100000000000000000e+01 9.200000000000000000e+01 9.960000000000000000e+02 9.970000000000000000e+02 9.980000000000000000e+02 
62.0
38.99881875389909
64.85103209560032
30.526312033948336
1.5
9.300000000000000000e+01 9.950000000000000000e+02 
63.0
36.854432627723575
66.74457216316233
29.458984844316152
1.5
9.400000000000000000e+01 9.940000000000000000e+02 
64.0
35.17581963716156
67.6273808900099
28.467080877567312
1.5
9.500000000000000000e+01 9.920000000000000000e+02 9.930000000000000000e+02 
65.0
33.49113201383006
68.27626089126674
28.419000977696903
1.5
9.600000000000000000e+01 9.910000000000000000e+02 
66.0
31.686090946907335
68.825123091835
27.197544672641698
1.5
9.700000000000000000e+01 
67.0
29.778141124745016
68.93503367682266
26.192698672169655
1.5
9.800000000000000000e+01 9.860000000000000000e+02 9.870000000000000000e+02 
68.0
27.88849907218219
68.88377497848573
26.228773902682754
1.5
9.900000000000000000e+01 9.830000000000000000e+02 9.840000000000000000e+02 9.850000000000000000e+02 
69.0
25.869258332326442
68.87270434730384
26.178872002978302
1.5
1.000000000000000000e+02 
70.0
24.884429194848767
68.86211487656125
26.265318340872177
1.5
1.010000000000000000e+02 
71.0
22.845354360587386
68.66790180392913
23.797830857921102
1.5
1.020000000000000000e+02 
72.0
18.91996675382483
66.85634832165849
23.333169761692403
1.5
1.030000000000000000e+02 
73.0
17.396979369221985
66.01809482000564
23.302053549612637
1.5
1.040000000000000000e+02 
74.0
16.502299806201798
65.51656304436369
23.215029140788143
1.5
1.050000000000000000e+02 
75.0
14.956120783843307
64.64907068347682
23.289699960371436
1.5
1.060000000000000000e+02 
76.0
13.31101295879378
63.759173037125336
23.174843733097184
1.5
1.070000000000000000e+02 
77.0
11.84322474612125
62.879037534511255
22.837267497831505
1.5
1.080000000000000000e+02 9.720000000000000000e+02 9.730000000000000000e+02 
78.0
9.270506859531302
61.15836239630572
22.827805203882708
1.5
1.090000000000000000e+02 
79.0
7.6423343455028725
60.06640132057652
22.826426991504107
1.5
1.100000000000000000e+02 9.670000000000000000e+02 
80.0
5.870121602548772
58.840457128156686
22.82566267251923
1.5
1.110000000000000000e+02 
81.0
4.305115159204562
57.67909512124784
22.084259175903316
1.5
1.120000000000000000e+02 9.640000000000000000e+02 
82.0
3.5955901308880316
57.04167568147621
22.131238957584934
1.5
1.130000000000000000e+02 9.630000000000000000e+02 
83.0
2.804186099286356
56.33388181703084
22.13258314707086
1.5
1.140000000000000000e+02 9.620000000000000000e+02 
84.0
1.9681790417596106
55.585984035807606
22.12369879200169
1.5
1.150000000000000000e+02 9.610000000000000000e+02 
85.0
0.42073874098086406
54.19616475176635
22.085297120677055
1.5
1.160000000000000000e+02 1.170000000000000000e+02 1.270000000000000000e+02 1.290000000000000000e+02 9.580000000000000000e+02 9.590000000000000000e+02 9.600000000000000000e+02 
86.0
75.72588855670091
49.900627247618345
22.115773647313418
1.5
1.180000000000000000e+02 1.190000000000000000e+02 1.330000000000000000e+02 9.520000000000000000e+02 9.530000000000000000e+02 9.540000000000000000e+02 9.550000000000000000e+02 9.560000000000000000e+02 9.570000000000000000e+02 
87.0
69.43599962758739
44.04663198720872
22.147887534500157
1.5
1.200000000000000000e+02 9.480000000000000000e+02 9.490000000000000000e+02 
88.0
67.84661267777966
42.59357231316579
22.244331670950338
1.5
1.210000000000000000e+02 9.450000000000000000e+02 
89.0
65.51213242008305
41.706223065768235
25.353421778882428
1.5
1.220000000000000000e+02 
90.0
62.61653724938174
42.02073502339624
28.748811140393794
1.5
1.230000000000000000e+02 
91.0
59.872620668728224
43.72290315142468
30.11950507246204
1.5
1.240000000000000000e+02 9.410000000000000000e+02 9.420000000000000000e+02 9.430000000000000000e+02 
92.0
57.501338245559296
45.67035086809728
31.10628868331009
1.5
1.250000000000000000e+02 
93.0
56.35452577878176
47.03576785949234
30.96394469077162
1.5
1.260000000000000000e+02 9.350000000000000000e+02 9.360000000000000000e+02 9.370000000000000000e+02 
94.0
50.960634655445475
52.09378160127078
30.24851743865689
1.5
1.280000000000000000e+02 9.270000000000000000e+02 9.280000000000000000e+02 9.290000000000000000e+02 9.300000000000000000e+02 9.310000000000000000e+02 
95.0
46.43875592459803
55.430599181479906
30.172782633068103
1.5
1.300000000000000000e+02 1.310000000000000000e+02 1.320000000000000000e+02 2.150000000000000000e+02 9.180000000000000000e+02 9.230000000000000000e+02 9.240000000000000000e+02 9.250000000000000000e+02 9.260000000000000000e+02 
96.0
38.04425438733774
64.1557569713947
31.213224010135317
1.5
1.340000000000000000e+02 1.350000000000000000e+02 1.360000000000000000e+02 9.120000000000000000e+02 9.130000000000000000e+02 9.140000000000000000e+02 9.150000000000000000e+02 9.160000000000000000e+02 9.170000000000000000e+02 
97.0
29.78123133855872
74.23045739129107
31.188673268720006
1.5
1.370000000000000000e+02 2.180000000000000000e+02 9.050000000000000000e+02 9.110000000000000000e+02 
98.0
27.787468248345064
76.72035615890564
30.294876418997468
1.5
1.380000000000000000e+02 9.000000000000000000e+02 
99.0
26.111168899244294
78.2404513318081
30.06945313145107
1.5
1.390000000000000000e+02 
100.0
25.30360408937749
78.90963668549779
29.67476355303354
1.5
1.400000000000000000e+02 
101.0
24.381417326891846
79.56726161219378
28.12306273222206
1.5
1.410000000000000000e+02 
102.0
23.297139611240578
79.93415497372007
25.979279338316466
1.5
1.420000000000000000e+02 8.930000000000000000e+02 8.940000000000000000e+02 8.960000000000000000e+02 
103.0
20.446818862694418
78.67897625031694
22.008916883400694
1.5
1.430000000000000000e+02 8.900000000000000000e+02 8.910000000000000000e+02 8.920000000000000000e+02 
104.0
17.380646167219567
75.67168203131466
21.18877564291317
1.5
1.440000000000000000e+02 1.450000000000000000e+02 1.460000000000000000e+02 8.880000000000000000e+02 8.890000000000000000e+02 
105.0
13.83312023553023
19.936105467014936
13.653037129644302
1.5
1.870000000000000000e+02 
106.0
39.10780817390916
20.80405718585163
7.398654321890419
1.5
1.880000000000000000e+02 
107.0
41.132910100304805
21.37456030644334
7.404436883844086
1.5
1.890000000000000000e+02 
108.0
42.15747341046114
21.61388397803751
7.353930402709661
1.5
1.900000000000000000e+02 
109.0
45.366189943856924
21.96798657631781
8.259624702837456
1.5
1.910000000000000000e+02 1.116000000000000000e+03 
110.0
20.777232370196582
67.6599795776865
24.33814306638371
1.5
2.060000000000000000e+02 
111.0
18.715013277634853
66.76785269100692
23.249871182218783
1.5
2.070000000000000000e+02 
112.0
16.896728597000955
65.72752189556184
23.29067132581538
1.5
2.080000000000000000e+02 
113.0
16.026962265972525
65.23262065760176
23.32168069763559
1.5
2.090000000000000000e+02 9.780000000000000000e+02 
114.0
15.013542651383112
64.65429719121805
23.331936508393525
1.5
2.100000000000000000e+02 9.770000000000000000e+02 
115.0
10.240699424589293
61.76177099848135
23.136190196593397
1.5
2.110000000000000000e+02 9.710000000000000000e+02 
116.0
72.08692358328973
45.83348093904035
21.324032779768345
1.5
2.120000000000000000e+02 9.500000000000000000e+02 9.510000000000000000e+02 
117.0
66.22418068506155
40.598974244310675
24.1166087313334
1.5
2.130000000000000000e+02 
118.0
53.81460485660382
48.32215825878296
30.708080649186286
1.5
2.140000000000000000e+02 9.320000000000000000e+02 9.330000000000000000e+02 9.340000000000000000e+02 
119.0
44.49700033617193
56.65854504668268
30.12453223882294
1.5
2.160000000000000000e+02 2.170000000000000000e+02 9.190000000000000000e+02 9.200000000000000000e+02 9.210000000000000000e+02 9.220000000000000000e+02 
120.0
8.610835906468045
61.65455981423901
21.42357090306796
1.5
2.320000000000000000e+02 
121.0
8.478118379096069
61.534621974261455
25.204918877370723
1.5
2.350000000000000000e+02 
122.0
76.25952168024482
18.683491095315958
5.853309202387308
1.5
2.360000000000000000e+02 
123.0
76.18609653069333
17.782451179823525
6.653309202387309
1.5
2.370000000000000000e+02 2.950000000000000000e+02 6.540000000000000000e+02 
124.0
76.000020377117
16.413748811419794
6.9179518430255555
1.5
2.380000000000000000e+02 2.960000000000000000e+02 
125.0
75.73832894157552
14.532380367265162
6.885715533830869
1.5
2.390000000000000000e+02 2.970000000000000000e+02 
126.0
75.50091069685979
12.709580532266472
6.908758103338663
1.5
2.400000000000000000e+02 3.200000000000000000e+02 
127.0
75.34303998512522
11.570563722078987
6.775327945242701
1.5
2.410000000000000000e+02 7.600000000000000000e+02 
128.0
75.20585179850555
10.454701309338162
5.862634125029256
1.5
2.420000000000000000e+02 3.000000000000000000e+02 
129.0
75.25737864417904
9.408289828703886
4.662689302581917
1.5
2.430000000000000000e+02 3.220000000000000000e+02 7.570000000000000000e+02 
130.0
75.86203783288568
7.543581209510208
3.784196996888536
1.5
2.440000000000000000e+02 3.020000000000000000e+02 7.560000000000000000e+02 
131.0
76.58736730634463
5.628085587761404
3.778122751669116
1.5
2.450000000000000000e+02 3.030000000000000000e+02 
132.0
77.30479327098354
3.753105444351121
3.7378704143351307
1.5
2.460000000000000000e+02 3.380000000000000000e+02 4.550000000000000000e+02 6.600000000000000000e+02 
133.0
77.69906508245157
2.749531507722196
2.8495060416148252
1.5
2.470000000000000000e+02 3.390000000000000000e+02 4.540000000000000000e+02 7.540000000000000000e+02 
134.0
78.20019041615718
1.899820415061896
2.416413918094415
1.5
2.480000000000000000e+02 4.530000000000000000e+02 
135.0
78.75124326523496
1.1042190977678246
1.7472114477656078
1.5
2.490000000000000000e+02 
136.0
79.41962077331738
0.37140851205096226
1.6366882641058496
1.5
2.500000000000000000e+02 
137.0
0.19971083059134287
79.56231146711798
1.377922498607889
1.5
2.510000000000000000e+02 
138.0
1.759960999520402
78.0727708806976
0.7485378734313706
1.5
2.520000000000000000e+02 
139.0
2.3436449709285867
77.68167078615159
0.8446956043424674
1.5
2.530000000000000000e+02 
140.0
3.166119743668233
77.0653120089974
0.8581872569821716
1.5
2.540000000000000000e+02 
141.0
4.097758468928525
76.36882658885261
0.6695284048623336
1.5
2.550000000000000000e+02 
142.0
5.885136992473207
75.14056494092294
0.6890301337546241
1.5
2.560000000000000000e+02 
143.0
6.735681447766069
74.56982403983419
0.40649085272395524
1.5
2.570000000000000000e+02 
144.0
8.695395084509848
73.46348555429417
34.96624479008959
1.5
2.580000000000000000e+02 
145.0
10.606942785691267
72.57495000642855
34.296693786740704
1.5
2.590000000000000000e+02 
146.0
12.677674850498576
71.85828741778711
34.06574404107763
1.5
2.600000000000000000e+02 
147.0
14.77373358117432
71.296211158487
33.6505878148544
1.5
2.610000000000000000e+02 
148.0
16.852270007284936
70.86704817849605
33.58188518619683
1.5
2.620000000000000000e+02 
149.0
17.93797376744274
70.67040247497877
32.8968399784407
1.5
2.630000000000000000e+02 
150.0
20.077223855014893
70.6373367572543
31.617622733284342
1.5
2.640000000000000000e+02 
151.0
22.12033492970918
71.03242845187407
30.6663420681216
1.5
2.650000000000000000e+02 
152.0
23.07077059241069
71.28396985157244
30.455735382280224
1.5
2.660000000000000000e+02 
153.0
24.12152867633793
71.56329787549322
29.96237213174356
1.5
2.670000000000000000e+02 
154.0
26.118644889889744
72.5687237469335
28.72934759311579
1.5
2.680000000000000000e+02 
155.0
28.644380839720597
74.32858054884795
28.027961210415853
1.5
2.690000000000000000e+02 
156.0
29.507434795859588
75.13441153574466
27.552316214107744
1.5
2.700000000000000000e+02 
157.0
30.258813960789354
75.87368742532075
26.805742987597526
1.5
2.710000000000000000e+02 
158.0
30.858179980994848
76.67032536350885
26.026466587487278
1.5
2.720000000000000000e+02 
159.0
31.71750231980053
79.86358429844374
24.14444638751553
1.5
2.730000000000000000e+02 
160.0
31.953774132247275
3.7032000984249294
23.60357347531784
1.5
2.740000000000000000e+02 5.110000000000000000e+02 
161.0
31.852199216621884
6.054361387936012
22.091077294064057
1.5
2.750000000000000000e+02 5.080000000000000000e+02 5.090000000000000000e+02 5.100000000000000000e+02 6.240000000000000000e+02 1.040000000000000000e+02 
162.0
30.12112428623236
10.079404073146662
20.261568118414004
1.5
2.760000000000000000e+02 2.770000000000000000e+02 6.260000000000000000e+02 
163.0
26.580010334803767
14.18980753039196
19.09927827607123
1.5
2.780000000000000000e+02 5.000000000000000000e+02 5.010000000000000000e+02 6.280000000000000000e+02 
164.0
24.119944663631316
16.561877050247503
18.257869502942025
1.5
2.790000000000000000e+02 2.800000000000000000e+02 4.940000000000000000e+02 6.350000000000000000e+02 7.850000000000000000e+02 
165.0
17.181799607321253
20.042635402704235
16.45545400476331
1.5
2.810000000000000000e+02 2.820000000000000000e+02 4.870000000000000000e+02 4.880000000000000000e+02 4.890000000000000000e+02 4.900000000000000000e+02 4.910000000000000000e+02 4.920000000000000000e+02 4.930000000000000000e+02 6.360000000000000000e+02 6.370000000000000000e+02 6.390000000000000000e+02 7.750000000000000000e+02 7.770000000000000000e+02 
166.0
11.001519953315416
21.15474102148869
15.76501818407252
1.5
2.830000000000000000e+02 
167.0
9.783944016355726
21.28631643706855
15.567472322336599
1.5
2.840000000000000000e+02 4.860000000000000000e+02 6.400000000000000000e+02 7.730000000000000000e+02 7.740000000000000000e+02 
168.0
7.955519299419301
21.49196435538333
15.257045572963406
1.5
2.850000000000000000e+02 3.140000000000000000e+02 
169.0
7.252494226192795
21.52864972522073
14.431392377136163
1.5
2.860000000000000000e+02 3.350000000000000000e+02 6.440000000000000000e+02 
170.0
4.157781030152414
20.800868137861798
12.688718300957873
1.5
2.870000000000000000e+02 3.150000000000000000e+02 4.800000000000000000e+02 4.810000000000000000e+02 4.820000000000000000e+02 
171.0
1.4555654176936272
19.794697058364704
11.97852474588278
1.5
2.880000000000000000e+02 3.160000000000000000e+02 6.470000000000000000e+02 7.650000000000000000e+02 7.660000000000000000e+02 
172.0
77.29987976591636
17.258057146226037
11.398828823451346
1.5
2.890000000000000000e+02 6.480000000000000000e+02 
173.0
76.40279424842473
16.671456987188122
11.109467793247411
1.5
2.900000000000000000e+02 4.730000000000000000e+02 6.490000000000000000e+02 
174.0
74.7878703847742
15.272428889972034
9.58432434877298
1.5
2.910000000000000000e+02 7.640000000000000000e+02 
175.0
73.14861350493456
12.407552314120437
8.282557636846878
1.5
2.920000000000000000e+02 4.670000000000000000e+02 7.620000000000000000e+02 7.630000000000000000e+02 
176.0
72.74463582447589
11.39665584231787
8.162538391116737
1.5
2.930000000000000000e+02 4.660000000000000000e+02 
177.0
72.38785951654755
10.394396065389515
7.110516123014058
1.5
2.940000000000000000e+02 
178.0
72.70386075624995
6.138246313443602
3.807649158512593
1.5
2.980000000000000000e+02 6.560000000000000000e+02 
179.0
73.66982580317001
4.446694233260004
2.752447085487656
1.5
2.990000000000000000e+02 6.570000000000000000e+02 
180.0
75.4102987406037
1.6614740333067886
2.7359096019502758
1.5
3.010000000000000000e+02 
181.0
79.91557134083538
79.57272802853534
1.2052265454973057
1.5
3.040000000000000000e+02 
182.0
0.7418121656106607
78.68536972816321
0.5681221038661484
1.5
3.050000000000000000e+02 
183.0
1.4878098605799082
78.34712795935265
0.27231141736013775
1.5
3.060000000000000000e+02 
184.0
2.4809504057343403
77.55542491825632
0.16425799792334317
1.5
3.070000000000000000e+02 
185.0
10.546533086521478
72.19310949719404
34.74925069675774
1.5
3.080000000000000000e+02 
186.0
13.317529813310898
71.04575728929815
33.368166840352885
1.5
3.090000000000000000e+02 
187.0
14.36147975321066
70.86944740766543
32.69813341274424
1.5
3.100000000000000000e+02 
188.0
19.61561671623079
70.64938476753696
32.431959180184364
1.5
3.110000000000000000e+02 
189.0
26.581772347115106
72.77628114668443
28.453696417662837
1.5
3.120000000000000000e+02 
190.0
28.29215099202122
74.2253968288498
27.330696849802404
1.5
3.130000000000000000e+02 
191.0
72.51152285148684
10.124388481313673
6.949411222969555
1.5
3.170000000000000000e+02 
192.0
72.33374852540157
8.0418461932354
5.153837716512225
1.5
3.180000000000000000e+02 
193.0
72.62759128444577
6.020352740509566
5.113599068806096
1.5
3.190000000000000000e+02 
194.0
73.2305313374035
3.4292126594369137
3.4021328218810094
1.5
3.210000000000000000e+02 
195.0
77.94807628079695
1.62078167420799
1.8000911856513735
1.5
3.230000000000000000e+02 
196.0
79.61276761585607
0.1418388039280245
0.6685375463281087
1.5
3.240000000000000000e+02 
197.0
0.6435478383676525
79.10727448352165
0.7410235344728182
1.5
3.250000000000000000e+02 
198.0
1.651187971621411
78.14744927105878
0.5485583148399034
1.5
3.260000000000000000e+02 
199.0
3.5568993619757663
76.82056230108891
0.43009414723879047
1.5
3.270000000000000000e+02 
200.0
4.104705326934791
76.1995090583512
0.433130188925281
1.5
3.280000000000000000e+02 
201.0
5.03937659127201
75.45886684528358
0.25252269663292104
1.5
3.290000000000000000e+02 7.480000000000000000e+02 
202.0
6.152511432842907
74.38318082780994
34.31250129547602
1.5
3.300000000000000000e+02 4.460000000000000000e+02 
203.0
8.554255372055472
73.32826293949552
34.33611571504065
1.5
3.310000000000000000e+02 
204.0
11.909125255720639
71.74450726134603
33.77975574095131
1.5
3.320000000000000000e+02 
205.0
18.16905582569818
70.93114967305962
32.26607273926449
1.5
3.330000000000000000e+02 
206.0
20.194048233430024
70.66547564352005
31.649231375625277
1.5
3.340000000000000000e+02 
207.0
72.37533973802368
10.5510869742063
7.396638994272777
1.5
3.360000000000000000e+02 
208.0
72.54642951586537
4.986900433079612
3.9719833574024364
1.5
3.370000000000000000e+02 
209.0
79.76246231015836
79.58150306661263
0.9418040602140874
1.5
3.400000000000000000e+02 
210.0
1.3796022121118057
75.79823970258046
0.43468698258254257
1.5
3.410000000000000000e+02 
211.0
2.3883956369299497
75.05511149893563
0.21831337473115653
1.5
3.420000000000000000e+02 
212.0
2.4145319021824605
77.09482573035795
34.93128440951171
1.5
3.430000000000000000e+02 
213.0
4.16053612553268
74.39595896492676
34.33992630233794
1.5
3.440000000000000000e+02 
214.0
25.019583034630287
71.97992838328032
29.962139394332404
1.5
3.450000000000000000e+02 
215.0
26.895079620309048
72.71165081900375
30.03399482219114
1.5
3.460000000000000000e+02 
216.0
28.58376656366103
73.36753459372132
29.908073868776462
1.5
3.470000000000000000e+02 
217.0
30.12982946686425
73.98088256685796
29.857338329501726
1.5
3.480000000000000000e+02 
218.0
30.79357216073896
74.24463802659518
29.893292729813993
1.5
3.490000000000000000e+02 
219.0
31.98170099188974
74.73007171842698
30.11347700039911
1.5
3.500000000000000000e+02 
220.0
32.29860446821482
74.83048258968518
31.1125230111115
1.5
3.510000000000000000e+02 
221.0
32.83687533700666
74.931911835049
31.5715859143803
1.5
3.520000000000000000e+02 
222.0
33.47277063375584
74.98915601900327
33.23934600002731
1.5
3.530000000000000000e+02 
223.0
34.57940741294526
74.76800507131541
34.02362892863746
1.5
3.540000000000000000e+02 7.920000000000000000e+02 
224.0
35.31786994048946
74.53480680720097
34.282695061198545
1.5
3.550000000000000000e+02 4.290000000000000000e+02 5.250000000000000000e+02 6.100000000000000000e+02 
225.0
36.23202242059095
74.20726456430387
0.17269309759092266
1.5
3.560000000000000000e+02 4.260000000000000000e+02 4.280000000000000000e+02 6.090000000000000000e+02 7.150000000000000000e+02 
226.0
37.05125963430102
73.77654284632125
0.1511372002014344
1.5
3.570000000000000000e+02 4.270000000000000000e+02 5.270000000000000000e+02 6.070000000000000000e+02 7.170000000000000000e+02 
227.0
39.68128777277141
72.36910499470531
0.12677807077183267
1.5
3.580000000000000000e+02 
228.0
40.68840712353361
71.82427397385665
0.16306913172868143
1.5
3.590000000000000000e+02 
229.0
41.611636218163156
71.31198645532042
34.63882419405607
1.5
3.600000000000000000e+02 
230.0
42.493758880073514
70.93887428079698
33.988046377389715
1.5
3.610000000000000000e+02 
231.0
43.44194560099302
70.66386447511917
33.56527273215066
1.5
3.620000000000000000e+02 
232.0
44.542312614257256
70.43049974758998
33.421390464425905
1.5
3.630000000000000000e+02 
233.0
45.662301083013574
70.24060481939432
33.38207391764014
1.5
3.640000000000000000e+02 
234.0
47.682697982156164
69.84118744926877
33.306712068823195
1.5
3.650000000000000000e+02 
235.0
47.96794072385084
69.7259144780236
33.319425716759774
1.5
3.660000000000000000e+02 
236.0
49.0593812447207
69.53994929222489
33.31262961468839
1.5
3.670000000000000000e+02 
237.0
50.195361184932196
69.3596150674651
33.2560495613222
1.5
3.680000000000000000e+02 
238.0
51.23913207060658
69.22126914390297
33.04049418660691
1.5
3.690000000000000000e+02 
239.0
52.230921104302624
69.1377434512527
32.932605447183484
1.5
3.700000000000000000e+02 
240.0
53.290677938979044
69.0244342815258
32.342034005285775
1.5
3.710000000000000000e+02 
241.0
54.3767450465102
69.09509680841276
31.85795976031368
1.5
3.720000000000000000e+02 
242.0
55.362569748383834
69.19540210607285
31.83183853102058
1.5
3.730000000000000000e+02 
243.0
56.316464486602456
69.28268526890344
31.72831208045403
1.5
3.740000000000000000e+02 
244.0
57.376028297480126
69.3887996073281
31.741101174282406
1.5
3.750000000000000000e+02 
245.0
58.596208633367795
69.5065754100356
31.731414964124056
1.5
3.760000000000000000e+02 
246.0
59.711354591155455
69.61169657647437
31.77933084017507
1.5
3.770000000000000000e+02 
247.0
60.69181928762426
69.68668149871938
31.783626097280965
1.5
3.780000000000000000e+02 
248.0
62.683529102056085
69.88726919103978
31.93840446265063
1.5
3.790000000000000000e+02 
249.0
63.763274390674226
69.88363143880542
32.75892034025139
1.5
3.800000000000000000e+02 3.810000000000000000e+02 
250.0
68.98112912975104
68.84891311424892
33.52707700784191
1.5
3.820000000000000000e+02 3.830000000000000000e+02 
251.0
74.19033052948546
67.79506284093159
33.542097640074914
1.5
3.840000000000000000e+02 3.850000000000000000e+02 
252.0
0.35696308375447927
66.73599821654466
33.41750142820764
1.5
3.860000000000000000e+02 5.520000000000000000e+02 
253.0
4.032234561798532
65.69663556575009
34.469695326251696
1.5
3.870000000000000000e+02 
254.0
5.097478796640871
65.53562022966082
0.04335516689319974
1.5
3.880000000000000000e+02 
255.0
5.84819500768706
65.06409931017015
1.8002261388835556
1.5
3.890000000000000000e+02 
256.0
6.921962671261397
63.44139255847995
4.435938346310561
1.5
3.900000000000000000e+02 5.530000000000000000e+02 
257.0
7.424481300246839
61.467895847786764
5.0506870591064725
1.5
3.910000000000000000e+02 
258.0
7.516044412400717
59.534812496324435
6.324044043571302
1.5
3.920000000000000000e+02 
259.0
7.463689427859279
58.446643589867904
7.04492647712042
1.5
3.930000000000000000e+02 5.570000000000000000e+02 
260.0
7.29284957333315
57.51720210366673
9.401235980915516
1.5
3.940000000000000000e+02 5.580000000000000000e+02 
261.0
6.257139557876307
56.2533513186151
10.834751857942653
1.5
3.950000000000000000e+02 
262.0
5.498873073368024
55.60984797263359
11.764736923560953
1.5
3.960000000000000000e+02 
263.0
3.6546765229478524
55.013480521390164
14.8449363469648
1.5
3.970000000000000000e+02 3.980000000000000000e+02 
264.0
78.69312755367173
55.691509740518825
15.806336209116889
1.5
3.990000000000000000e+02 
265.0
76.66917387982961
56.01466879593056
15.779718903706236
1.5
4.000000000000000000e+02 4.010000000000000000e+02 
266.0
71.60312269331203
57.52354053351482
16.364903375919464
1.5
4.020000000000000000e+02 4.030000000000000000e+02 
267.0
66.47831231576731
58.77362694961346
16.266414825293705
1.5
4.040000000000000000e+02 
268.0
64.53040748643122
59.328179574934495
16.863863464438985
1.5
4.050000000000000000e+02 
269.0
62.402816172602556
60.07597485011462
16.72068940963305
1.5
4.060000000000000000e+02 
270.0
61.41965266722384
60.399022620470134
16.531407878652523
1.5
4.070000000000000000e+02 
271.0
60.48385392073247
60.66564267597121
16.55148162672084
1.5
4.080000000000000000e+02 
272.0
59.445738917814744
60.95964172063168
15.789379572517625
1.5
4.090000000000000000e+02 
273.0
58.330035952600426
61.10968951058692
15.674486121894965
1.5
4.100000000000000000e+02 
274.0
57.22594413740071
61.24556650424802
15.721030102005745
1.5
4.110000000000000000e+02 
275.0
56.15704484132295
61.372442780751044
15.684543818133367
1.5
4.120000000000000000e+02 
276.0
55.13179028199414
61.548686056095505
15.60303520598648
1.5
4.130000000000000000e+02 
277.0
54.07482545880035
61.668505087144126
15.138501006737712
1.5
4.140000000000000000e+02 
278.0
52.96413705205898
61.61148492327854
14.98791761004195
1.5
4.150000000000000000e+02 
279.0
51.881106508827145
61.79140835062117
15.020372192832962
1.5
4.160000000000000000e+02 
280.0
50.86054559354108
61.74315253133989
14.95032915322738
1.5
4.170000000000000000e+02 7.060000000000000000e+02 
281.0
49.8673686459061
61.6389741880742
14.96065967650637
1.5
4.180000000000000000e+02 
282.0
47.671642154701544
61.6341417580723
14.88823845443407
1.5
4.190000000000000000e+02 
283.0
47.40778881725136
61.6021364705216
14.837805610497782
1.5
4.200000000000000000e+02 
284.0
46.256727042837966
61.60825904502633
14.904337799995726
1.5
4.210000000000000000e+02 
285.0
45.16287462003875
61.80872392844623
14.887832567310877
1.5
4.220000000000000000e+02 
286.0
44.04305670959069
61.81032682330772
14.901338447595172
1.5
4.230000000000000000e+02 
287.0
42.967665689228696
61.81383018638593
14.710699127760535
1.5
4.240000000000000000e+02 
288.0
41.964406103597256
61.79684716599084
14.477689448260978
1.5
4.250000000000000000e+02 
289.0
36.00873216676629
60.99521911246018
13.815502580521954
1.5
4.300000000000000000e+02 
290.0
34.931099720350346
60.83543775751696
13.695107899868372
1.5
4.310000000000000000e+02 
291.0
33.86393786788402
60.660223140431015
12.769600405464729
1.5
4.320000000000000000e+02 
292.0
33.03253901075824
60.28810433054298
11.689933202964546
1.5
4.330000000000000000e+02 
293.0
32.23751905864562
59.88586311097623
10.890595139520869
1.5
4.340000000000000000e+02 
294.0
30.815611246662726
58.741007463618416
8.945896700587323
1.5
4.350000000000000000e+02 
295.0
23.118987731817455
70.38319393723926
11.335699565898604
1.5
4.360000000000000000e+02 4.370000000000000000e+02 4.380000000000000000e+02 
296.0
18.303287331578076
67.91708493370601
12.487263444690704
1.5
4.390000000000000000e+02 
297.0
15.998088442544251
68.43108732677979
14.373583442889661
1.5
4.400000000000000000e+02 
298.0
14.89112795581812
68.23124919840231
14.398362844189208
1.5
4.410000000000000000e+02 
299.0
10.278093902352921
69.97284420726562
15.144693230468285
1.5
4.420000000000000000e+02 
300.0
9.2272889624073
70.20556635356832
15.276492348994712
1.5
4.430000000000000000e+02 
301.0
7.116819662626376
71.55842825129912
16.87166531268604
1.5
4.440000000000000000e+02 
302.0
5.121137570602521
72.7512289109787
16.282746311364797
1.5
4.450000000000000000e+02 
303.0
2.867901441413295
73.7886474862971
16.247715776762945
1.5
4.470000000000000000e+02 
304.0
0.7578842203673304
74.67673813644322
16.844084532864425
1.5
4.480000000000000000e+02 
305.0
79.83906146923553
75.0893695259232
16.830379130031986
1.5
4.490000000000000000e+02 
306.0
78.88994318205113
75.51294556211136
16.81973870814883
1.5
4.500000000000000000e+02 
307.0
77.92623042025247
75.85065336470628
16.86245668564185
1.5
4.510000000000000000e+02 
308.0
76.93330579537702
76.19056783884017
16.78113317318782
1.5
4.520000000000000000e+02 
309.0
73.00960593061177
77.62074071381252
17.880858656721916
1.5
4.560000000000000000e+02 4.570000000000000000e+02 6.590000000000000000e+02 
310.0
71.06962566855486
78.4436152319374
17.74641240818648
1.5
4.580000000000000000e+02 
311.0
73.5268890113916
11.410118768497426
22.025125189427037
1.5
4.590000000000000000e+02 
312.0
73.27105062287222
12.508654675463646
22.06723914091583
1.5
4.600000000000000000e+02 
313.0
73.01185480278878
13.598818812062106
23.12920465017565
1.5
4.610000000000000000e+02 
314.0
72.98185683896693
14.559870722263412
23.78411731390439
1.5
4.620000000000000000e+02 
315.0
73.05371663545654
15.567866441383245
23.814158046328625
1.5
4.630000000000000000e+02 
316.0
73.12280917626995
16.679381711118452
23.971012351198787
1.5
4.640000000000000000e+02 
317.0
73.20886027063554
17.709296657540705
24.73461605855966
1.5
4.650000000000000000e+02 
318.0
74.13425408706905
20.672442792183347
27.004885824769275
1.5
4.680000000000000000e+02 4.690000000000000000e+02 4.700000000000000000e+02 
319.0
76.65188087233653
24.277620746627804
27.135854853377992
1.5
4.710000000000000000e+02 4.720000000000000000e+02 
320.0
78.40672801158485
26.48789240094645
28.08747435819212
1.5
4.740000000000000000e+02 4.750000000000000000e+02 
321.0
79.93287190087668
27.840922398714497
28.417052775116243
1.5
4.760000000000000000e+02 4.770000000000000000e+02 4.780000000000000000e+02 4.790000000000000000e+02 
322.0
8.2042195455169
22.05876662573631
31.034153775797847
1.5
4.830000000000000000e+02 4.840000000000000000e+02 4.850000000000000000e+02 6.410000000000000000e+02 6.420000000000000000e+02 6.430000000000000000e+02 
323.0
21.870792813762797
31.993797763757982
32.43949486526377
1.5
4.950000000000000000e+02 4.960000000000000000e+02 4.970000000000000000e+02 4.980000000000000000e+02 6.330000000000000000e+02 7.760000000000000000e+02 7.780000000000000000e+02 7.790000000000000000e+02 7.800000000000000000e+02 7.810000000000000000e+02 7.820000000000000000e+02 7.830000000000000000e+02 7.840000000000000000e+02 7.860000000000000000e+02 
324.0
26.10024591559001
31.867866171680333
32.40381135337313
1.5
4.990000000000000000e+02 5.020000000000000000e+02 6.290000000000000000e+02 
325.0
30.1958821066699
31.12644990634152
34.033912796120774
1.5
5.030000000000000000e+02 5.040000000000000000e+02 6.270000000000000000e+02 
326.0
32.085778116421366
30.559961614407314
34.14836650705088
1.5
5.050000000000000000e+02 5.060000000000000000e+02 5.070000000000000000e+02 
327.0
39.37102658994205
27.27573180901743
0.4200364111643342
1.5
5.120000000000000000e+02 5.130000000000000000e+02 
328.0
40.73342101685434
26.101216028826144
1.6752767246848297
1.5
5.140000000000000000e+02 5.150000000000000000e+02 5.160000000000000000e+02 
329.0
43.37464045303899
23.998172641093362
0.52370588499452
1.5
5.170000000000000000e+02 
330.0
44.164985660070755
23.507625437181957
34.902318671009446
1.5
5.180000000000000000e+02 
331.0
45.142871626641494
23.037467153258547
34.10163629259604
1.5
5.190000000000000000e+02 
332.0
46.20071533555195
22.709890441335048
33.88513386635414
1.5
5.200000000000000000e+02 
333.0
47.02878936708843
22.49115016861927
33.36948931715534
1.5
5.210000000000000000e+02 
334.0
47.73871235819972
22.371114212516673
32.192856490664866
1.5
5.220000000000000000e+02 
335.0
48.61054070038155
22.376978614433938
31.5077981757603
1.5
5.230000000000000000e+02 
336.0
49.490288727068844
22.503872464034515
31.2968673403736
1.5
5.240000000000000000e+02 
337.0
51.35225103886509
22.87105385538058
30.21550559447553
1.5
5.260000000000000000e+02 6.060000000000000000e+02 7.180000000000000000e+02 7.940000000000000000e+02 
338.0
54.90685455084359
24.560852478914143
28.99457423847774
1.5
5.280000000000000000e+02 6.080000000000000000e+02 7.160000000000000000e+02 7.930000000000000000e+02 
339.0
40.53647561577148
70.41869137645268
33.891243718898224
1.5
5.290000000000000000e+02 
340.0
56.66933472656244
25.576329905807
29.114148212631505
1.5
5.300000000000000000e+02 
341.0
57.56060722520654
26.124938945978528
28.939086338008437
1.5
5.310000000000000000e+02 
342.0
58.43618838107264
26.69312572802444
28.268619614339507
1.5
5.320000000000000000e+02 
343.0
59.20713478653815
27.32949678572308
27.816626344242877
1.5
5.330000000000000000e+02 
344.0
60.66344741888604
28.791155858920817
27.84145182879581
1.5
5.340000000000000000e+02 
345.0
61.273646002581884
29.417621785245885
27.83038350407874
1.5
5.350000000000000000e+02 
346.0
62.07327386293788
30.21205160464939
27.808809101747908
1.5
5.360000000000000000e+02 
347.0
52.24881779192049
68.49944717734422
32.49469424839841
1.5
5.370000000000000000e+02 
348.0
53.276977977033276
68.5557949659646
32.44718469376628
1.5
5.380000000000000000e+02 
349.0
54.299671934025426
68.63392839093672
32.46650466741009
1.5
5.390000000000000000e+02 
350.0
55.396765469877984
68.70170312696376
32.45053045236069
1.5
5.400000000000000000e+02 
351.0
56.514408612165155
68.74847422548409
32.18683469924903
1.5
5.410000000000000000e+02 
352.0
57.173473339446865
68.81813464068051
32.20501250562651
1.5
5.420000000000000000e+02 
353.0
57.54084594885837
68.85790871350373
32.12240217053601
1.5
5.430000000000000000e+02 
354.0
59.590989746621986
68.90329020877094
32.18174680973491
1.5
5.440000000000000000e+02 
355.0
60.56604495363922
68.91482234646949
32.119878211992486
1.5
5.450000000000000000e+02 
356.0
62.14051198064067
68.94079575718474
32.041296043452974
1.5
5.460000000000000000e+02 
357.0
64.97373511709723
69.15171231359516
31.51085910039687
1.5
5.470000000000000000e+02 5.480000000000000000e+02 
358.0
70.6956923352791
69.74756990180593
31.556880690727173
1.5
5.490000000000000000e+02 
359.0
75.99274526910429
70.13367224175303
33.012663690314305
1.5
5.500000000000000000e+02 5.510000000000000000e+02 
360.0
7.819265123594171
62.57893709649048
5.17432162422806
1.5
5.540000000000000000e+02 
361.0
7.807197951529496
59.65309590271795
9.792176619406348
1.5
5.550000000000000000e+02 
362.0
7.824961205219395
59.66662630557755
9.793116413041027
1.5
5.560000000000000000e+02 
363.0
6.168166468074773
58.70041645831506
14.683608730248913
1.5
5.590000000000000000e+02 5.600000000000000000e+02 5.610000000000000000e+02 5.620000000000000000e+02 5.630000000000000000e+02 5.640000000000000000e+02 5.650000000000000000e+02 5.660000000000000000e+02 5.670000000000000000e+02 8.350000000000000000e+02 8.360000000000000000e+02 
364.0
78.97838765195249
58.8294923091982
14.769006546922085
1.5
5.680000000000000000e+02 5.690000000000000000e+02 5.700000000000000000e+02 5.710000000000000000e+02 5.720000000000000000e+02 5.730000000000000000e+02 
365.0
73.25800031564492
58.838534482075204
14.751088600248526
1.5
5.740000000000000000e+02 5.750000000000000000e+02 5.760000000000000000e+02 5.770000000000000000e+02 5.780000000000000000e+02 5.790000000000000000e+02 6.910000000000000000e+02 6.930000000000000000e+02 6.950000000000000000e+02 
366.0
67.37195527797138
58.82698206270959
14.691991826595334
1.5
5.800000000000000000e+02 5.810000000000000000e+02 5.820000000000000000e+02 5.830000000000000000e+02 6.920000000000000000e+02 6.940000000000000000e+02 6.960000000000000000e+02 
367.0
63.300265341134335
58.68429821353783
13.978132406763152
1.5
5.840000000000000000e+02 5.850000000000000000e+02 6.970000000000000000e+02 
368.0
61.299849452291355
58.41724991016014
13.855200104393539
1.5
5.860000000000000000e+02 5.870000000000000000e+02 6.980000000000000000e+02 
369.0
59.230549086970505
58.102240294894756
13.640813647789926
1.5
5.880000000000000000e+02 
370.0
58.226519062151766
57.93171222070157
13.638542746862719
1.5
5.890000000000000000e+02 
371.0
57.16813063431964
57.75290903066187
13.213265905038703
1.5
5.900000000000000000e+02 
372.0
56.09492463594931
57.495974326114094
13.156860574905728
1.5
5.910000000000000000e+02 
373.0
55.0919996646785
57.24830062559266
13.181707756554108
1.5
5.920000000000000000e+02 
374.0
54.10715794841233
57.01699328305358
13.251220899856357
1.5
5.930000000000000000e+02 
375.0
53.03394771459914
56.76283431260899
13.250253160036078
1.5
5.940000000000000000e+02 
376.0
51.997115366952045
56.52206286947836
13.188658293308329
1.5
5.950000000000000000e+02 
377.0
51.01256042012126
56.292567975797624
13.25355641264077
1.5
5.960000000000000000e+02 
378.0
50.030600175432326
56.07143502563423
13.27445215296338
1.5
5.970000000000000000e+02 
379.0
48.971169451652834
55.81469754102841
13.216920629306998
1.5
5.980000000000000000e+02 
380.0
47.92055840616078
55.57158967837685
13.195390003685844
1.5
5.990000000000000000e+02 
381.0
46.94477752179238
55.35012781689949
13.176981966992905
1.5
6.000000000000000000e+02 
382.0
46.04341984761088
55.13354979458347
12.892646584874477
1.5
6.010000000000000000e+02 
383.0
45.06696955677613
54.8531714680376
12.461459772306974
1.5
6.020000000000000000e+02 
384.0
44.019337900491664
54.463218191082404
12.39389068105396
1.5
6.030000000000000000e+02 
385.0
43.09670462777591
54.12307331738566
12.472016747906874
1.5
6.040000000000000000e+02 
386.0
42.224930896878405
53.77740407240148
12.47195642313243
1.5
6.050000000000000000e+02 7.950000000000000000e+02 
387.0
35.65874459248904
51.39562122959697
12.73123508252467
1.5
6.110000000000000000e+02 
388.0
34.70263961289258
51.066280962433495
12.671979999821527
1.5
6.120000000000000000e+02 
389.0
33.71916482656572
50.73782911431513
12.674131724906896
1.5
6.130000000000000000e+02 
390.0
32.89064431691297
50.45506026787086
12.95122615009388
1.5
6.140000000000000000e+02 7.900000000000000000e+02 
391.0
32.170903558233846
50.29489009018221
14.410695560076498
1.5
6.150000000000000000e+02 7.890000000000000000e+02 
392.0
31.516711621017564
50.295451162544055
14.334671144010237
1.5
6.160000000000000000e+02 6.170000000000000000e+02 
393.0
30.042403111939116
50.63857879774466
18.24115040552027
1.5
6.180000000000000000e+02 6.190000000000000000e+02 
394.0
28.63272034043893
51.67519319778364
18.436486382415097
1.5
6.200000000000000000e+02 6.210000000000000000e+02 6.220000000000000000e+02 6.230000000000000000e+02 
395.0
10.543099454766384
56.071020897943185
14.138385570146852
1.5
6.300000000000000000e+02 6.310000000000000000e+02 6.320000000000000000e+02 6.340000000000000000e+02 6.380000000000000000e+02 
396.0
71.7945068751284
46.41229776819861
9.456445870285233
1.5
6.450000000000000000e+02 6.460000000000000000e+02 7.700000000000000000e+02 
397.0
68.9962744891795
33.33157374269871
5.62422169985151
1.5
6.500000000000000000e+02 
398.0
69.36711762467748
30.26182922348812
4.873272291684653
1.5
6.510000000000000000e+02 
399.0
69.55823680334373
29.259300018502103
3.452967591676277
1.5
6.520000000000000000e+02 
400.0
69.9677390647264
28.384097954816696
2.0493312927405842
1.5
6.530000000000000000e+02 
401.0
71.39091941855013
26.900645133861616
0.22894734724810384
1.5
6.550000000000000000e+02 
402.0
76.48761972975066
78.69824760243998
2.339259306396073
1.5
6.580000000000000000e+02 
403.0
79.61351879007336
79.20693868721872
0.3781199187562425
1.5
6.610000000000000000e+02 
404.0
0.28328325372098817
78.72330805220265
0.268917813892374
1.5
6.620000000000000000e+02 
405.0
1.5392533550051226
77.81195863888206
0.12213568031878275
1.5
6.630000000000000000e+02 
406.0
2.803122815849889
76.91330470733092
34.50114894991251
1.5
6.640000000000000000e+02 
407.0
3.6767510088215687
76.57245452534397
33.90531235792572
1.5
6.650000000000000000e+02 
408.0
5.671348744175582
75.38104703364239
34.22207254790975
1.5
6.660000000000000000e+02 
409.0
9.137418142574958
73.52088695249748
34.39161487004885
1.5
6.670000000000000000e+02 
410.0
12.654597443338673
71.60441630095674
34.58135682147872
1.5
6.680000000000000000e+02 
411.0
14.476656901749244
70.65574538066603
34.543019502363535
1.5
6.690000000000000000e+02 7.400000000000000000e+02 
412.0
15.403080819310787
70.19058052969848
34.095149230432064
1.5
6.700000000000000000e+02 7.380000000000000000e+02 7.390000000000000000e+02 
413.0
18.488138910827814
69.53117868864307
32.23223304151016
1.5
6.710000000000000000e+02 
414.0
23.334280784712313
70.62231619053777
30.334419269523128
1.5
6.720000000000000000e+02 
415.0
26.295455402384064
71.60172417294443
29.889209747855787
1.5
6.730000000000000000e+02 
416.0
28.518477933872795
72.83870870384364
29.55246321975082
1.5
6.740000000000000000e+02 
417.0
30.473625960761964
73.76322997151209
29.580935314383225
1.5
6.750000000000000000e+02 
418.0
31.509112612600447
74.27796840745609
29.682001239194474
1.5
6.760000000000000000e+02 
419.0
32.93499673939873
74.92537108421274
29.541521618939345
1.5
6.770000000000000000e+02 
420
2.6922032603915014
77.38110079201198
13.88126045528793
1.5
6.780000000000000000e+02 
421
2.654427142165261
76.9610646031671
14.68126045528793
1.5
6.790000000000000000e+02 
422
2.6222253833601457
76.52071439704059
16.220208487514487
1.5
6.800000000000000000e+02 8.730000000000000000e+02 8.740000000000000000e+02 
423
2.484597718636465
76.14659222110743
16.07616382681191
1.5
6.810000000000000000e+02 8.720000000000000000e+02 
424
2.216177089432904
75.31720473453338
15.959169010823828
1.5
6.820000000000000000e+02 1.247000000000000000e+03 
425
2.231636528122195
75.30421083541385
15.950576350168504
1.5
6.830000000000000000e+02 
426
2.021376756257851
74.62053333271079
16.44568633482086
1.5
6.840000000000000000e+02 1.250000000000000000e+03 
427
1.6518941186480873
73.67856564212764
16.760769696020308
1.5
6.850000000000000000e+02 
428
1.070527488545629
72.40986819431299
16.408877814940414
1.5
6.860000000000000000e+02 8.490000000000000000e+02 8.500000000000000000e+02 
429
0.3510168363568624
70.39001459999984
15.549672747525964
1.5
6.870000000000000000e+02 6.880000000000000000e+02 8.430000000000000000e+02 8.440000000000000000e+02 8.450000000000000000e+02 8.460000000000000000e+02 
430
79.38113578149695
65.24573814215563
14.791888693266682
1.5
4.780000000000000000e+02 6.900000000000000000e+02 8.370000000000000000e+02 8.380000000000000000e+02 
431
74.91391003409046
1.1958520310548408
6.311047053350187
1.5
6.990000000000000000e+02 
432
75.2349349153904
79.12587013737557
4.0064466330252415
1.5
7.000000000000000000e+02 
433
75.61637646668082
78.11352922409164
7.682183378203746
1.5
7.010000000000000000e+02 
434
75.29498475013914
77.17203433374398
5.883844459915487
1.5
7.020000000000000000e+02 
435
75.34663689846504
76.11872646900329
5.738748220067247
1.5
7.030000000000000000e+02 
436
75.40587303862
74.97614156408179
5.709248266821977
1.5
7.040000000000000000e+02 
437
75.46220612485713
73.97073480756838
5.719898890055273
1.5
7.050000000000000000e+02 
438
75.51865602208566
71.8514351241333
6.0297618282838705
1.5
7.070000000000000000e+02 
439
75.51264966538469
70.71891271092599
6.373613316178663
1.5
7.080000000000000000e+02 
440
75.45222592360167
69.85521231915044
6.5379480407502015
1.5
7.090000000000000000e+02 
441
75.37172850864872
68.92211468939279
6.737937087262647
1.5
7.100000000000000000e+02 
442
75.25130891505327
67.8785446530386
6.635665582917113
1.5
7.110000000000000000e+02 
443
75.13972796317601
66.76508758746854
6.910383353270859
1.5
7.120000000000000000e+02 
444
75.0121949223069
65.85170407282146
6.883133621989707
1.5
7.130000000000000000e+02 
445
74.89106110065119
64.93720487163031
6.731221232834606
1.5
7.140000000000000000e+02 
446
73.93272639978122
58.09815245024305
7.726049408653452
1.5
7.190000000000000000e+02 
447
73.68634978281814
57.19126311417938
7.74040399987971
1.5
7.200000000000000000e+02 
448
73.45405753314152
56.28228711376019
7.02024916886046
1.5
7.210000000000000000e+02 
449
73.32317468034181
55.35298465788972
5.187500776675826
1.5
7.220000000000000000e+02 
450
73.48134263408323
54.522013381339434
3.571235369732012
1.5
7.230000000000000000e+02 
451
73.78529598278567
53.88992205770893
1.5056725322615154
1.5
7.240000000000000000e+02 
452
74.41418645843126
53.276570956336855
0.9806372143473467
1.5
7.250000000000000000e+02 
453
75.34115997743545
52.53835528676379
0.7569335890507336
1.5
7.260000000000000000e+02 
454
76.35377940986392
51.78193074907409
0.7235571626619333
1.5
7.270000000000000000e+02 7.280000000000000000e+02 
455
77.9937040996794
50.573876341526216
0.7095310957091172
1.5
7.290000000000000000e+02 7.300000000000000000e+02 
456
0.6850433995826322
48.65508048034209
1.130682893924197
1.5
7.310000000000000000e+02 7.320000000000000000e+02 
457
2.0062333570256925
47.45433700487973
1.3020184921415794
1.5
7.330000000000000000e+02 7.340000000000000000e+02 
458
3.699939883145589
45.799787490276685
1.6733996369303092
1.5
7.350000000000000000e+02 
459
4.430859242514671
45.059520414561035
2.238903348753457
1.5
7.360000000000000000e+02 7.370000000000000000e+02 
460
7.762809662862722
40.59607316079797
3.252770735960734
1.5
7.410000000000000000e+02 7.420000000000000000e+02 
461
46.236200261910454
79.0569114984378
7.377600354185365
1.5
7.430000000000000000e+02 7.440000000000000000e+02 
462
45.801709300264264
77.02940829241727
7.098707532868147
1.5
7.450000000000000000e+02 
463
6.896531030405406
72.74872707414255
16.278844852105575
1.5
7.460000000000000000e+02 7.470000000000000000e+02 
464
1.736160779056675
74.40595543442718
16.445569091431132
1.5
7.490000000000000000e+02 
465
0.7106088639918724
74.71855537268395
16.39405669101779
1.5
7.500000000000000000e+02 
466
79.74302289710903
74.99008261146977
16.347522313409378
1.5
7.510000000000000000e+02 
467
77.41307973891259
75.55756651981243
16.27293057428917
1.5
7.520000000000000000e+02 
468
76.399445361978
75.79357943278102
16.664813300433938
1.5
7.530000000000000000e+02 
469
74.2820016267751
76.57792118048492
17.29891610186819
1.5
7.550000000000000000e+02 
470
68.62439298049645
0.3302891239991794
18.97773121091285
1.5
7.580000000000000000e+02 7.590000000000000000e+02 
471
73.56861482687587
13.24468716838686
22.58738599029826
1.5
7.610000000000000000e+02 
472
1.368420206941586
29.590493685700807
28.476133707660395
1.5
7.670000000000000000e+02 7.680000000000000000e+02 7.690000000000000000e+02 
473
5.17792479523559
31.849260749759225
30.09403399237143
1.5
7.710000000000000000e+02 7.720000000000000000e+02 
474
34.66502441283505
30.626706130143475
33.5091839328938
1.5
7.870000000000000000e+02 
475
42.74579764223304
27.53612398126154
0.010158736939786195
1.5
7.880000000000000000e+02 
476
47.932364657387765
25.65177558960127
28.11196941947806
1.5
7.910000000000000000e+02 
477
40.4310514406062
72.5266048295316
34.1451558706367
1.5
7.960000000000000000e+02 
478
41.475900590759494
72.17514025290536
34.00209962630992
1.5
7.970000000000000000e+02 
479
42.45626557443548
71.89067998558916
33.896979138039335
1.5
7.980000000000000000e+02 
480
43.426622600693165
71.63030781252009
33.86672333309975
1.5
7.990000000000000000e+02 
481
44.57716012198236
71.33043786815755
33.83041824239919
1.5
8.000000000000000000e+02 
482
45.63436707199408
71.06635051608941
33.82755950145616
1.5
8.010000000000000000e+02 
483
46.657595405833945
70.84329548935624
33.83805980623306
1.5
8.020000000000000000e+02 
484
47.65810772511494
70.62110809895842
33.50544200394558
1.5
8.030000000000000000e+02 
485
48.71264675069392
70.41554819862124
33.77469438479308
1.5
8.040000000000000000e+02 
486
50.76842672615461
69.8844344976715
32.32813960331942
1.5
8.050000000000000000e+02 
487
51.17020721710782
69.94065897673069
32.16537614802419
1.5
8.060000000000000000e+02 
488
52.34176781328467
69.95070600402032
32.430375156206345
1.5
8.070000000000000000e+02 
489
53.374571409968
69.88978506411642
32.293671658716974
1.5
8.080000000000000000e+02 
490
54.384750725732346
69.8184329066391
32.47847845527258
1.5
8.090000000000000000e+02 
491
55.49048412369767
69.68522070204413
32.49205752157816
1.5
8.100000000000000000e+02 8.110000000000000000e+02 
492
57.5672416341735
69.49919574715972
32.48064369957272
1.5
8.120000000000000000e+02 8.130000000000000000e+02 
493
59.62977148425783
69.48339837030672
32.40718265558155
1.5
8.140000000000000000e+02 8.150000000000000000e+02 
494
61.86059362663997
69.5053067136608
32.49483919427813
1.5
8.160000000000000000e+02 8.170000000000000000e+02 
495
63.97654255034095
69.45707644233995
32.78492841279373
1.5
8.180000000000000000e+02 8.190000000000000000e+02 8.200000000000000000e+02 
496
67.19343266570596
69.24123795259105
32.33116744075086
1.5
8.210000000000000000e+02 8.220000000000000000e+02 8.230000000000000000e+02 8.240000000000000000e+02 8.250000000000000000e+02 8.260000000000000000e+02 8.270000000000000000e+02 
497
74.60212607286196
69.44515091429093
31.918919575234362
1.5
8.280000000000000000e+02 8.290000000000000000e+02 8.300000000000000000e+02 8.310000000000000000e+02 8.320000000000000000e+02 8.330000000000000000e+02 8.340000000000000000e+02 
498
5.9230097253004885
69.93160924776632
31.225199039681907
1.5
8.390000000000000000e+02 8.400000000000000000e+02 8.410000000000000000e+02 8.420000000000000000e+02 
499
11.775666908385347
70.87932932286778
31.334607949001587
1.5
8.470000000000000000e+02 8.480000000000000000e+02 8.510000000000000000e+02 8.520000000000000000e+02 8.530000000000000000e+02 8.540000000000000000e+02 8.550000000000000000e+02 8.560000000000000000e+02 8.570000000000000000e+02 8.580000000000000000e+02 8.590000000000000000e+02 
500
12.974102407733021
71.01870074205323
31.148329454394705
1.5
8.600000000000000000e+02 8.610000000000000000e+02 8.620000000000000000e+02 8.630000000000000000e+02 
501
13.904159777452072
71.19744214454771
31.170325681819715
1.5
8.640000000000000000e+02 8.650000000000000000e+02 
502
14.558014433267154
71.32113244210476
31.00453628946434
1.5
8.660000000000000000e+02 8.670000000000000000e+02 
503
15.315862178568707
71.47584144810934
31.093727778071365
1.5
8.680000000000000000e+02 
504
15.802727488329396
71.5633471384716
30.996108300931887
1.5
8.690000000000000000e+02 8.700000000000000000e+02 
505
16.387103672538544
71.66000663635566
31.168330450161182
1.5
8.710000000000000000e+02 
506
17.6678761334328
71.81144004736478
31.230721638114233
1.5
8.750000000000000000e+02 
507
17.77020629725199
71.8295569536743
29.926868783639094
1.5
8.760000000000000000e+02 
508
17.84863780181992
71.86646284912959
27.502244536842962
1.5
8.770000000000000000e+02 
509
18.097506786624315
72.15749464390224
25.970178623032545
1.5
8.780000000000000000e+02 8.790000000000000000e+02 
510
18.242744583755808
73.26792670966977
22.129257843168055
1.5
8.800000000000000000e+02 8.810000000000000000e+02 8.820000000000000000e+02 
511
29.461100600989475
18.31080750245224
19.27176234523099
1.5
8.950000000000000000e+02 
512
28.842644878483263
16.767080752758105
24.39371468463012
1.5
8.970000000000000000e+02 8.980000000000000000e+02 8.990000000000000000e+02 
513
25.01311258457961
15.738452243979381
26.567443794852533
1.5
9.010000000000000000e+02 9.020000000000000000e+02 9.030000000000000000e+02 9.040000000000000000e+02 9.060000000000000000e+02 9.070000000000000000e+02 9.080000000000000000e+02 9.090000000000000000e+02 9.100000000000000000e+02 
514
66.82157044676016
13.812271076831255
23.286479518702084
1.5
9.380000000000000000e+02 9.390000000000000000e+02 9.400000000000000000e+02 
515
65.36278514320487
40.841758553730166
8.433170573686427
1.5
9.440000000000000000e+02 
516
68.79271038936787
42.549240427651874
3.666060105195432
1.5
9.460000000000000000e+02 9.470000000000000000e+02 
517
70.34778718912978
62.58972483448184
34.44380804047997
1.5
9.650000000000000000e+02 
518
70.26081129006293
63.67528240268303
34.50938299472824
1.5
9.660000000000000000e+02 
519
70.02305476747924
65.81420879868782
34.08113825218208
1.5
9.680000000000000000e+02 9.690000000000000000e+02 
520
69.73642138246149
67.96584471859371
34.315761349217716
1.5
9.700000000000000000e+02 
521
69.25810851963853
71.74886149091822
33.64729967208411
1.5
9.740000000000000000e+02 
522
68.83509394857242
73.60375004962853
33.968498731897796
1.5
9.750000000000000000e+02 
523
68.76593036745683
73.9047089548823
33.76402946143718
1.5
9.760000000000000000e+02 
524
16.665550321909333
66.62399520102063
5.122689315426465
1.5
9.790000000000000000e+02 9.800000000000000000e+02 
525
22.86491430083438
69.61768361804062
5.665374147534872
1.5
9.810000000000000000e+02 9.820000000000000000e+02 
526
68.24165344919024
10.4670111287589
0.6350033562706019
1.5
9.880000000000000000e+02 9.890000000000000000e+02 
527
68.5223972151214
12.28767288353075
1.0938692292229026
1.5
9.900000000000000000e+02 
528
45.52532940405223
52.05919507832024
15.283444058187612
1.5
1.002000000000000000e+03 
529
5.233291234012366
22.677354335948777
7.6808521490946156
1.5
1.003000000000000000e+03 1.004000000000000000e+03 
530
7.281490340651038
22.851262574086856
8.87918321800144
1.5
1.005000000000000000e+03 1.006000000000000000e+03 
531
46.927060948764826
48.81887262465678
15.979309087085632
1.5
1.007000000000000000e+03 1.008000000000000000e+03 1.018000000000000000e+03 
532
9.38631147360981
22.773781187397535
9.44377644286681
1.5
1.009000000000000000e+03 1.010000000000000000e+03 1.011000000000000000e+03 1.012000000000000000e+03 1.013000000000000000e+03 1.014000000000000000e+03 1.015000000000000000e+03 1.016000000000000000e+03 1.017000000000000000e+03 1.019000000000000000e+03 
533
47.399165392077634
45.87129180421291
16.951043703818385
1.5
1.020000000000000000e+03 1.021000000000000000e+03 1.022000000000000000e+03 1.023000000000000000e+03 
534
47.49471688712613
44.78673196326119
16.56629528650413
1.5
1.024000000000000000e+03 1.025000000000000000e+03 1.026000000000000000e+03 1.027000000000000000e+03 
535
47.68414245167601
43.56076510537162
16.477463416919882
1.5
1.028000000000000000e+03 1.029000000000000000e+03 
536
47.714148259054994
43.029517959225814
18.203362811238527
1.5
1.030000000000000000e+03 
537
47.649578406837335
42.567922827816986
19.411449868305823
1.5
1.031000000000000000e+03 1.032000000000000000e+03 
538
46.623596491065676
39.18205223537129
18.39018778205
1.5
1.033000000000000000e+03 1.034000000000000000e+03 
539
45.84885315388126
36.29271699571765
20.69194723348061
1.5
1.035000000000000000e+03 
540
45.55055064513182
35.778685116206184
20.494125429314774
1.5
1.036000000000000000e+03 1.037000000000000000e+03 
541
43.98316739809706
33.41239853952305
20.93127673699872
1.5
1.038000000000000000e+03 1.039000000000000000e+03 1.040000000000000000e+03 
542
43.48146731618413
32.48543135996052
19.54919620173714
1.5
1.041000000000000000e+03 1.042000000000000000e+03 1.043000000000000000e+03 
543
42.008138438341796
29.85324405579917
21.149862206015897
1.5
1.044000000000000000e+03 1.045000000000000000e+03 
544
40.2623531180188
28.42868069163479
22.81768730500972
1.5
1.047000000000000000e+03 1.048000000000000000e+03 1.049000000000000000e+03 
545
37.44441304756283
27.515513879623136
24.75063311332199
1.5
1.051000000000000000e+03 1.052000000000000000e+03 
546
35.16464127167426
27.09531092220244
25.146625598701426
1.5
1.054000000000000000e+03 1.055000000000000000e+03 
547
33.33515730683112
26.664570750063117
25.566353862994255
1.5
1.056000000000000000e+03 1.057000000000000000e+03 
548
31.82689821160956
26.129889242753425
24.477764255277123
1.5
1.058000000000000000e+03 
549
27.269420178091032
24.63055022612507
23.481707171700528
1.5
1.062000000000000000e+03 1.063000000000000000e+03 1.064000000000000000e+03 1.065000000000000000e+03 
550
3.5429371648702563
1.1421204431340821
19.348060223248744
1.5
1.095000000000000000e+03 1.096000000000000000e+03 1.097000000000000000e+03 1.098000000000000000e+03 
551
2.9390017389120424
77.04312488457954
16.83898347729458
1.5
1.099000000000000000e+03 
552
3.405787179690618
72.78711434131303
16.75438997435647
1.5
1.103000000000000000e+03 1.104000000000000000e+03 
553
3.0520464953142374
70.6844036242063
18.84360774907597
1.5
1.105000000000000000e+03 1.106000000000000000e+03 
554
2.8755895100470745
65.30708308644022
16.441667543424042
1.5
1.110000000000000000e+03 1.111000000000000000e+03 
555
3.511231700987657
61.182282706487726
16.651527814345837
1.5
1.114000000000000000e+03 1.115000000000000000e+03 
556
4.1968968440079175
56.56640620859359
16.318975692297354
1.5
1.118000000000000000e+03 1.119000000000000000e+03 
557
41.2304733340976
19.775514431080452
25.260585405875187
1.5
1.120000000000000000e+03 
558
34.74383606787658
18.436050130640727
23.988836958213685
1.5
1.122000000000000000e+03 1.123000000000000000e+03 
559
31.72326424542458
17.14548375060295
22.36868028387412
1.5
1.124000000000000000e+03 1.125000000000000000e+03 1.126000000000000000e+03 1.127000000000000000e+03 
560
27.944877927451344
14.276514759882206
22.281529020724445
1.5
1.129000000000000000e+03 1.130000000000000000e+03 
561
21.29561661003026
3.900691798911316
21.191543551492792
1.5
1.139000000000000000e+03 
562
11.36031263530516
20.5095092090607
32.29365284059183
1.5
1.141000000000000000e+03 
563
11.248297506433175
30.767162902418313
34.25834820384587
1.5
1.142000000000000000e+03 1.143000000000000000e+03 1.144000000000000000e+03 
564
10.813925140389546
33.8558875953057
34.10476394641944
1.5
1.145000000000000000e+03 1.146000000000000000e+03 1.147000000000000000e+03 
565
8.782817497735168
41.133653539172414
33.2318422617003
1.5
1.148000000000000000e+03 1.149000000000000000e+03 1.150000000000000000e+03 1.151000000000000000e+03 1.152000000000000000e+03 1.153000000000000000e+03 
566
19.0297279111557
59.589219007345314
23.321735185236275
1.5
1.207000000000000000e+03 
567
19.00939109945149
59.56787293657591
23.339198800844304
1.5
1.208000000000000000e+03 
568
16.21824201039703
58.395810896273474
24.30797893534283
1.5
1.211000000000000000e+03 1.212000000000000000e+03 
569
13.066210935304913
57.26251487482724
27.068840145134335
1.5
1.214000000000000000e+03 1.215000000000000000e+03 
570
22.009997034423293
28.648295615956823
7.66466169903963
1.5
1.220000000000000000e+03 1.221000000000000000e+03 
571
24.185779237127626
29.021750952492138
6.811400305542339
1.5
1.222000000000000000e+03 
572
24.883570740626627
29.244432898577795
4.601298682185931
1.5
1.223000000000000000e+03 1.224000000000000000e+03 1.225000000000000000e+03 
573
25.61751341599869
30.186938793727048
3.03774323745154
1.5
1.226000000000000000e+03 1.227000000000000000e+03 1.228000000000000000e+03 1.229000000000000000e+03 1.230000000000000000e+03 1.231000000000000000e+03 1.232000000000000000e+03 
574
25.734622872438813
30.400688912528388
2.3860310093752557
1.5
1.233000000000000000e+03 1.234000000000000000e+03 1.235000000000000000e+03 1.236000000000000000e+03 1.237000000000000000e+03 1.238000000000000000e+03 
575
25.785638806465883
30.704414715267493
1.1182732059061644
1.5
1.239000000000000000e+03 1.240000000000000000e+03 1.241000000000000000e+03 1.242000000000000000e+03 1.243000000000000000e+03 1.244000000000000000e+03 
576
25.794387033660318
30.918826938188825
0.25895595094287405
1.5
1.245000000000000000e+03 1.246000000000000000e+03 
577
25.85234452653064
32.27595471238669
33.527225061362586
1.5
1.248000000000000000e+03 
578
25.720383188768377
32.742613116453285
33.10992317486252
1.5
1.249000000000000000e+03 
-
426
578
