30.0
30.0
17.999999999999996
0.0
29.8404269058438
29.06785929526757
20.052118794861155
1.0
29.50626574526531
28.331239720600706
22.50910891553756
2.0
28.384756981133222
27.4865723471576
22.76340282529563
3.0
28.012894500414586
27.2175804556751
23.866440627621852
4.0
28.002947129169378
27.21186772411272
26.03643029763471
1.0
26.44237353420022
27.227859595084368
26.324722179267223
5.0
23.939807723671148
27.414267315314497
27.07510848856923
1.0
20.793079597410724
27.711192991443415
26.814401749351987
5.0
16.525564394932836
28.048110522523796
26.752322755860416
5.0
14.280295020880146
28.193782655035083
26.685681610635697
6.0
9.952138330624965
28.445448096627466
26.518154508378732
6.0
8.128949763538365
28.516606055424692
26.491826125483676
7.0
3.725910077744345
28.661184928903932
26.481306340867185
8.0
1.7738050647992618
28.72151735027945
26.217538973717613
9.0
0.895990206395004
28.709677719469926
23.009609379561155
10.0
79.58726158027544
27.362262626984176
21.288090377269214
11.0
78.46897890489187
24.6246286733478
17.844428525960677
11.0
78.4283865851346
22.83075915016166
17.116887139354287
12.0
78.9273706846541
18.718534765149396
16.19246886152842
12.0
79.73970422132066
14.542725317789355
16.253638675454177
12.0
0.6135653085593544
9.904827860453723
16.262624897717835
12.0
1.4565112129354167
5.163429154048547
16.418460184649216
12.0
2.3053462080994764
0.4091048562984796
16.55381785278671
12.0
2.645556305718622
78.59845474817774
16.494341566263703
13.0
3.3626275608397496
73.74242693932543
16.593112530302914
13.0
4.027680003138843
68.79458936691529
16.225680024361623
13.0
5.343420892915694
64.19376927700635
15.65905464733104
13.0
6.643134534771705
59.53363654394262
16.222821975020153
13.0
7.558907356465065
54.76182481300509
16.347725521949094
14.0
7.890249834631376
50.158037708574696
16.66598647794937
14.0
8.540161320552354
45.34579194399684
15.93288626291099
14.0
8.780294996247765
44.42043867436833
15.933118513241858
15.0
9.928497595673463
39.6999520129277
16.028774388709
15.0
10.379587220631535
37.76313401662174
16.03267695296923
16.0
10.78701213769668
35.10216678415552
16.827981684138827
17.0
11.1676481888425
31.634255744839855
16.10879785484234
18.0
11.713988489677398
28.97087952379202
16.146205212744
19.0
12.241504255532218
26.2714975455384
16.242322270300836
20.0
12.720623681457466
23.689577116738207
16.173918270221595
21.0
12.919559891177277
22.717244669013755
15.563260576488378
22.0
13.596188325162775
21.07974713683926
14.029983608299766
23.0
14.638411273246716
19.75066027645002
11.71725895497506
24.0
17.014861896680483
18.532364663353594
9.754045596742893
25.0
21.415574756381716
18.460188843852517
8.079418454320631
26.0
26.26972496332997
19.15611716932066
7.8260207134875035
26.0
28.144653721830853
19.400368180705467
7.778432827659735
27.0
32.60765644386696
20.101689787748963
7.118328584034538
28.0
35.5845626205823
20.91223057013288
7.091548240843741
29.0
37.234846875083974
21.307466410063153
7.979592815662613
30.0
40.31094130842884
21.57801011621236
7.971494959547453
31.0
43.36979742039316
21.87992403969088
8.068558114920993
32.0
47.371951755483494
22.190459470681304
7.190584226228644
33.0
50.079851749383124
22.91555337240083
6.908330384942401
34.0
52.24580304495561
23.689204469054083
7.472639090187471
35.0
57.00610368132071
24.371930027621378
7.759047622593394
35.0
57.97838200416379
24.501885075741367
7.648357202628237
36.0
62.299564311344454
25.08934454599895
7.726458937544528
36.0
64.34817994782762
25.487430971707436
6.789015206939575
37.0
68.47430945537134
26.944076656054207
6.445499313920861
37.0
72.61951593228294
28.262365093867324
7.090484135475311
37.0
74.04475351194434
28.542959537903457
7.852242326631986
38.0
78.5034330046277
29.10819265173359
7.886237524641357
38.0
2.8001921718236034
29.394674607090433
8.815214992610542
38.0
6.928767509747427
29.79107174048384
7.966948727409459
38.0
10.99544399724745
30.065340448322488
9.134701308065017
38.0
15.122217023323191
30.028896349597964
8.398368382920873
38.0
16.99573129394505
30.14526384460049
8.423349065313392
39.0
21.39479941915713
30.52481179093475
7.828838213727494
39.0
25.81346409391078
30.80471104518055
8.39456323714964
39.0
26.696337459096128
30.85045816233376
8.313984330254272
40.0
28.576630247351492
30.955949868921728
8.38125248801371
41.0
30.390290166190763
31.043582585862417
8.51659878396761
42.0
33.89156935744724
31.331002045051342
8.185919946126157
43.0
37.49936958810713
31.674834460137248
7.970710485704759
44.0
39.0045321775172
31.871092777202826
8.048583480266418
45.0
40.021180251162434
31.970162167003075
7.459227576825208
46.0
41.477531128772426
32.36299243742108
6.489670445796958
47.0
42.83913839522791
33.00242764019971
5.263647809256012
48.0
44.75822026750751
34.926445159101014
3.349298119904181
49.0
45.77888168516824
36.69008922456987
2.1725479052135883
50.0
46.39695201713374
38.28594615432414
2.1746838415929965
51.0
46.67431416651076
39.02172135322292
1.0963404686266767
52.0
46.92616273886809
41.50426668310664
0.270847754227276
53.0
46.95870066984061
42.996389803181316
0.11091864537214491
54.0
47.00218763946572
45.90090285983031
0.1815872695848051
55.0
47.053095410255935
49.32496879767324
33.472524345086256
56.0
46.36464932436158
51.65803458842596
33.30820741912916
57.0
45.803074522920724
53.218115882400504
32.26550671068695
58.0
44.96750458235938
54.93195228184134
32.94492820947643
59.0
44.34596767326898
56.685113815511215
32.55948292171096
60.0
42.67316849665659
59.7885512522915
31.728607188666963
61.0
40.19658454663354
63.751301761384745
30.947397442341128
61.0
38.30190075673652
65.53459759897734
30.43248053606478
62.0
36.07057415492702
67.23452446621602
28.665913037334466
63.0
34.307139044312606
67.96322798659786
28.530760726700148
64.0
32.626213896128746
68.59318605868384
27.781832179700054
65.0
30.62635287768724
68.96269205044162
26.313172142537226
66.0
28.98144206954146
68.91383909940443
26.128848476567853
67.0
26.74596990218143
68.87267851886044
26.284133328433924
68.0
24.884429194848767
68.86211487656125
26.265318340872177
69.0
23.771980147680335
68.86173252973659
25.061334359183583
70.0
22.101273174838244
68.35013896605923
23.86962116729635
71.0
18.207088047527414
66.4698221657819
23.27990283529479
72.0
16.502299806201798
65.51656304436369
23.215029140788143
73.0
15.676991635138997
65.05126511973523
23.23719481123522
74.0
14.189455885901074
64.23397461812996
23.35953345650623
75.0
12.499278656992043
63.292190763331845
22.855855639889466
76.0
11.078463804973048
62.36295314076759
22.835873441839407
77.0
8.48772874108822
60.63938338726908
22.85856400748963
78.0
6.752593532954058
59.453241010476766
22.82666710958253
79.0
5.053346812526696
58.28651066140374
22.327476151602802
80.0
3.5955901308880316
57.04167568147621
22.131238957584934
81.0
2.804186099286356
56.33388181703084
22.13258314707086
82.0
1.9681790417596106
55.585984035807606
22.12369879200169
83.0
1.1888399241016239
54.88487705225991
22.107426760530448
84.0
79.6312578197095
53.483433445802405
22.070152252828997
85.0
76.49024140820141
50.592934047406985
22.085224265520807
85.0
74.90939703473214
49.16231497125425
22.045741557577614
86.0
71.8074382640748
46.27651222854168
22.016213087497505
86.0
68.64514381352933
43.328474379954415
22.067656702490183
87.0
67.16453501443455
41.9935109089494
25.258862279041733
88.0
64.60446564745496
41.57510238046346
25.539272366007452
89.0
61.90837287252515
42.33493729151015
28.86843748108307
90.0
59.05263395298792
44.40024814380085
30.11678516114138
91.0
56.93809079998227
46.326250875388624
31.15962891899681
92.0
55.74266372038795
47.74103755489014
30.311791073948662
93.0
52.909800768560274
50.30026291401652
30.35323274449488
85.0
50.29922675137868
52.675123484928314
29.857787399683872
94.0
46.43875592459803
55.430599181479906
30.172782633068103
85.0
45.62891971132497
56.07961368295589
30.157581737752874
95.0
42.576363389974915
58.621891992789706
31.121690919226445
95.0
40.00382450080043
61.74331755053518
31.193432922373816
95.0
39.33924868101182
62.56507681548773
31.159777089315753
86.0
37.25822451836165
65.12981877006237
31.141060485727518
96.0
34.58019156670427
68.43355937930832
31.081345426505955
96.0
31.89329497626423
71.58121274499806
31.193341934657767
96.0
29.140248469000568
75.04247026515094
31.24910628467849
97.0
26.93584206293455
77.50163683060383
30.24251378631461
98.0
25.30360408937749
78.90963668549779
29.67476355303354
99.0
24.381417326891846
79.56726161219378
28.12306273222206
100.0
23.297139611240578
79.93415497372007
25.979279338316466
101.0
22.128213193487085
79.87358132761082
23.470804360122262
102.0
19.715064381467013
78.00137809017556
21.94149619033468
103.0
16.771577008063954
74.88838045855374
21.19155582438857
104.0
14.16717154852804
71.5060832650006
21.113736145114984
104.0
11.583025831779034
68.07007440465372
20.676764016234912
104.0
10.538778354118588
66.36063606219336
20.58639818859769
1.0
10.543285875816531
66.32424291608316
20.56895460822483
1.0
9.96780349255484
65.36803628263084
20.5542502719168
1.0
9.41751171627031
64.43981593628632
20.58169053808833
1.0
8.893082207900063
63.552773810500426
20.534625297850308
1.0
8.399602743903602
62.70784029130071
20.516579746704895
1.0
7.896063435455188
61.830413935360305
20.701769241594086
1.0
7.306462975926305
60.877162311043215
20.485633108344793
1.0
6.768043497971307
59.93398028889553
20.47307837298772
1.0
6.28574083049303
59.0785407167252
20.25526554263712
5.0
5.360924518171681
57.219098695730665
20.230688539915597
6.0
3.522160737127109
53.51338947334857
19.93923058783463
6.0
1.8456739939122473
49.66421204293207
19.871076030105673
6.0
1.4326545007473928
48.690643541321336
19.856966539519835
7.0
79.91549207579033
44.883056591200436
19.749281085976563
7.0
79.10701452727815
42.76724214085252
19.62527735794214
8.0
78.07611671516946
39.955115239871226
19.584466069176422
9.0
77.69531707006485
38.8888222752098
17.926336905498033
10.0
78.18918377496834
37.00343840344319
13.409370556651462
11.0
79.6459303987273
35.524597131387324
12.703700611376847
12.0
3.3160582795712905
33.49380736494566
9.888943530778333
12.0
7.5128636223130965
32.873667052674406
9.669727584648859
12.0
10.638796120813934
32.44368261236369
9.669087585779138
13.0
14.984319252153146
31.9016480885443
9.529642227712522
13.0
19.259776426598155
31.621925409081122
9.033312146468097
13.0
23.59652297902877
31.51530074815605
9.047756532202746
13.0
27.820905676862502
31.397646053083278
8.961702574934765
13.0
32.0739830917817
31.39187333229009
8.640276670224843
13.0
36.4216893883992
31.516450766455364
8.453082830547013
13.0
40.62220444257645
31.756692771438992
8.084020411887606
13.0
44.770476200006826
32.16536136870353
8.067206557324202
13.0
45.886305699295505
32.27217555304565
8.193963446713552
14.0
50.173531962951884
32.66077416938628
7.810425615055465
14.0
53.191924216256304
33.0908298008493
7.527343407062695
15.0
57.554747902711895
33.87176245378333
7.597119814231382
15.0
61.74828283623657
34.77875406893215
7.2543899041586055
15.0
63.73611367993131
35.212505671213734
7.218741385874106
16.0
67.94822424051907
36.13400470270212
7.250808225502475
17.0
71.19592129252678
36.81361063523
7.4053403324200655
18.0
74.30306071151107
37.430330343122954
7.448875656256455
19.0
14.523947461364083
19.070752201541165
12.57075104973504
105.0
40.13184515972978
21.066271719162348
7.293971536506328
106.0
42.15747341046114
21.61388397803751
7.353930402709661
107.0
43.2763108430017
21.883088625853773
7.7234657145711125
108.0
46.4121094642123
22.07964739512302
8.116023886467223
109.0
53.19624121737393
23.702016111674034
8.107203850509135
36.0
64.8764920735258
27.971698811409922
5.800864023164104
38.0
69.38160500251124
30.415320004565928
5.803605285505878
38.0
74.1442091744028
32.58313269273913
7.011881966594126
38.0
78.67350492423311
34.176537699537974
6.626099160847385
38.0
3.4339265771258347
35.514724249296506
7.170414452471915
38.0
5.420122801511435
36.00293105298669
7.137733371795365
39.0
9.559856581866462
36.99903349369051
7.61412382552977
39.0
13.871718062222643
37.55279420495035
7.971978063741075
39.0
18.124739365607923
38.23163626750706
7.4614096768268485
39.0
21.22232404382715
38.7534853667843
7.464174446031178
40.0
24.340549440368214
39.33341087251985
7.562336758973393
41.0
26.57707277966582
39.6743011909233
7.637640938649287
42.0
31.18343282248962
40.46644114935702
7.505844861341233
43.0
19.766347644090455
67.32929926053038
23.371546415040463
110.0
17.73026734999107
66.21726421770991
23.29000427461724
111.0
16.026962265972525
65.23262065760176
23.32168069763559
112.0
15.013542651383112
64.65429719121805
23.331936508393525
113.0
14.005014352031967
64.09203389213192
23.345279900525007
114.0
9.315385305358056
61.15418073058225
23.17077942615336
115.0
71.40442253884372
44.984138502431115
21.290138285568318
116.0
65.13668738002455
40.20922457207198
24.222549631367528
117.0
52.988422499497915
49.20623923877764
30.687917046069305
118.0
48.649088744617
52.98106817616157
30.543267597375735
95.0
43.602139411178825
57.38389189884356
30.725972399640987
119.0
40.36072856317819
61.69410326245071
31.287517537021298
119.0
35.57215540262569
67.55200117937736
31.28517595183591
97.0
12.100154550957816
67.65132434519413
20.61496656402845
1.0
11.64563451929359
66.88818069353452
20.654632026154268
1.0
11.164171258351802
66.09249108619969
20.541468818989678
1.0
10.707581781633234
65.30674715397987
20.603484775257247
1.0
10.243848506348508
64.5132207315579
20.551087311004697
1.0
9.80963663636212
63.755407143024584
20.551344921546587
1.0
9.431088871878003
63.10347660607013
20.549658094946953
1.0
9.02128545366881
62.4002339816128
20.54997580751894
1.0
9.035231374744047
62.37854803810173
20.5423377646123
1.0
8.847610820575694
62.05345344263952
20.47411405351436
1.0
8.73737426972795
61.862327909864675
20.54165516766447
1.0
8.710412324537174
61.81862072542484
20.510940682424987
1.0
8.610835906468045
61.65455981423901
21.42357090306796
3.0
8.540019634647525
61.56804913566569
22.731425535095493
120.0
8.494289179635961
61.539827267208366
23.812043872105498
4.0
8.478118379096069
61.534621974261455
25.204918877370723
1.0
8.402211874047664
61.51976416095546
26.612495427227515
121.0
76.10725409755214
16.795289975811656
5.277272068168244
122.0
75.9719421816408
15.287511483275892
5.790466344001967
123.0
75.71206371179015
13.571440376684507
5.629429884842718
124.0
75.47255073967473
11.798309158237231
5.62065200699276
125.0
75.19077240243254
9.682362602574699
5.547879955901617
126.0
75.05358421581288
8.566500189833874
4.635186135688173
127.0
75.10511106148637
7.520088709199584
3.4352413132408337
128.0
75.34086848387825
6.577640364805546
2.578870126176394
129.0
76.09324683952067
4.692050753416652
2.68925346365571
130.0
76.77889642489586
2.8357250402700203
2.5382377530858093
131.0
77.5467974997589
0.861330388217894
1.6220580522737418
132.0
78.04792283346451
0.011619295557608211
1.1889659287533316
133.0
78.59897568254229
79.21601797826352
0.5197634584245243
134.0
79.2673531906247
78.48320739254666
0.4092402747647661
135.0
0.04744324789866994
77.67411034761368
0.1504745092668056
136.0
1.607693416827729
76.1845697611933
34.52108988409029
137.0
2.1913773882359138
75.79346966664728
34.61724761500138
138.0
3.01385216097556
75.1771108894931
34.63073926764109
139.0
3.945490886235852
74.48062546934833
34.44208041552125
140.0
4.896560645582866
73.81590402906552
34.440660888177426
141.0
6.583413865073396
72.68162292032989
34.179042863382875
142.0
7.542240326103418
72.08301888863582
33.78719958258176
143.0
9.485143511307008
71.10783060578721
33.469032810846855
144.0
11.481393408491037
70.33308411753859
33.01908399419921
145.0
13.600806310999026
69.64865050751254
32.546800098133055
146.0
15.64101701108904
69.19224460972914
32.41797394849765
147.0
17.78570618475007
68.78220135547447
31.669391989099623
148.0
18.88104191806164
68.71736529572622
30.765672408096595
149.0
20.95402076077042
68.9132348274175
29.753208903852304
150.0
22.918503009718016
69.39576873206813
29.228287392939137
151.0
23.969261093645258
69.67509675598892
28.734924142402477
152.0
25.033513452310174
70.13955218767546
28.007873851275242
153.0
26.784354006122975
71.20377678443458
27.27039905703705
154.0
29.355167213166915
73.24621041624036
26.32486822476666
155.0
30.10654637809668
73.98548630581644
25.578294998256442
156.0
30.705912398302175
74.78212424400455
24.79901859814619
157.0
31.14895933588285
75.72555906948494
23.853714006684946
158.0
31.842150669087403
79.92925600882673
22.817034098392103
159.0
31.778271551304982
3.0113880234287933
22.12176803777327
160.0
31.39461549583808
5.191237868374699
19.87664594336476
161.0
29.38124185488678
9.10002014019092
18.479929659814825
162.0
26.427742752111094
12.301606410887672
17.871830286730148
162.0
25.65052630430729
13.066437775799528
17.872587798164144
163.0
23.023897056925534
15.379573539580235
16.341708558648953
164.0
19.07043528734181
17.349487787043074
16.01067322571597
164.0
15.978092175797642
18.436473267861302
14.891071914296734
165.0
11.592686425917456
19.225413852031238
14.395299691880638
165.0
10.571743284050626
19.287595743731785
14.359193886354184
166.0
8.508994300158676
19.534942241667864
14.257202656693494
167.0
7.100226643500122
19.64044860571643
13.20394438779508
168.0
6.087206728921103
19.54929503675713
12.022010194392056
169.0
3.162318442983498
18.60834459536892
11.509511881859527
170.0
0.3326981677346055
17.416621437287034
10.462630117075967
171.0
76.25052666573205
14.783255867683835
9.882019803906328
172.0
75.36339711720238
14.133776395818415
8.984012137659317
173.0
73.99732464734068
12.535761198889873
7.532366375014323
174.0
72.59236824178322
9.508454722813568
6.935090401775653
175.0
72.23559193385488
8.506194945885227
5.883068133672975
176.0
72.07197457368494
7.500551554857196
4.943993852788221
177.0
72.08923742130179
6.383447796229447
4.076753784442829
123.0
72.26911310856867
5.264231077770816
3.3539332551482843
124.0
72.55159317355728
4.2500451939393145
2.5802011691715094
125.0
72.92607918718556
3.3338211994206546
1.7369078907475863
178.0
74.1283556011316
1.610826756433724
1.519952458277075
179.0
75.25803115791102
79.77327291380249
1.5084616126091923
128.0
75.80426625801141
78.88479942501702
1.5521741881614748
180.0
76.97417017487722
76.96495455918667
1.0135867745257947
130.0
77.55306330688077
76.27075243382498
0.25401106834117293
131.0
0.5895445829179877
76.79716860865891
34.340674114525065
181.0
1.3355422778872352
76.45892683984835
34.044863428019056
182.0
2.3286828230416674
75.66722379875202
33.936810008582256
183.0
3.226560809519029
74.9911745100086
33.898576824475356
184.0
11.282749664217505
69.85149544351563
33.312531882187336
185.0
14.209212170517986
68.98124628816113
31.47068542340316
186.0
15.265188600761604
68.94462208590849
31.036379806275384
187.0
20.581192444670307
68.69927864487444
30.478364341498718
188.0
27.25576275473692
71.5087089335558
26.57712420415031
189.0
28.92547060908305
73.25613499451282
25.482586631578258
190.0
4.59259207348525
16.603127058004247
12.368028633540924
168.0
0.29049186638197
15.694676972997627
10.758888420270953
170.0
77.45510390182415
14.289687492126802
9.912860957567574
171.0
72.1899453395176
7.18611765677781
4.805348384917309
191.0
72.32423582827322
5.151227503165856
3.8277114979165923
192.0
72.58938223296676
3.2586514224751966
3.587675929495436
193.0
73.07826375471083
1.5410115399326116
2.174684832539926
126.0
73.54507543274575
0.5170245756712291
1.828675084814833
194.0
75.95444042396542
77.50838712135536
0.31482794367229516
129.0
78.66814820062811
78.60795843207771
33.96926370040883
195.0
0.49128025567497957
77.21907336401735
34.51357554513174
196.0
1.4989203889287381
76.25924815155447
34.32111032549882
197.0
3.4046317792830934
74.93236118158461
34.2026461578977
198.0
3.9524377442421184
74.31130793884688
34.205682199584196
199.0
4.887109008579337
73.57066572577928
34.025074707291836
200.0
6.52426491809306
72.71391673232995
32.88037044109275
201.0
6.888548640473537
72.14731764068158
33.07304118251948
202.0
9.235501204473472
71.03314184860766
33.022040861035514
203.0
12.663581619772422
69.57641211573883
32.401765598855896
204.0
19.007077306657067
68.93404091363702
31.04595998086907
205.0
21.019465723368874
68.82022999292197
29.280824405642143
206.0
2.7693838675730333
17.17566588170675
11.517631860227485
169.0
72.03680902709178
7.896778532886401
5.884376289171286
207.0
72.94449416412402
1.5419766187177117
2.64855819728038
208.0
78.2797950202447
74.1482383963658
34.2382334676433
132.0
0.0666479986140942
73.35181684910143
33.547620267454526
133.0
1.2273346294191327
73.91003858307616
34.20723899324146
209.0
2.236128054237277
73.16691037943133
33.99086538539007
210.0
2.2622643194897876
75.20662461085365
33.70383642017063
211.0
4.008268542840007
72.50775784542246
33.11247831299686
212.0
4.809435441370596
72.44385906153163
33.23821648107078
213.0
25.824064820264695
70.46821319279508
28.825661923670868
214.0
27.5781783747354
71.13945760423358
28.728001747199457
215.0
29.246600389844858
71.80828329599034
28.733859296500892
216.0
30.641304578046288
72.35643690709088
28.66584474047291
217.0
31.330920995338488
72.6417745044675
28.599178565018192
218.0
32.146336885522146
72.94228147018087
29.885075021770415
219.0
32.68460775431399
73.04371071554469
30.344137925039217
220.0
33.32050305106317
73.10095489949897
32.01189801068623
221.0
34.427139830252585
72.87980395181111
32.79618093929637
222.0
35.165602357796786
72.64660568769666
33.055247071857465
223.0
36.07975483789828
72.31906344479957
33.945245108249836
224.0
36.1019078922986
72.33632107844188
33.934509499425126
225.0
37.69445843609391
71.4624197778593
33.930975086254264
226.0
40.536139540840935
69.93607285435235
33.935621142387596
227.0
41.45936863547048
69.42378533581612
33.41137620471498
228.0
42.34149129738084
69.05067316129268
32.76059838804863
229.0
43.28967801830035
68.77566335561487
32.33782474280957
230.0
44.39004503156458
68.54229862808566
32.19394247508482
231.0
45.5100335003209
68.35240369989002
32.154625928299055
232.0
47.53043039946349
67.95298632976447
32.079264079482115
233.0
47.815673141158165
67.8377133585193
32.091977727418694
234.0
48.907113662028024
67.65174817272059
32.08518162534731
235.0
50.04309360223952
67.4714139479608
32.02860157198112
236.0
51.08686448791391
67.33306802439867
31.813046197265823
237.0
52.07865352160995
67.2495423317484
31.705157457842404
238.0
53.13841035628637
67.1362331620215
31.11458601594469
239.0
54.22447746381753
67.20689568890846
30.630511770972596
240.0
55.21030216569116
67.30720098656855
30.604390541679493
241.0
56.16419690390978
67.39448414939913
30.500864091112945
242.0
57.22376071478745
67.5005984878238
30.51365318494132
243.0
58.44394105067512
67.61837429053129
30.503966974782976
244.0
59.55908700846278
67.72349545697007
30.551882850833984
245.0
60.53955170493159
67.79848037921508
30.55617810793988
246.0
61.46109249053448
67.86620321955267
30.520530674883357
247.0
63.61100680798155
67.99543031930112
31.531472350910306
248.0
64.58362135812823
67.89552436303438
32.28894528407015
249.0
68.82886154705837
66.96071199474461
32.29962901850082
249.0
69.83624045480357
66.76478880376229
32.37907045508797
250.0
74.03806294679279
65.90686172142728
32.31464965073383
250.0
75.06274300150814
65.72493914442614
32.21873177101351
251.0
79.16917026257853
65.00089457515128
32.20268652033535
251.0
1.1475302915515897
64.85568010952295
32.78009630988965
252.0
4.945211213948198
63.647419110156534
33.81590717755212
253.0
5.695927424994387
63.17589819066586
0.5727781495424722
254.0
6.324702435166678
62.532959388452014
2.5125512790067184
255.0
7.077587690743762
60.52022955643008
3.614648442690463
256.0
7.417336098070152
58.67743774124108
4.97627527380881
257.0
7.311421845166606
56.558442470363616
5.817478487779336
258.0
7.140581990640477
55.62900098416242
8.173787991574432
259.0
6.687206720736711
54.968590204518364
9.080975671084122
260.0
5.346605490675351
53.7216468531293
10.53728893421987
261.0
4.450872199362337
53.194225586704704
13.027600153828075
262.0
2.561733262655352
53.14542985117882
14.135292273488481
263.0
78.54085997097906
53.80330862101454
14.578888219775806
263.0
77.52815111891744
53.969084103378094
14.554602089877893
264.0
75.5091364799605
54.28108292283912
15.475877953164353
265.0
71.45085511061936
55.6353394140105
15.137455386578381
265.0
70.48498891821276
55.899080846979075
15.001004058201278
266.0
66.32604473307464
56.88542583010914
15.038966835952621
266.0
65.3826257618651
57.09779297348558
15.634806622388883
267.0
63.29105007134166
57.830830747691664
15.60161935201966
268.0
61.26738508453117
58.51082150096582
15.30395988931144
269.0
60.3315863380398
58.7774415564669
15.324033637379756
270.0
59.29347133512207
59.07144060112739
14.561931583176541
271.0
58.17776836990775
59.2214883910826
14.447038132553882
272.0
57.07367655470804
59.35736538474373
14.493582112664662
273.0
56.00477725863028
59.484241661246756
14.457095828792283
274.0
54.97952269930147
59.66048493659119
14.375587216645396
275.0
53.922557876107675
59.78030396763984
13.911053017396629
276.0
52.81186946936631
59.72328380377422
13.760469620700867
277.0
51.72883892613447
59.90320723111688
13.792924203491879
278.0
50.70827801084841
59.8549514118356
13.722881163886296
279.0
49.715101063213424
59.750773068569885
13.733211687165287
280.0
47.51937457200887
59.745940638568015
13.660790465092987
281.0
47.255521234558685
59.71393535101731
13.610357621156698
282.0
46.10445946014529
59.72005792552201
13.676889810654643
283.0
45.01060703734608
59.92052280894191
13.660384577969793
284.0
43.890789126898014
59.9221257038034
13.673890458254089
285.0
42.81539810653602
59.92562906688164
13.483251138419451
286.0
41.81213852090458
59.908646046486524
13.250241458919895
287.0
40.83898706665654
59.86650855110889
13.250715180361826
288.0
39.87558655035198
59.82577988682948
13.029541217089445
225.0
38.8840058597184
59.75138388449349
12.55399069472858
226.0
36.78014082867533
59.271547630140674
12.447092097760297
225.0
35.85646458407362
59.10701799295589
12.588054591180871
224.0
34.77883213765767
58.94723663801264
12.467659910527289
289.0
33.711670285191346
58.7720220209267
11.542152416123646
290.0
32.88027142806557
58.39990321103866
10.462485213623463
291.0
32.085251475952944
57.997661991471944
9.663147150179785
292.0
30.663343663970053
56.8528063441141
7.718448711246239
293.0
30.271470557304838
56.06827058562297
7.420045454065491
294.0
22.004677893071843
67.86851651979853
10.185561847346708
295.0
21.105059541689087
67.28607883302274
10.082486425412942
295.0
20.156811713262854
66.65605504246219
10.155782804397141
295.0
17.24411945140477
65.73614193287077
13.253201057455833
296.0
14.738860373125448
66.343048078898
13.170914854848125
297.0
13.670889530754316
66.43574035783274
13.222347618651892
298.0
9.075021379714627
68.31736523406401
14.049044359653628
299.0
8.017988672919294
68.54667773101545
15.299615996763333
300.0
5.983975737377392
70.09897268775138
15.487416623467045
301.0
2.8748012355017565
71.54457524340356
14.982667429244234
302.0
2.715633858720622
71.90044636679279
15.020267787421862
202.0
1.5894551738616443
72.20309449609016
14.973984807045724
303.0
79.68679388654286
73.2011684064189
15.602931140690902
304.0
78.73767559935845
73.62474444260705
15.592290718807746
305.0
77.7739628375598
73.96245224520197
15.635008696300766
306.0
76.78103821268435
74.30236671933586
15.553685183846735
307.0
75.82727171092556
74.6770203095198
15.602349087176897
308.0
74.86825017798992
75.11297132973161
15.635105872196785
134.0
73.94577316625038
75.71117092911473
16.010542894082047
133.0
72.8573383479191
75.73253959430822
16.653410667380832
132.0
71.83853482430128
76.02944361326901
16.611381518006603
309.0
70.91735808586219
76.5554141124331
16.518964418845396
309.0
69.93645393835
77.03844943945134
16.48777764145166
310.0
73.11878304017955
10.620453555959344
20.839791151574747
311.0
72.8595872200961
11.710617692557804
21.901756660834568
312.0
72.82958925627426
12.67166960275911
22.556669324563305
313.0
72.90144905276387
13.679665321878943
22.586710056987542
314.0
72.97054159357728
14.79118059161415
22.743564361857704
315.0
73.05659268794287
15.821095538036403
23.507168069218576
316.0
73.25854684872772
16.766716352133727
24.17760976627474
317.0
73.58419309029895
17.738311777214136
24.488374905499093
176.0
73.98198650437638
18.784241672679045
25.777437835428195
175.0
74.55978683607427
19.637440872605794
25.8280437965986
318.0
75.14058358923194
20.478903499648084
25.788926931793604
318.0
76.49961328964386
22.389419627123516
25.90840686403691
318.0
77.04366464006931
22.892839457541484
25.70091566404252
319.0
77.66332091634607
23.78183703074434
25.889997939596498
319.0
78.25446042889217
24.599691281442148
26.860026368851038
173.0
78.92058404291865
25.208314577635576
27.120081194769497
320.0
79.780604318184
25.95272127921018
27.18960478577516
320.0
0.6915156999268106
26.70274901088804
28.747547586686903
321.0
1.6708410210987523
27.106733087490795
28.636624031892946
321.0
2.641495955438181
27.47630328570432
28.867939576933978
321.0
3.6980162037248547
27.923502012910888
28.77488634479595
321.0
4.753819951914231
28.305212846023778
28.79563212046056
170.0
5.787311932565025
28.657820461079837
28.7730522875109
170.0
6.832918734093305
29.09200846342719
28.841072767312532
170.0
9.952282435859175
30.11745075962716
30.083179286501032
322.0
11.031212154621407
30.24900703765013
30.19655313634171
322.0
11.263621692113837
20.289330336672634
31.15194628030136
322.0
13.165342026511254
30.421146287461426
31.135440719528226
167.0
14.242156232202873
30.409089957672506
31.342339951497415
165.0
15.321311460402242
30.332205250995926
31.260423605915086
165.0
16.446241483050557
30.26864945917609
31.191529548633348
165.0
17.53426207205154
30.236911240156616
31.192847239941052
165.0
18.584261673503427
30.211558078753825
31.195112772734436
165.0
19.590128581518194
30.18589171716826
31.278934956662937
165.0
20.61867950630453
30.1460354924248
31.243754220067995
165.0
21.718525231070124
30.105596644253666
31.21204687592268
164.0
22.821744243389105
30.070840486728883
31.167322602659183
323.0
23.874628980917194
30.041233490022904
31.190489368270736
323.0
24.904602265704604
30.014172248674996
31.251165333307892
323.0
25.947978332897335
29.97966505217603
31.176363364032042
323.0
26.997113605252856
29.954076903051856
32.02089235169754
324.0
28.02433453932983
29.76646753561127
32.37752892779893
163.0
29.090053242926366
29.534371182361696
32.861758536237964
163.0
30.043614523977226
29.238248786837218
32.806464806779694
324.0
30.958688544338585
28.97669199541147
32.86052456402244
325.0
31.933510533728693
28.671760494903012
32.9209185177098
325.0
32.97181018880359
28.35386457580222
33.78980955884213
326.0
33.96425973792337
27.870375677163068
33.81227783976578
326.0
34.87380431135563
27.40918714585898
33.709733937866474
326.0
36.660181532760674
26.521089138592544
33.44239570006979
161.0
37.23519802300645
26.167937331003856
33.2904329282051
161.0
38.28374899681235
25.766032472873036
33.249271824130204
161.0
39.218759007249375
25.38753068951314
34.19258842182325
160.0
39.97888238046019
24.94949993571477
1.1432034120674146
327.0
40.58115343416166
24.213014909321856
0.44782873534374623
327.0
41.43088135754826
23.369839696943984
34.636194247515675
328.0
42.4237589330571
22.649612141533282
34.47289806715876
328.0
43.22237287034632
22.109971521589046
34.29625789565344
328.0
44.01271807737808
21.61942431767764
33.67487068166837
329.0
44.99060404394882
21.14926603375423
32.874188303254954
330.0
46.048447752859275
20.821689321830746
32.65768587701306
331.0
46.876521784395756
20.602949049114983
32.142041327814255
332.0
47.58644477550705
20.48291309301237
30.96540850132378
333.0
48.458273117688876
20.48877749492965
30.28035018641922
334.0
49.33802114437617
20.615671344530227
30.069419351032515
335.0
50.26919023739659
20.75592993904516
29.58605639733463
336.0
51.19998345617242
20.982852735876293
28.98805760513445
224.0
52.11955327471138
21.295431825096358
28.43559873797164
337.0
53.89950503524241
22.177470951303576
27.8642893341413
226.0
55.577933800821995
23.175429866872918
27.90531633015471
338.0
56.51706714386977
23.6881287863027
27.886700223290422
339.0
57.408339642513866
24.23673782647421
27.711638348667353
340.0
58.28392079837997
24.80492460852014
27.041171624998423
341.0
59.054867203845475
25.441295666218792
26.589178354901794
342.0
60.511179836193364
26.902954739416515
26.614003839454732
343.0
61.12137841988921
27.529420665741583
26.602935514737656
344.0
61.92100628024521
28.323850485145073
26.581361112406825
345.0
62.66490235703069
29.08463284988008
26.63378011436668
346.0
53.1247103943406
66.66759384646028
31.2197367044252
347.0
54.14740435133275
66.7457272714324
31.239056678069012
348.0
55.24449788718531
66.81350200745946
31.223082463019608
349.0
56.36214102947248
66.86027310597979
30.959386709907946
350.0
57.02120575675419
66.92993352117621
30.97756451628543
351.0
57.388578366165696
66.96970759399943
30.894954181194926
352.0
58.179599221855746
67.00199551261205
30.92886396475326
353.0
59.61215587998987
67.01276914022924
30.906288992110227
354.0
60.86238441809671
67.03297983413132
30.90764575677146
355.0
62.69669161846078
67.07572522058396
30.69341859848869
356.0
65.60118622774597
67.35106974207112
30.287323167536588
357.0
69.6215297448781
67.76500456676833
30.337695413551764
357.0
71.41977933444147
67.9462862191737
30.356929922335837
358.0
76.50291050911355
68.21888853795859
32.322976520508355
359.0
0.9744010463372419
67.30331992826369
32.24680765450051
359.0
5.272715165691906
66.4824717531487
32.3825947276845
252.0
7.037223652647391
64.70857951932044
3.551284028759923
256.0
7.772311334681781
59.98436186350406
3.9657700121536337
360.0
7.672693622526722
57.778425186073264
8.565668423699943
361.0
7.262142767711836
57.294463884652004
10.522065410915761
362.0
6.653253215591505
56.94996031194765
12.090055341612938
259.0
6.0158988853821
56.812215338810745
13.45616074090783
260.0
5.367815714396208
56.82149108455155
13.658753969357356
363.0
4.628344826931659
56.850410490614195
13.612140359678786
363.0
3.8174194980111125
56.866967414128936
13.583401454997027
363.0
3.0100577524347685
56.877642900672924
13.643404384593573
363.0
2.288912939466371
56.89325115228593
13.635819936793194
363.0
1.4985514194490932
56.90795666185727
13.607800785004013
363.0
0.603197930766612
56.91672758274433
13.653454966961487
363.0
79.69489957727185
56.9308794748884
13.61370075923315
363.0
78.82612006925982
56.941291189693885
13.541558557581002
363.0
77.95223201140575
56.94197849383647
13.547418030752944
364.0
76.96732790663687
56.94451531073935
13.606460983382057
364.0
76.00359803549377
56.95391977326875
13.564189065779598
364.0
75.09677221324792
56.958849234125324
13.516418834802781
364.0
74.1607018588052
56.95687736904915
13.491625027710839
364.0
73.10573273295225
56.950333362570916
13.523640610907442
364.0
72.11658338014283
56.94768640432562
13.52145064046303
365.0
71.18567359330136
56.9460798522835
13.521610993531358
365.0
70.24808512864001
56.94528394574036
13.522416414113703
365.0
69.2347195993184
56.94556647722982
13.502641518727177
365.0
68.21293679592429
56.9420573372345
13.503770761408859
365.0
67.21968769527871
56.9387809432053
13.46454383725425
365.0
66.24684336951472
56.9294596599357
13.428117589970984
366.0
65.22358248413408
56.91437881205184
13.379810574845795
366.0
64.16450585466846
56.891063964177704
12.963747261354914
366.0
63.14799775844166
56.79609709403351
12.750684417422068
366.0
62.158818928805324
56.669771421163546
12.661784331731667
367.0
61.14758186959868
56.52904879065585
12.627752115052456
367.0
60.110124032197746
56.384248155395824
12.478227901076867
368.0
59.07828150427783
56.21403917539044
12.413365658448843
368.0
58.07425147945909
56.04351110119728
12.411094757521635
369.0
57.015863051626965
55.86470791115755
11.98581791569762
370.0
55.94265705325664
55.60777320660978
11.929412585564645
371.0
54.939732081985824
55.360099506088375
11.954259767213024
372.0
53.954890365719656
55.12879216354929
12.023772910515273
373.0
52.881680131906464
54.87463319310467
12.022805170694994
374.0
51.84484778425937
54.63386174997407
11.961210303967245
375.0
50.86029283742859
54.404366856293336
12.026108423299686
376.0
49.87833259273965
54.183233906129914
12.047004163622297
377.0
48.81890186896016
53.92649642152412
11.989472639965914
378.0
47.76829082346811
53.68338855887254
11.96794201434476
379.0
46.79250993909971
53.46192669739517
11.949533977651821
380.0
45.891152264918205
53.245348675079185
11.665198595533393
381.0
44.91470197408346
52.96497034853331
11.23401178296589
382.0
43.86707031779899
52.57501707157809
11.166442691712877
383.0
42.944437045083234
52.23487219788137
11.24456875856579
384.0
42.07266331418573
51.889202952897165
11.244508433791346
385.0
41.154050986400364
51.54659315269191
11.164163819140004
386.0
40.19672687236904
51.189388217118164
11.288253296077617
337.0
39.23847763660413
50.81142338746537
11.347894051953421
226.0
37.321627423629806
50.09089656113372
11.511849414826482
338.0
36.37326356505149
49.786948178031196
11.469339986654646
225.0
35.50647700979637
49.50742011009265
11.503787093183586
224.0
34.55037203019991
49.17807984292921
11.444532010480444
387.0
33.56689724387304
48.84962799481082
11.446683735565813
388.0
32.738376734220296
48.566859148366575
11.723778160752797
389.0
32.01863597554117
48.40668897067789
13.183247570735414
390.0
31.36444403832489
48.40725004303974
13.107223154669153
391.0
30.61952490554158
48.386345588891146
16.054122144668526
392.0
29.890135529246443
48.75037767824034
17.013702416179186
392.0
29.190477555148647
49.25154704794522
17.216829383193268
393.0
28.480452757746257
49.786992078279326
17.209038393074014
393.0
27.768775773116502
50.325710849818165
16.2094923399809
394.0
26.967605658660318
50.74196015932324
16.228252889993943
394.0
26.158568821272652
51.15194389190847
16.104305311907755
394.0
25.369946536347683
51.52009582117094
15.777556919494653
394.0
24.51992422526648
51.8642051430499
15.793440495853705
161.0
19.901887829453173
53.653100149742386
15.6776800243486
161.0
18.086607437275696
54.27813955625015
14.614998946988791
162.0
15.02698693647406
54.565591419410794
13.744889188061414
325.0
14.038108801199243
54.58600871757804
13.232889266178848
163.0
10.390831872073711
54.1828197784389
12.910937580805768
324.0
9.381510734101745
54.08970172202112
12.469678200847273
395.0
8.350617798976579
53.908282014017914
11.74352798827886
395.0
7.454298568632936
53.63477483380103
11.181560630340531
395.0
6.610936355071104
53.29453006938215
10.901472863896664
323.0
5.714964988367413
52.89450694931071
10.666124773917748
395.0
4.774801227667339
52.41913979073834
10.717738359959988
164.0
3.870502427194154
51.95777304489428
10.694811816599223
165.0
0.24496246582224046
50.11631101289575
10.724561592750572
165.0
78.41393871411508
49.17775630052182
10.843765824063826
395.0
8.231418015851865
26.81674346131763
12.032851279216434
165.0
7.311939019764225
26.611772679281955
11.50774458446584
167.0
73.93596956983995
46.76617484133405
9.429962816710717
322.0
73.07828744772955
46.02383700590532
9.067482073172929
322.0
4.515601331936175
25.247165129586364
10.268042817299087
322.0
71.64223929243573
44.52409664869431
8.22899788094415
169.0
71.06833855620363
43.72233438507028
7.217374157313444
396.0
2.1582353275086135
22.878185100752603
8.570250890932218
396.0
69.64438536295845
38.653354791770084
6.035433031474167
171.0
68.98779380684331
34.594911952853096
5.539771842394973
172.0
68.80599740434522
32.481748666077294
4.792772808943472
173.0
68.93267788434929
30.45370440331827
4.136652034784802
397.0
69.40596922065106
27.3710988989978
2.2255196023351935
398.0
69.81547148203373
26.495896835312394
0.8218833033995008
399.0
70.44168619487472
25.69624799845593
34.826565150571184
400.0
71.23865183585745
25.0124440143573
34.00149935790702
123.0
72.13669053658685
24.455354093949225
33.37074896030403
401.0
74.04953124590567
23.744215105212305
32.0357142968688
178.0
78.2474675519642
23.067237885187964
32.09050641415304
179.0
77.0127754282091
75.92844894337102
1.2710073011921352
402.0
78.78538271444685
73.37829075082024
34.14041155192533
309.0
5.5720902429371435
22.516408541874767
29.516621205016484
132.0
0.13101567102831524
76.83510693269835
34.04146982455129
403.0
1.3869857723124497
75.92375751937777
33.8946876909777
404.0
2.650855233157216
75.0251035878266
33.273700960571425
405.0
3.5244834261288958
74.68425340583968
32.677864368584636
406.0
4.554536528275669
74.36310410478846
32.71750747491362
407.0
6.415412395150682
73.15378863792402
32.8668529574325
408.0
9.880764197795692
71.18972307835767
33.27208699017086
409.0
13.397961583503786
69.25113873316351
33.33263543236459
410.0
15.250813236618114
68.30237941019418
32.867701241090984
411.0
16.23417342113588
67.93285151888053
32.11509608918097
412.0
19.361473966923562
67.65238156870143
30.265184549165767
413.0
24.09728757633019
68.99540839005478
29.015422941637812
414.0
28.070601960578173
70.51451622241963
28.256099294690355
415.0
29.337435625381445
71.38785519143521
28.284529454214077
416.0
31.356845029907774
72.3897672879518
28.45455324985339
417.0
32.319578336218896
72.83710120921685
28.337581173736837
418.0
32.81667417714543
73.05047995010914
28.42847829557963
419.0
1.714188701154285
76.62678966853166
14.221169713349369
420.0
1.6483166899740098
75.80158159556929
15.436008797597271
421.0
1.5065831593992414
75.3922810976271
15.54099893351037
422.0
1.2381625301956944
74.56289361105304
15.424004117522287
423.0
1.2536219688849783
74.54989971193353
15.415411456866963
424.0
1.0433621970206275
73.86622220923046
15.910521441519318
425.0
0.673879559410878
72.92425451864732
16.225604802718767
426.0
0.0925129293084126
71.65555707083267
15.873712921638873
427.0
79.6156837367113
70.49135037842616
15.316478762701234
428.0
79.20191647030802
68.79572640224352
14.783305661224695
429.0
78.40312122225973
64.4914270186753
14.25672379996514
429.0
78.34202162173763
63.40029749669105
14.2307520459733
430.0
78.06407443743555
59.17180326935471
14.206695131634952
430.0
75.90364391824622
14.542874623064748
5.191660351088878
365.0
75.67666856965555
12.153505773957292
5.207297157331055
366.0
75.51729316500763
9.992249593079833
5.293796112577731
365.0
75.3614168418554
7.877801328817981
5.32578727376497
366.0
75.18839772648015
5.756334902685495
5.259054496939097
365.0
75.04263167848282
3.618458781955482
5.336634751166375
366.0
74.9656966562784
2.599030829018517
5.328401357573323
367.0
74.80378320633993
0.37199062055992727
5.0766531497017375
368.0
74.72658971077279
78.34827495197688
3.1263096316634424
431.0
75.46410888398815
76.22532810458733
6.454735388862662
432.0
75.14271716744646
75.28383321423968
4.656396470574403
433.0
75.19436931577236
74.23052534949898
4.511300230726164
434.0
75.25360545592733
73.08794044457748
4.481800277480893
435.0
75.30993854216446
72.08253368806407
4.492450900714189
436.0
75.37048026598569
71.07300574717331
4.724042656832527
437.0
75.36638843939299
69.963234004629
4.802313838942787
280.0
75.36038208269201
68.83071159142169
5.146165326837579
438.0
75.299958340909
67.96701119964614
5.310500051409118
439.0
75.21946092595604
67.03391356988848
5.510489097921564
440.0
75.0990413323606
65.99034353353429
5.40821759357603
441.0
74.98746038048334
64.87688646796423
5.682935363929776
442.0
74.85992733961423
63.963502953317175
5.655685632648623
443.0
74.73879351795851
63.049003752126
5.503773243493523
444.0
74.6243841745517
61.993399879083654
5.7341306107307055
445.0
74.46720302697489
60.96864412918774
5.301758553790737
225.0
74.40211744142286
59.94951254115452
5.084466392587881
338.0
74.38257107920404
58.972079039060475
5.601043929678408
226.0
73.78045881708854
56.20995133073876
6.498601419312369
337.0
73.53408220012547
55.30306199467509
6.512956010538627
446.0
73.30178995044885
54.394085994255875
5.792801179519376
447.0
73.17090709764913
53.464783538385404
3.9600527873347424
448.0
73.32907505139056
52.633812261835146
2.3437873803909284
449.0
73.633028400093
52.00172093820464
0.27822454292043197
450.0
74.26191887573859
51.38836983683257
34.75318922500627
451.0
75.18889239474278
50.65015416725947
34.52948559970965
452.0
76.20151182717125
49.893729629569805
34.496109173320846
453.0
77.02424586849787
49.284847777442934
34.63375439526065
454.0
77.84143651698673
48.68567522202193
34.48208310636804
454.0
78.76963390253772
48.042072396203
34.55496813451748
455.0
0.5327758168899592
46.76687936083778
34.903234904583115
455.0
1.0311251171276012
46.24422059025383
34.829456627303536
456.0
1.8539657743330196
45.56613588537543
0.07457050280049593
456.0
2.752738413002227
44.780723276823196
0.7103450336086912
457.0
3.5476723004529163
43.91158637077238
0.4459516475892258
457.0
4.278591659821998
43.17131929505672
1.0114553594123734
458.0
4.923648007384003
42.374108916951116
1.1863077027875182
459.0
5.623411040381029
41.42178812103083
1.0870461519129488
459.0
6.308668376534165
40.50690171470259
1.2168606290983615
412.0
6.9666691095626945
39.61489814369537
1.2738206300138657
412.0
7.610542080170049
38.70787204129367
2.0253227466196506
411.0
8.132360461476686
37.685860981555834
1.9292752100830377
460.0
46.08393267921778
77.1687103789335
6.150152364844281
460.0
45.86981554417369
76.129221827842
6.270748310841423
461.0
45.64944171757159
75.14120717291297
5.871259543527064
461.0
45.493096312596506
74.08895756116009
5.664731180791254
462.0
5.6472957698594115
71.2085477297754
14.873515990010116
463.0
4.619999351471343
71.47366826630264
14.91518427156614
463.0
1.5838931963640022
72.51775431492288
15.218121102090048
201.0
0.5583412812991995
72.83035425317965
15.166608701676708
464.0
79.59075531441636
73.10188149196547
15.120074324068295
465.0
78.50856778695771
73.37730283109619
14.915744104369551
466.0
76.24717777928532
73.90537831327671
15.437365311092854
467.0
75.16593722173577
74.23223949338717
15.926378867353616
468.0
74.12973404408243
74.68972006098062
16.071468112527107
133.0
73.12888904141778
75.11141641015519
16.286653432835077
469.0
69.2746584413142
77.6934354120088
17.82895255997423
130.0
68.47212539780378
78.44208800449488
17.750283221571767
129.0
67.65358034522255
79.17971710535134
19.128078267416022
470.0
67.01767985810652
0.1320361468391411
19.245523965885962
470.0
66.43403670958233
1.0949918048482488
19.307331548586728
127.0
73.23246720275701
12.434014993535541
21.172722479941296
471.0
73.11001792360584
17.48289323580272
25.328791573608093
175.0
73.61050370136721
18.431392879754355
25.05187326868846
175.0
75.01434598294072
21.248027085732673
25.496593791710744
174.0
0.25950954473334775
27.054241391775065
27.67203981360401
171.0
1.2161526242489131
27.70229256619649
27.248685718319315
171.0
2.1277030009388085
28.39515533021597
28.01842422491336
472.0
3.1030892760595563
28.942806608949923
28.04617383070038
472.0
4.074523150927519
29.477233996521136
28.173766849070393
472.0
5.025657212542917
29.961059630254937
28.866586003030346
396.0
6.085010056239774
30.322269810692404
28.84638506073806
473.0
7.178593055281205
30.76445560209612
29.360958365287015
473.0
10.38042828260069
31.15770450862567
30.80566469112997
167.0
11.555506472639884
31.18206143284256
30.802905477707817
167.0
12.59684223822704
31.207144653959716
31.184777202424534
165.0
13.607259084676542
31.16367284872406
31.01006787788377
323.0
15.7794380763752
31.19678817136321
30.614163908429227
165.0
16.84168811972046
31.25839906494778
32.23694929632058
323.0
17.850892680405735
31.020008774767405
32.21470852531656
323.0
18.86298563515112
30.804132441722714
31.91384420327485
323.0
19.961486821443586
30.639532674449384
31.717452964199737
323.0
21.018222584666475
30.52995134288173
31.82424473669912
323.0
22.129831523180712
30.399377011773964
32.277081835412275
323.0
23.149846913575573
30.188428439863117
32.196386384098915
323.0
24.24707073292403
29.9898625628598
32.24182657403019
164.0
25.30754686905557
29.79913659873513
31.88054163266814
323.0
35.50621518661238
28.498392691906076
33.27367687680843
474.0
43.5274455210686
25.083959123409528
33.98345774477734
475.0
47.420159257883725
23.43495953792538
27.690174379924354
391.0
47.78009707469509
23.763574470096984
26.884521430136978
390.0
48.58264180302212
24.677155315942855
25.54716999292576
476.0
49.24839765648771
25.410386047100147
25.26356178598651
223.0
36.31800262474597
71.8921881975429
31.807218488370687
338.0
39.18416806806239
71.04405213050615
33.15158313968483
337.0
40.278783857913524
70.63840371002729
32.91770788129561
386.0
41.32363300806682
70.28693913340106
32.77465163696884
477.0
42.303997991742804
70.00247886608486
32.66953114869825
478.0
43.27435501800049
69.74210669301578
32.63927534375867
479.0
44.42489253928969
69.44223674865324
32.6029702530581
480.0
45.482099489301405
69.17814939658511
32.60011151211508
481.0
46.50532782314127
68.95509436985193
32.61061181689198
482.0
47.505840142422265
68.73290697945411
32.2779940146045
483.0
48.56037916800125
68.52734707911694
32.54724639545199
484.0
50.616159143461935
67.9962333781672
31.100691613978334
485.0
51.01793963441515
68.05245785722639
30.937928158683107
486.0
52.189500230591996
68.06250488451602
31.202927166865262
487.0
53.222303827275326
68.00158394461212
31.066223669375887
488.0
54.23248314303967
67.9302317871348
31.251030465931493
489.0
55.338216541004996
67.79701958253983
31.264609532237078
490.0
56.403650226234355
67.67642173201887
31.207674946893647
491.0
57.414974051480826
67.61099462765542
31.253195710231637
491.0
58.44060713500507
67.5837546277232
31.222052474568603
492.0
59.47750390156516
67.59519725080241
31.179734666240464
492.0
60.62263272016631
67.61638670639408
31.278171296842284
493.0
61.708326043947295
67.6171055941565
31.26739120493704
493.0
62.79422365526875
67.60250706928603
31.370964671150652
494.0
63.82427496764828
67.56887532283565
31.557480423452645
494.0
64.9048033791251
67.49466583447452
31.843365069282
495.0
65.97147684341235
67.3718276003369
31.30703778164754
495.0
67.04116508301328
67.35303683308675
31.10371945140978
495.0
68.1161702456337
67.31406668041826
30.98907821598086
496.0
69.14186728666273
67.33444946412529
30.89824250027697
496.0
70.25838358871641
67.36707871343833
30.955671771221798
496.0
71.33637536857522
67.38313718382513
30.963693215830617
496.0
72.37901434761616
67.3969128149638
30.849344368488605
496.0
73.40743937609825
67.50395869279156
30.749530981237925
496.0
74.44985849016929
67.55694979478663
30.69147158589328
496.0
75.591471919436
67.55218364698703
30.8533378560209
497.0
76.70735833144441
67.5857440323905
30.8480557981646
497.0
77.70018423726641
67.69658213472158
30.862163625254937
497.0
78.77014850644524
67.72520090802706
30.84094790880617
497.0
79.85458375064314
67.75659389892942
30.627809978119593
497.0
0.9806132241885308
67.8292612454427
30.591461914461835
497.0
2.0417494904702025
67.90065968029114
30.59658126477467
497.0
3.0530653853752696
67.96203408634904
30.500140763367057
363.0
4.007805543318405
68.03286072235366
30.497475206522015
363.0
4.782846900719385
67.89439362515076
30.003857341753054
430.0
5.770742142607816
68.04340812826202
29.997751050340824
430.0
6.588047855212288
68.19785336511866
30.12818734896227
498.0
7.364968720434206
68.38369718968546
30.159830510650437
498.0
8.23726999896111
68.50150215029126
30.07454478085269
498.0
9.17068429476975
68.62779056422258
29.962509214204253
498.0
9.870824495036153
68.74160696784075
29.99751112203506
429.0
10.292277888474374
68.77233876907931
30.055015137484784
429.0
10.982174309239127
68.89612987412947
30.148727025060282
429.0
11.623399325692674
68.99112820336347
30.107159959660503
429.0
11.971641834722824
69.01101953778866
29.9773344441776
499.0
12.043638492581714
68.99910266055487
29.985081600919703
499.0
12.07882159781358
68.99022430936004
29.985563790155457
428.0
12.427937900923517
69.04117336606035
29.946641598575503
428.0
12.426479249370203
69.04193433884389
29.951402498963258
499.0
12.56246098030909
69.0660133627279
29.960418554028386
499.0
12.562201347502679
69.06612453806545
29.96051949810081
499.0
12.616200296156414
69.08505029047309
29.957429524715934
499.0
12.657482947371228
69.093941848523
29.903996921893555
499.0
12.68450703585524
69.10177183189185
29.968329287523883
499.0
12.693191639215051
69.10430463849562
29.979736710722513
499.0
12.692595673591192
69.10490949689606
29.970343262763706
499.0
12.821834825040348
69.13049962254892
29.920881465053622
499.0
12.980366899469345
69.1606979356645
29.919780454903584
500.0
13.24338661824494
69.21076155832958
29.91325849116923
500.0
13.485331895188821
69.2583004207048
29.934255193919896
500.0
13.7518921947594
69.3092410250434
29.942877692478632
500.0
14.049429788615946
69.36418890052921
29.86463839982263
501.0
14.40574685057448
69.43293132260045
29.777088300123253
501.0
14.798238486747039
69.51379038118361
29.782686024641137
502.0
15.163594595876035
69.58764032860503
29.86627978873028
502.0
15.650459905636723
69.6751460189673
29.768660311590807
503.0
16.162854018462447
69.77957903876298
29.920319223149775
504.0
16.23483608984587
69.77180551685136
29.9408824608201
504.0
16.27671654153309
69.77507845365356
30.050429316849147
505.0
16.82319646563191
69.87124917803602
30.391016821219473
423.0
17.442397923041568
69.9297061135809
30.17532315874835
422.0
17.515608550740126
69.92323892786048
30.003273648773146
422.0
17.617938714559315
69.94135583417
28.69942079429801
506.0
17.696370219127246
69.97826172962527
26.27479654750188
507.0
17.945239203931642
70.26929352439794
24.742730633691465
508.0
18.197463758116527
70.81269078215814
21.41460963899046
509.0
18.090477001063135
71.37972559016546
20.901809853826972
509.0
17.946013170191563
72.00566868038315
20.030613912769116
510.0
17.651748450195896
72.74664375391812
19.982167862236306
510.0
17.228378584526894
73.78348091181036
19.961327653572088
510.0
16.771577008063957
74.88838045855374
21.19155582438857
511.0
16.566590004992918
75.9718137060488
21.260709050823767
511.0
16.398058793334535
76.9905017181098
21.296209029542876
511.0
16.238977518949994
78.02048589391187
21.005623409986686
511.0
16.034291105701953
79.10301453841896
20.652408263038684
511.0
29.89937875891064
28.881528401027506
17.807953053205484
104
29.71469233240041
24.64568515151861
17.71859736055229
104
29.628522914276648
22.4464652589031
17.810782772477694
103
29.58133342094976
21.45789204913918
17.714521883026126
103
29.549106437288128
20.43638419380684
17.814983070144116
103
29.49972231458349
19.39061330519197
17.73709021944664
102
29.461100600989475
18.31080750245224
19.27176234523099
102
29.204050384315565
17.51076902565198
20.270073802637114
511
28.842644878483263
16.767080752758105
24.39371468463012
102
27.98238086329301
16.4305134304088
24.78523247517007
512
26.903165362300644
16.151884418839725
24.791001439949376
512
25.911604403716076
15.913077269154261
25.037079828400532
512
25.01311258457961
15.738452243979381
26.567443794852533
98
24.032651337745325
15.831676679281465
26.24130357945032
513
22.879631547540246
15.837716659786317
26.538072405327586
513
21.646903298510612
15.906775975568433
26.664108885574322
513
19.77341776222339
16.045394837131713
28.26960851632198
513
19.342016645196185
16.409702467411474
28.255763417025527
97
18.321047969103045
16.743432588360296
28.348040810746888
513
17.24226944592411
17.1231630144929
27.687653118362398
513
16.18291349158022
17.35418800302875
27.619525959438388
513
15.149832080550176
17.57304316298158
27.504556372941238
513
14.088443657722568
17.76960317319124
27.61450552298298
513
13.023815021876997
18.007924519972484
27.81819449922393
97
11.980012928087005
18.246953391539773
27.610633010491913
96
10.919993855652436
18.451801960542177
27.532232746882414
96
9.890689670136412
18.626625308959206
27.35613129224089
96
8.802447413592816
18.774878281917776
27.41481026497804
96
7.715285428975333
19.00015636127459
27.226625875855547
96
6.527189878382517
19.155678016643936
26.47032189393818
96
5.453852704725401
19.03703240730049
26.48765775376626
95
4.508496528206807
19.041222113059607
26.415360210152752
119
2.2433645391317167
19.180086441643894
25.990479799740285
119
2.0820267664597063
19.101377482347676
25.174621521539592
119
1.0343706078655517
18.94437404778885
24.791403858159697
119
0.018538290308976135
18.74473937219854
24.54262349507443
95
78.88106255890837
18.475283642700717
24.600969570340062
95
77.83006989321711
18.04753470847246
24.68092977157246
95
76.93674531557052
17.880381760987717
24.875257242007805
95
76.07124820579888
17.73025974302436
24.6499043624323
94
74.88038133583917
17.477413447881432
24.526783633805202
94
73.91013715511609
17.05237226430186
24.18254185274371
94
72.93020751033913
16.557265946934102
24.10639243445071
94
72.0345248446548
16.332248432427114
23.885775671846666
94
71.13416605459352
16.325356806354456
23.724037276035283
118
70.26441391231776
15.769838372055037
23.94011958625994
118
69.25208985589987
15.485026708528139
23.904528294133932
118
68.3689771714676
14.9708188100097
23.262405990337438
93
67.58174896048595
14.401258342829449
23.170740484051244
93
66.82157044676016
13.812271076831255
23.286479518702084
93
65.01318968063707
13.38992502391564
23.755251925531063
514
64.40723332660424
13.267186650102794
23.825583018215134
514
63.60672053840173
13.080389948130557
23.828750327700114
514
62.81582332978856
12.504731676761804
23.791346658930664
91
61.964014103970015
11.919486250129117
22.98100340561441
91
61.03393021470584
11.586708518321776
22.762396887964773
91
66.28884718034051
40.91249074234882
6.302433737780039
515
68.79271038936787
42.549240427651874
3.666060105195432
88
69.37558010794258
43.30094279624177
2.8366016547708277
516
69.86830394328203
44.21796855754423
1.8603183904848124
516
70.18168102535836
45.27869394256993
1.379041764712801
87
70.42425374986564
46.32577456616914
0.4027240694341765
87
70.76291018689756
48.116871803873096
0.5454847829859124
116
70.8103260236959
49.1738871443938
0.36953209578361657
116
70.89428971597083
50.312736345164424
0.5224686180280393
86
70.82576035996595
51.45394597374399
0.3117626388040151
86
70.77876021511845
52.459453721419024
0.24511719891164852
86
70.7549405263947
53.553660092885394
0.32986944005576824
86
70.77039135687892
54.66460603952635
0.45605122273584997
86
70.820653097052
55.74336192925592
0.5203780419970803
86
70.88995781453478
56.71913363664838
34.974749955859856
85
70.83912003212662
57.808589670254676
34.47399945949851
85
70.71372467577112
58.93062594143266
34.421798485344
85
70.59607238907246
60.03335765437707
34.42954156854731
84
70.39877918484862
61.98861844086325
34.62982885852059
83
70.4167946162323
61.30741604349934
34.634365248989155
82
70.34778718912978
62.58972483448184
34.44380804047997
81
70.26081129006293
63.67528240268303
34.50938299472824
517
70.16169771054706
64.77339087801865
34.11089350739438
518
70.02305476747924
65.81420879868782
34.08113825218208
79
69.87747723016939
66.89183991973164
34.0707480805151
519
69.73642138246149
67.96584471859371
34.315761349217716
519
69.64924658029813
68.99492095277759
34.25189019350383
520
69.55828063514058
69.96608462863729
33.83398036245615
115
69.42135181001912
70.86072562680637
33.61900195237738
77
69.25810851963853
71.74886149091822
33.64729967208411
77
68.83509394857242
73.60375004962853
33.968498731897796
521
68.76593036745683
73.9047089548823
33.76402946143718
522
68.64576345096447
74.71887501788396
33.85355587690168
523
68.51914637344946
75.5551234244619
34.230558988478045
114
68.42545104089595
76.45892336519809
34.22518442773031
113
68.3503849433843
78.01582180971383
34.47370504342017
524
18.077332204568407
67.13007403017728
5.1074916721800445
524
67.68090800078191
5.069499224109433
0.5213681570322253
525
67.8664054821855
6.577494612866371
0.8294651775053745
525
67.9835307473326
7.160955508501173
0.8334653376967811
68
68.10572288002514
7.951627785995642
0.3304735268465824
68
68.15131151085157
8.902688925850963
0.301340517206915
68
68.19494570241166
9.858005823787282
0.49482779450442327
67
68.24165344919024
10.4670111287589
0.6350033562706019
67
68.30602404494586
11.152661283218354
1.1691738417288091
526
68.5223972151214
12.28767288353075
1.0938692292229026
526
68.72145366770874
13.368443925384556
2.276999841399137
527
68.95024774242316
13.963985660092396
2.626065568380487
65
69.25279960151744
14.645853839243918
2.5761925805155372
64
69.71316793374642
15.638040502742545
2.4879434321863463
64
70.9336649144811
18.19269398065645
5.340933348692654
63
41.27526459822828
62.344737796635556
14.063205928509674
62
76.4174201951068
21.30011718324907
6.74694736428901
61
78.5043915280158
21.80758597111788
7.86479502683078
61
79.49306882814959
21.929384771041498
7.879594207568795
61
0.6329111418978997
22.07301646066568
8.076154879039915
60
1.7464877748201775
22.17479593251021
8.026578220759887
60
2.7171769146766818
22.272494260711053
7.860015111018802
60
5.233291234012366
22.677354335948777
7.6808521490946156
528
6.3199858838588785
22.83659232438461
8.519447688640886
529
7.281490340651038
22.851262574086856
8.87918321800144
529
46.9069219183056
48.874550455381716
15.810955922084283
530
46.927060948764826
48.81887262465678
15.979309087085632
530
46.97218616748813
48.72105256539447
15.848925553222184
531
9.38631147360981
22.773781187397535
9.44377644286681
531
47.37182890571507
47.15241560438164
16.97437832974934
532
9.872337660009919
22.677440321512698
9.81816987587652
532
9.911681418203951
22.66098847337284
9.686573757958614
532
9.94114784560709
22.641519099719655
9.738923655921074
532
9.940702238972852
22.638633265405147
9.754371644940496
532
9.94276825456666
22.64025228187841
9.771860247854987
532
9.952404461646001
22.643393517897298
9.703500924163798
532
9.953207715515225
22.647247716925982
9.717560252828187
532
9.957795215937828
22.649453969518316
9.721809806297276
532
9.983335122553289
22.646951559503457
9.794000846529215
531
47.399165392077634
45.87129180421291
16.951043703818385
532
47.40578783396288
45.74148327017898
17.02638656082568
533
47.42680094918927
45.50805350632439
16.99211192435492
533
47.45910116342962
45.15279127182235
16.85957758517134
533
47.49471688712613
44.78673196326119
16.56629528650413
533
47.49936466711556
44.73506665923826
16.51750721642119
534
47.53285025753337
44.54534008389434
16.667587726429474
534
47.60298318594297
44.059720019432234
16.48408867588847
534
47.68414245167601
43.56076510537162
16.477463416919882
534
47.711937906871725
43.35404385663783
17.240826282637983
535
47.714148259054994
43.029517959225814
18.203362811238527
535
47.649578406837335
42.567922827816986
19.411449868305823
536
47.526167458477836
42.20196525220974
19.502525340040147
537
47.36716335533668
41.74354920877503
18.95684490655986
537
46.530860136747854
38.52223956075653
18.471965667931748
538
46.44756110434599
37.96373231686483
18.76827448456848
538
45.55055064513182
35.778685116206184
20.494125429314774
539
45.231385517800945
35.222130806630766
20.567827771892823
540
45.009154871521936
34.81170299842122
20.379609417622355
540
43.729658698775836
33.031001117854956
20.188654098150877
541
43.660326920039665
32.86522721759133
20.034315335989948
541
43.48146731618413
32.48543135996052
19.54919620173714
541
43.30520064161093
31.99601100181713
19.28533725027992
542
43.19932012177962
31.617948963306
19.627422963426724
542
43.14902699639208
31.468606403406334
19.94839349142166
542
41.40506452443133
29.02873005105382
22.686973235798515
543
40.84034689101478
28.594798893738545
22.506387154420125
543
40.2623531180188
28.42868069163479
22.81768730500972
46
39.86361901699635
28.068246756918246
24.561461159328346
544
39.273101569069475
27.809631144907957
24.555193560955146
544
38.53336680687082
27.53510923431348
24.59457145662897
544
37.44441304756283
27.515513879623136
24.75063311332199
44
36.783117329434674
27.26947632443805
24.404276541177097
545
36.175219019184915
26.97486160596573
25.009428180284097
545
35.16464127167426
27.09531092220244
25.146625598701426
43
34.33535069800962
26.753092118223208
25.211772631926948
546
33.33515730683112
26.664570750063117
25.566353862994255
546
32.64436025294968
26.422693589655555
24.313391752750878
547
31.82689821160956
26.129889242753425
24.477764255277123
547
30.759555531325343
25.78977925919284
24.40095879241494
548
29.54286695211027
25.667938395015764
24.20325980549378
41
27.36291656587738
25.407666851788278
23.277772267595722
40
27.269420178091032
24.63055022612507
23.481707171700528
40
26.285582458810257
24.245218445855357
23.774914696859604
549
25.51862234848016
23.616883352978316
23.42827534705073
549
24.520705295822697
23.21526291618607
23.218808385836546
549
23.760693898239108
22.569273406489923
23.347848152809966
549
22.79179833785164
22.149233445194366
23.5664867636034
39
21.8421698633515
21.753297495952662
23.572779300843592
39
20.9943443072077
21.11632297711126
22.09486907839669
39
20.297216429451822
20.376290277959136
22.10757405437989
39
19.697865407876577
19.649305775574017
22.088119021240296
39
18.928348318938582
19.020795366504117
21.927402383057483
39
18.18196253606568
18.271729907435972
22.04678660126488
39
17.392739213298928
17.50095336251667
22.150814429910774
39
16.647009937929678
16.80205682231936
23.369753291075376
39
15.854319959305055
16.367766783375508
23.132137227356772
39
15.115425421853917
15.934185523983512
22.42204244186911
38
14.42765726646183
15.413297925728198
22.418226563541616
38
13.683033541501308
14.795159334598285
22.48370508303673
39
12.852675891602114
14.146927701610092
22.437870990591986
38
12.039173050693304
13.501470540567587
21.465026446672816
38
11.422706382363526
12.803822786525949
21.522747481059334
38
10.751655312180501
12.057210876536756
21.628894698170246
38
9.993319902794992
11.224462452480308
21.579555964299427
38
9.2656417166464
10.412930293802349
21.401030013192194
38
8.555045223314838
9.575652964012892
21.43298251376948
38
7.834272352657891
8.729267612884751
21.56752257082197
38
7.102775131128986
7.894728933307647
21.00436280941684
38
6.470016583997104
7.012999517111519
20.759207784272185
38
5.870156563849292
6.097553420236005
20.74356270727452
38
5.297098961675618
5.211425365182033
20.784868462790264
38
4.717226256535665
4.3103536977987105
19.911696057960807
38
4.26748997381925
3.270504999953693
19.527106017364783
38
3.9072565594407473
2.236918351341481
19.439745123041348
38
3.5429371648702563
1.1421204431340821
19.348060223248744
38
3.215366257776928
0.0893866264720391
18.90838756579806
550
3.0108092120596464
79.11926014237035
19.035956380568788
550
2.797408665963298
78.18935775715093
16.99115903788835
550
2.9390017389120424
77.04312488457954
16.83898347729458
550
3.0560467600281678
75.99568715739588
16.915070933037995
551
3.1604635731369966
74.9520068380359
17.068679480202665
37
3.240703385174207
73.89858891347345
16.60340676229622
37
3.405787179690618
72.78711434131303
16.75438997435647
37
3.5486608621990303
71.60430336095924
19.978751893688894
552
3.0520464953142374
70.6844036242063
18.84360774907597
552
2.8094926578335255
69.67043695888351
18.630666339258774
553
2.6169367174234117
68.61352452896801
17.980517328879536
553
2.5361928102663054
67.4560650485914
16.858796380316733
36
2.692545900152964
66.31656943453466
16.45303982011889
36
2.8755895100470745
65.30708308644022
16.441667543424042
36
3.041257640526931
64.3439386717555
16.607086228683023
554
3.1964729824595324
63.289968438738555
16.480298588281084
554
3.36492704747537
62.194736501882794
16.502562025967087
35
3.511231700987657
61.182282706487726
16.651527814345837
35
3.8273506994809434
59.15533021546772
16.97940207284533
555
3.8769112674638526
58.72883755957682
16.839315557825845
555
3.9710442537227317
57.595470544614344
15.977233155767962
109
4.1968968440079175
56.56640620859359
16.318975692297354
33
4.4589204305727606
55.48085621108011
16.2391644541797
556
4.631419974145367
54.44264159163778
16.272856988277507
556
4.677504500211779
52.2734765507255
15.465591707266093
557
34.74383606787658
18.436050130640727
23.988836958213685
30
33.744872689651814
18.05608007670391
23.719437589775218
558
31.72326424542458
17.14548375060295
22.36868028387412
558
31.469159602379783
16.57346812107094
22.30349288664417
559
30.592811210427527
15.88883497062701
22.2317764271749
559
29.689629894577084
15.142017157321014
22.02779391463328
559
28.908877444061424
14.454942714740605
21.964326524142248
559
27.944877927451344
14.276514759882206
22.281529020724445
27
27.250272742086384
13.323331483715213
21.45204009042741
560
26.51771483297982
12.189647750640038
20.94692746554263
560
25.932239352802767
11.120763244540074
20.97803704451708
26
25.444485835766642
10.233440636778127
20.777361659943526
26
24.829173587035612
9.208355677707964
20.59121602815877
26
24.20617761184179
8.177430688488858
20.43019557076108
26
23.648961318192967
7.192579135578482
20.923581640748647
26
22.490510951654798
5.502178920355241
20.53243314967567
26
22.002106929741732
4.785083625978158
21.32840805134238
26
21.29561661003026
3.900691798911316
21.191543551492792
25
20.596928272364437
2.986702858436376
22.711289445789948
561
19.744704941043114
2.3191871448938777
23.36427858935616
24
17.707780306887457
1.5829090171571631
26.152506250613506
562
11.088204165534705
31.803044448753454
34.25599891037424
563
10.952255359658277
32.7882568837046
34.208288159221674
563
10.813925140389546
33.8558875953057
34.10476394641944
563
10.656716508230105
34.96012640481735
33.16836995909708
564
10.32945102603244
35.97145287172291
33.149363339119425
564
10.059591500055513
36.876060494831876
33.08009600740665
564
8.477984427182308
42.184336871057084
33.098982869785814
565
8.11139673243969
43.352309313035015
33.291077697036854
565
7.813012655541797
44.42894088641914
32.79747521274901
565
7.200297924012144
46.41662129500079
32.9957098612381
565
6.844437287698722
47.554465406551316
33.215702325326525
565
6.524609559030613
48.62477786142813
33.186830370556855
565
3.712010843683223
56.738610144803665
32.610502076935944
14
3.2527396846037053
57.85346034651869
32.54497886581301
14
2.786781797746648
58.87097720150316
32.5115402763241
14
2.4201054100510695
59.78178093246254
32.53352571852939
14
2.0595779356250086
60.71483381570283
32.539193468762484
14
1.6267436332861447
61.64195762776956
32.53783254914768
14
1.6457636423161524
61.64392879367402
32.559224794713735
14
1.181814680458947
62.637869160125575
32.31522546331448
13
0.7124919129735097
63.52199291870829
32.3504162173845
14
0.3004085379002863
64.48660034712569
32.599273458035334
14
54.21640680032257
0.18766240623333763
24.774903115276093
14
53.147808427979776
79.92919567173466
24.73718792702499
13
52.18164517164429
79.71623126815169
24.773936027027958
13
51.20848263706281
79.50507683655502
24.849414733297564
13
50.13675910554612
79.28435721193962
24.857444153048167
13
49.110555271018484
79.0496058186493
25.210849957381495
13
47.978957537918035
78.88220250163387
25.158201829693773
13
46.91529315431119
78.72127035497985
24.977737487472886
13
45.87760768083325
78.5428386302526
24.094460146390432
13
45.88157156977284
78.56841721976497
24.10549900312831
13
44.89381000130889
78.19155255229757
24.11689779742681
13
43.7893969791149
77.79956587262916
24.180708197182028
13
42.759694158793295
77.44859502590214
24.283205213437313
13
41.780710562419294
77.14520142106458
24.150090948688483
13
40.77811768887649
76.81468880633254
24.199653277132192
13
39.65223071985127
76.42772949381413
24.326309223536974
13
38.6660189231976
76.13429253027968
24.140572070820113
13
37.65230488296998
75.77780120852277
23.48457157012342
13
36.77228582941749
75.41756370584216
22.918620415895653
13
35.86197582398236
74.84643679108352
22.94437132284316
13
35.83498103913451
74.8750347835965
22.96415822146281
13
34.929962714301226
74.3240046840248
22.786304191937035
13
34.067083342271005
73.75514685242395
22.68516570101255
13
33.17407706330495
73.17294328695368
22.692237285909847
13
32.2250298349924
72.51331555650519
22.751959466263045
13
31.326345771200074
71.9045212922146
21.93318779584029
13
30.61239717563757
71.24506240380151
21.986059336066724
12
29.901917479623652
70.57281169285959
22.10326160088254
12
29.051381141210616
69.82109605154835
22.1283135569174
12
28.143434930349862
69.01931051082482
22.114160214924127
12
28.116344855115923
69.02115168278429
22.131045788010717
12
27.335053197189996
68.32123000500779
22.086586711465316
12
26.588789404916653
67.64718308594381
22.06227628751413
12
25.726794949076808
66.86579359691387
22.04067259196787
12
24.856674626538645
66.0604979604232
21.91060161540008
12
24.121344987681223
65.36062833428001
21.42188780956954
12
23.461617597893174
64.58270830738209
21.38436466075288
12
22.714876090091288
63.699953874941656
21.099494295272013
12
21.988322451420714
62.74419550348941
21.44843974833854
12
21.22308270465643
61.8347133688211
21.603069202734137
12
20.53642152152819
61.05922283736591
21.27337815277831
12
19.893396798873034
60.25353058597635
22.67690097585809
12
19.0297279111557
59.589219007345314
23.321735185236275
11
19.00939109945149
59.56787293657591
23.339198800844304
566
18.119766259889683
59.03980758827305
24.081004649718707
567
17.22924785980573
58.68500044124379
24.52346828727024
9
16.21824201039703
58.395810896273474
24.30797893534283
9
15.162382153670588
58.049717629938115
24.048993529892527
568
14.092038361771449
57.647485410364865
24.08927439350407
568
13.066210935304913
57.26251487482724
27.068840145134335
8
12.226760013358577
57.42266615634735
24.908478348952926
569
11.126107755426716
57.16330825521169
24.991519936821582
569
18.85298802488758
28.21277040805513
8.284147624975867
6
19.936603621068873
28.295939454982776
7.971860130576616
6
20.97100648701768
28.423248744367406
7.464722695722672
1
22.009997034423293
28.648295615956823
7.66466169903963
1
23.124499978051993
28.837671419056317
7.613963422350592
570
24.185779237127626
29.021750952492138
6.811400305542339
570
24.883570740626627
29.244432898577795
4.601298682185931
571
25.155734524053205
29.447320614397725
3.241042282344373
572
25.45369121285248
29.883341725115244
2.844443441578994
572
25.61751341599869
30.186938793727048
3.03774323745154
572
25.66451289246589
30.28353065166365
2.9851738590064296
573
25.677573438718206
30.311638271560078
2.988588282828493
573
25.679062651099134
30.314612013450304
2.9954235551333332
573
25.679016099342064
30.308190085543423
2.990616953161115
573
25.67795375793156
30.304346632244933
2.9899948283991247
573
25.731973906139363
30.39537210403532
2.88596890975326
573
25.734622872438813
30.400688912528388
2.3860310093752557
573
25.726541835321328
30.400325706422045
2.085665619790486
574
25.739109475640188
30.442658908530607
1.4179500584662175
574
25.779910685151652
30.616589944277415
1.1845810077927172
574
25.776459907212068
30.64492062740609
1.1764786867829748
574
25.783829806299313
30.693963694545698
1.20574652497797
574
25.785638806465883
30.704414715267493
1.1182732059061644
574
25.78884745683055
30.721655352341543
0.6518592353364305
575
25.789923634345687
30.7455088119112
0.33037984579989654
575
25.788069405293765
30.740225120192278
0.34281196886298937
575
25.786157928697076
30.742288486645673
0.33764463514890974
575
25.785778766668628
30.763052791587818
0.3444321928440863
575
25.794387033660318
30.918826938188825
0.25895595094287405
575
25.805971691761105
31.152753617238503
0.4215933570034198
576
25.845537271786263
31.75271562981397
0.12883857413021382
576
25.85234452653064
32.27595471238669
33.527225061362586
424
25.720383188768377
32.742613116453285
33.10992317486252
577
25.572037920395424
33.20557718580255
33.24573345915925
578
25.1758177151889
34.46467366879217
33.481354236367146
426
-
1250
0.0
