0
-0.130785600174
0.188570394867
-0.260123871717
0
0.000000000000000000e+00 
2.400000000000000000e+01 
0
-1
-1
1
0.153283868777
0.145699963088
0.0145473193154
1
1.000000000000000000e+00 
0.000000000000000000e+00 
0
-1
-1
2
0.439837601447
0.210225843543
0.353686609594
2
2.000000000000000000e+00 
1.000000000000000000e+00 
0
-1
-1
3
0.611367165019
0.303245112451
0.570107436841
3
3.000000000000000000e+00 
2.000000000000000000e+00 
0
-1
-1
4
0.758923738518
0.4321394466
0.786528264088
4
4.000000000000000000e+00 
3.000000000000000000e+00 
0
-1
-1
5
0.873331370306
0.592301234439
1.02749278394
5
5.000000000000000000e+00 
4.000000000000000000e+00 
0
-1
-1
6
0.941670815002
0.77835587029
1.2930009964
6
6.000000000000000000e+00 
5.000000000000000000e+00 
0
-1
-1
7
0.96362256036
0.976691786272
1.53396551625
7
7.000000000000000000e+00 
6.000000000000000000e+00 
0
-1
-1
8
0.932728960299
1.17532250353
1.79947372871
8
8.000000000000000000e+00 
7.000000000000000000e+00 
0
-1
-1
9
0.852983082365
1.36142040674
2.04043824857
9
9.000000000000000000e+00 
8.000000000000000000e+00 
0
-1
-1
10
0.729213449653
1.52291088229
2.30594646103
10
1.000000000000000000e+01 
9.000000000000000000e+00 
0
-1
-1
11
0.564371443486
1.64387763508
2.59599836609
11
1.100000000000000000e+01 
1.000000000000000000e+01 
0
-1
-1
12
0.375411289931
1.72335989127
2.83696288595
12
1.200000000000000000e+01 
1.100000000000000000e+01 
0
-1
-1
13
0.172407806985
1.75440248004
3.0779274058
13
1.300000000000000000e+01 
1.200000000000000000e+01 
0
-1
-1
14
-0.0325230806824
1.74234043251
-2.98883707413
14
1.400000000000000000e+01 
1.300000000000000000e+01 
0
-1
-1
15
-0.230080322933
1.68776539975
-2.77241624688
15
1.500000000000000000e+01 
1.400000000000000000e+01 
0
-1
-1
16
-0.410007926894
1.59117011176
-2.53145172703
16
1.600000000000000000e+01 
1.500000000000000000e+01 
0
-1
-1
17
-0.55831701533
1.45223114754
-2.26594351457
17
1.700000000000000000e+01 
1.600000000000000000e+01 
0
-1
-1
18
-0.665004555877
1.28072894959
-2.00043530211
18
1.800000000000000000e+01 
1.700000000000000000e+01 
0
-1
-1
19
-0.722984414958
1.0887260393
-1.73492708965
19
1.900000000000000000e+01 
1.800000000000000000e+01 
0
-1
-1
20
-0.728583964357
0.88972165789
-1.46941887719
20
2.000000000000000000e+01 
1.900000000000000000e+01 
0
-1
-1
21
-0.688896613415
0.695777183043
-1.25299804995
21
2.100000000000000000e+01 
2.000000000000000000e+01 
0
-1
-1
22
-0.601969910308
0.519497930759
-0.987489837486
22
2.200000000000000000e+01 
2.100000000000000000e+01 
0
-1
-1
23
-0.47725958525
0.368692270862
-0.771069010239
23
2.300000000000000000e+01 
2.200000000000000000e+01 
0
-1
-1
24
-0.318877995727
0.255434745811
-0.505560797779
24
2.400000000000000000e+01 
2.300000000000000000e+01 
0
-1
-1
-
1.0
0.0
