0.29849590692
0.111810155206
0.234528618237
1
0
3.0
0.299036945334
0.220893233456
0.31906800388
2
1
6.0
0.199759091241
0.147262155637
0.196349540849
3
2
8.0
0.199759091241
0.147262155637
0.196349540849
4
3
10.0
0.19962362258
0.15953400194
0.220893233456
5
4
12.0
0.19962362258
0.184077694546
0.245436926062
6
5
14.0
0.19962362258
0.15953400194
0.220893233456
7
6
16.0
0.19962362258
0.184077694546
0.245436926062
8
7
18.0
0.199759091241
0.171805848243
0.220893233456
9
8
20.0
0.19962362258
0.184077694546
0.245436926062
10
9
22.0
0.19962362258
0.208621387152
0.269980618668
11
10
24.0
0.19962362258
0.15953400194
0.220893233456
12
11
26.0
0.199759091241
0.171805848243
0.220893233456
13
12
28.0
0.199759091241
0.147262155637
0.196349540849
14
13
30.0
0.199759091241
0.147262155637
0.196349540849
15
14
32.0
0.19962362258
0.15953400194
0.220893233456
16
15
34.0
0.19962362258
0.184077694546
0.245436926062
17
16
36.0
0.19962362258
0.184077694546
0.245436926062
18
17
38.0
0.19962362258
0.184077694546
0.245436926062
19
18
40.0
0.19962362258
0.184077694546
0.245436926062
20
19
42.0
0.199759091241
0.147262155637
0.196349540849
21
20
44.0
0.19962362258
0.184077694546
0.245436926062
22
21
46.0
0.199759091241
0.147262155637
0.196349540849
23
22
48.0
0.19962362258
0.184077694546
0.245436926062
24
23
50.0
0.19962362258
0.184077694546
0.245436926062
0.0
24
52.0
