40.0088800537
39.9013105364
3.3277168726
0
40.118581498
40.0588831
4.69596745577
1
40.3275701434
40.1997298928
6.50452874043
2
40.4919242001
40.2598379796
7.61012533237
3
40.6635908832
40.2864609245
8.71307633718
4
40.8365770142
40.279868488
9.95460995374
5
40.9969827269
40.2330595821
11.3345427225
6
41.1401905048
40.1508477805
12.5729178639
7
41.258750733
40.037648743
13.9658998092
8
41.3460826033
39.8958924071
15.2117644865
9
41.4044732638
39.7309543114
16.6006411832
10
41.415875568
39.5609380685
18.135836715
11
41.3867606544
39.3897703897
19.3791485123
12
41.3244191577
39.2336933607
20.6237876445
13
41.228943674
39.0967482893
21.7234848707
14
41.1060680572
38.9836881137
22.8250208151
15
40.9645862124
38.8986383048
24.0629434798
16
40.8082037362
38.8475549072
25.4454747044
17
40.636024288
38.8341444007
26.8483409515
18
40.4661019427
38.8590191041
28.2343232031
19
40.3046191796
38.9231519796
29.6169256288
20
40.1685032586
39.0282435885
30.724721863
21
40.0638540898
39.1567395733
32.1021038404
22
39.994750077
39.3059904062
33.2090628153
23
39.9576274905
39.4736951025
34.5976249378
24
-
1.0
0
