0
40
40
2.20323029692
4.25
0.000000000000000000e+00 
1
40.0631108992
39.9920509083
4.00323029692
4.4
1.000000000000000000e+00 
2
40.2537573091
40.1587531331
5.95413686149
1.5
2.000000000000000000e+00 
3
40.4056379397
40.2286393656
7.05785922179
1.5
3.000000000000000000e+00 
4
40.5778411916
40.2759946237
8.1625414642
1.5
4.000000000000000000e+00 
5
40.7521317781
40.2854012508
9.2676522172
1.5
5.000000000000000000e+00 
6
40.9168218928
40.2623318327
10.6441590283
1.5
6.000000000000000000e+00 
7
41.0710182026
40.1945346641
11.8976884932
1.5
7.000000000000000000e+00 
8
41.2013432526
40.098038827
13.2684051781
1.5
8.000000000000000000e+00 
9
41.3063540136
39.9703678227
14.65580954
1.5
9.000000000000000000e+00 
10
41.3797004172
39.8163187193
15.9103359238
1.5
1.000000000000000000e+01 
11
41.4168000839
39.6498607688
17.4366388544
1.5
1.100000000000000000e+01 
12
41.4056606312
39.4748990274
18.6917611792
1.5
1.200000000000000000e+01 
13
41.3595822017
39.308919983
20.0700485793
1.5
1.300000000000000000e+01 
14
41.2785999811
39.1572307432
21.1726826025
1.5
1.400000000000000000e+01 
15
41.1714336945
39.0358155959
22.2674468722
1.5
1.500000000000000000e+01 
16
41.0388940097
38.936110741
23.3672328628
1.5
1.600000000000000000e+01 
17
40.8869063765
38.8696359023
24.7555108245
1.5
1.700000000000000000e+01 
18
40.7236848778
38.8365015179
26.1494468664
1.5
1.800000000000000000e+01 
19
40.5497562237
38.838609527
27.5380681296
1.5
1.900000000000000000e+01 
20
40.3823906488
38.8865893766
28.9268362011
1.5
2.000000000000000000e+01 
21
40.2325473059
38.9730971766
30.1699878293
1.5
2.100000000000000000e+01 
22
40.1108966222
39.0890075611
31.4049835522
1.5
2.200000000000000000e+01 
23
40.0264591944
39.2289034121
32.6633035082
1.5
2.300000000000000000e+01 
24
39.9709727737
39.3880277544
33.9063853517
1.5
2.400000000000000000e+01 
-
1
1
