0.0
-0.192052038439
-0.826783156111
-0.688338886436
0.0
0.000000000000000000e+00 

0.0
-1.0
-1.0
1.0
-0.199759704281
-0.793930333906
1.83452103218
0.0
1.000000000000000000e+00 
0.000000000000000000e+00 
0.0
-1.0
-1.0
2.0
-0.206781755853
-0.770037720753
1.87296948094
1.0
2.000000000000000000e+00 
1.000000000000000000e+00 4.010000000000000000e+02 
0.0
-1.0
-1.0
3.0
-0.21836555748
-0.738642751764
1.90378572498
1.0
3.000000000000000000e+00 4.020000000000000000e+02 
2.000000000000000000e+00 
0.0
-1.0
-1.0
4.0
-0.233029485207
-0.702009068401
1.94026214728
2.0
4.000000000000000000e+00 
3.000000000000000000e+00 4.030000000000000000e+02 
0.0
-1.0
-1.0
5.0
-0.241991475958
-0.679743006545
1.94728217926
2.0
5.000000000000000000e+00 
4.000000000000000000e+00 
0.0
-1.0
-1.0
6.0
-0.247848175575
-0.666793778106
1.95748713404
3.0
6.000000000000000000e+00 
5.000000000000000000e+00 
0.0
-1.0
-1.0
7.0
-0.261293614584
-0.635391576626
1.96674154564
3.0
7.000000000000000000e+00 4.040000000000000000e+02 
6.000000000000000000e+00 
0.0
-1.0
-1.0
8.0
-0.271622461399
-0.611734271787
1.97485099769
4.0
8.000000000000000000e+00 
7.000000000000000000e+00 
0.0
-1.0
-1.0
9.0
-0.287016940416
-0.577651632934
2.00275711075
4.0
9.000000000000000000e+00 4.070000000000000000e+02 
8.000000000000000000e+00 4.060000000000000000e+02 
0.0
-1.0
-1.0
10.0
-0.288828725137
-0.575104851174
2.01460830296
5.0
1.000000000000000000e+01 
9.000000000000000000e+00 
0.0
-1.0
-1.0
11.0
-0.304249192801
-0.543628903777
2.02791113021
6.0
1.100000000000000000e+01 
1.000000000000000000e+01 
0.0
-1.0
-1.0
12.0
-0.315747396189
-0.521304937482
2.04206340419
7.0
1.200000000000000000e+01 
1.100000000000000000e+01 
0.0
-1.0
-1.0
13.0
-0.325365744027
-0.503460645378
2.05446512263
8.0
1.300000000000000000e+01 
1.200000000000000000e+01 
0.0
-1.0
-1.0
14.0
-0.332884433314
-0.490156807498
2.06601628334
9.0
1.400000000000000000e+01 
1.300000000000000000e+01 
0.0
-1.0
-1.0
15.0
-0.342939181439
-0.47247952728
2.07846688412
10.0
1.500000000000000000e+01 
1.400000000000000000e+01 
0.0
-1.0
-1.0
16.0
-0.353185810898
-0.455075885439
2.09441692282
11.0
1.600000000000000000e+01 
1.500000000000000000e+01 
0.0
-1.0
-1.0
17.0
-0.361227739138
-0.442052104437
2.10596639731
12.0
1.700000000000000000e+01 
1.600000000000000000e+01 
0.0
-1.0
-1.0
18.0
-0.37211498748
-0.424724276803
2.12276530549
13.0
1.800000000000000000e+01 
1.700000000000000000e+01 
0.0
-1.0
-1.0
19.0
-0.383299856639
-0.407751913882
2.1474136453
14.0
1.900000000000000000e+01 
1.800000000000000000e+01 
0.0
-1.0
-1.0
20.0
-0.394940311961
-0.391071543103
2.17996141468
15.0
2.000000000000000000e+01 
1.900000000000000000e+01 
0.0
-1.0
-1.0
21.0
-0.404121256075
-0.378762860693
2.20025861163
16.0
2.100000000000000000e+01 
2.000000000000000000e+01 
0.0
-1.0
-1.0
22.0
-0.413715556877
-0.366503056868
2.22670523418
17.0
2.200000000000000000e+01 
2.100000000000000000e+01 
0.0
-1.0
-1.0
23.0
-0.429821823603
-0.346759176199
2.26275128035
18.0
2.300000000000000000e+01 
2.200000000000000000e+01 
0.0
-1.0
-1.0
24.0
-0.453114975209
-0.320240721395
2.31184674824
18.0
2.400000000000000000e+01 
2.300000000000000000e+01 
0.0
-1.0
-1.0
25.0
-0.457142527412
-0.316389215779
2.32429163594
19.0
2.500000000000000000e+01 
2.400000000000000000e+01 4.240000000000000000e+02 
0.0
-1.0
-1.0
26.0
-0.478059320672
-0.296640238612
2.36276329895
20.0
2.600000000000000000e+01 4.250000000000000000e+02 
2.500000000000000000e+01 
0.0
-1.0
-1.0
27.0
-0.492565764347
-0.283568440965
2.37899452229
21.0
2.700000000000000000e+01 4.260000000000000000e+02 
2.600000000000000000e+01 
0.0
-1.0
-1.0
28.0
-0.500750921662
-0.275942117581
2.39953662745
22.0
2.800000000000000000e+01 
2.700000000000000000e+01 4.270000000000000000e+02 
0.0
-1.0
-1.0
29.0
-0.505069320949
-0.272602169747
2.41085848092
23.0
2.900000000000000000e+01 
2.800000000000000000e+01 4.280000000000000000e+02 
0.0
-1.0
-1.0
30.0
-0.528723321138
-0.253676726034
2.45061400083
24.0
3.000000000000000000e+01 
2.900000000000000000e+01 
0.0
-1.0
-1.0
31.0
-0.544540350192
-0.241903215088
2.47214284568
25.0
3.100000000000000000e+01 4.290000000000000000e+02 
3.000000000000000000e+01 
0.0
-1.0
-1.0
32.0
-0.56418082638
-0.226671106876
2.52824348454
25.0
3.200000000000000000e+01 
3.100000000000000000e+01 
0.0
-1.0
-1.0
33.0
-0.568746921118
-0.224618486071
2.54192113074
26.0
3.300000000000000000e+01 
3.200000000000000000e+01 4.290000000000000000e+02 
0.0
-1.0
-1.0
34.0
-0.59835426057
-0.206592972418
2.59479817271
26.0
3.400000000000000000e+01 
3.300000000000000000e+01 
0.0
-1.0
-1.0
35.0
-0.607382021053
-0.202232837322
2.61722460719
27.0
3.500000000000000000e+01 
3.400000000000000000e+01 
0.0
-1.0
-1.0
36.0
-0.638111966803
-0.185757683825
2.64135043096
27.0
3.600000000000000000e+01 
3.500000000000000000e+01 
0.0
-1.0
-1.0
37.0
-0.642933072723
-0.184102572161
2.64627564078
28.0
3.700000000000000000e+01 
3.600000000000000000e+01 
0.0
-1.0
-1.0
38.0
-0.674066156984
-0.168136385551
2.65380023345
28.0
3.800000000000000000e+01 
3.700000000000000000e+01 
0.0
-1.0
-1.0
39.0
-0.678875470433
-0.166555751332
2.65872420578
29.0
3.900000000000000000e+01 4.300000000000000000e+02 
3.800000000000000000e+01 
0.0
-1.0
-1.0
40.0
-0.70832450305
-0.151370085742
2.65833246592
30.0
4.000000000000000000e+01 
3.900000000000000000e+01 4.310000000000000000e+02 
0.0
-1.0
-1.0
41.0
-0.737934528008
-0.136818183155
2.65716149378
31.0
4.100000000000000000e+01 
4.000000000000000000e+01 
0.0
-1.0
-1.0
42.0
-0.760457952061
-0.125617272013
2.64993296885
32.0
4.200000000000000000e+01 4.320000000000000000e+02 
4.100000000000000000e+01 
0.0
-1.0
-1.0
43.0
-0.789567115372
-0.109663461798
2.62852312105
33.0
4.300000000000000000e+01 
4.200000000000000000e+01 4.330000000000000000e+02 
0.0
-1.0
-1.0
44.0
-0.80182745433
-0.104177472106
2.63223241903
34.0
4.400000000000000000e+01 
4.300000000000000000e+01 
0.0
-1.0
-1.0
45.0
-0.815160278701
-0.0975232022938
2.62665136314
35.0
4.500000000000000000e+01 
4.400000000000000000e+01 
0.0
-1.0
-1.0
46.0
-0.828407498518
-0.0908169115828
2.6193696669
36.0
4.600000000000000000e+01 4.340000000000000000e+02 
4.500000000000000000e+01 
0.0
-1.0
-1.0
47.0
-0.857821491952
-0.0725354053183
2.59903845615
37.0
4.700000000000000000e+01 4.360000000000000000e+02 
4.600000000000000000e+01 4.350000000000000000e+02 5.430000000000000000e+02 
0.0
-1.0
-1.0
48.0
-0.878990136156
-0.0627164421224
2.59131274694
38.0
4.800000000000000000e+01 5.450000000000000000e+02 
4.700000000000000000e+01 4.370000000000000000e+02 
0.0
-1.0
-1.0
49.0
-0.890335904738
-0.0567761042608
2.62915388282
39.0
4.900000000000000000e+01 4.380000000000000000e+02 
4.800000000000000000e+01 
0.0
-1.0
-1.0
50.0
-0.910565656584
-0.0424398679204
2.61754518668
40.0
5.000000000000000000e+01 
4.900000000000000000e+01 
0.0
-1.0
-1.0
51.0
-0.925304100581
-0.0333907533884
2.61767085796
41.0
5.100000000000000000e+01 
5.000000000000000000e+01 
0.0
-1.0
-1.0
52.0
-0.939914807835
-0.0244162528569
2.61869588727
42.0
5.200000000000000000e+01 
5.100000000000000000e+01 
0.0
-1.0
-1.0
53.0
-0.95450889982
-0.0154086413082
2.61797027462
43.0
5.300000000000000000e+01 
5.200000000000000000e+01 
0.0
-1.0
-1.0
54.0
-0.963338487214
-0.00951513029289
2.59889402005
44.0
5.400000000000000000e+01 
5.300000000000000000e+01 
0.0
-1.0
-1.0
55.0
-0.976026479316
-0.000633096063097
2.5710671236
45.0
5.500000000000000000e+01 
5.400000000000000000e+01 
0.0
-1.0
-1.0
56.0
-0.986077256841
0.00662273679663
2.56683958527
46.0
5.600000000000000000e+01 
5.500000000000000000e+01 
0.0
-1.0
-1.0
57.0
-0.996177817656
0.0138972921429
2.57396140512
47.0
5.700000000000000000e+01 
5.600000000000000000e+01 
0.0
-1.0
-1.0
58.0
-1.0019367054
0.0182188906196
2.58458258315
48.0
5.800000000000000000e+01 
5.700000000000000000e+01 
0.0
-1.0
-1.0
59.0
-1.00780983921
0.0225498386783
2.5899531194
49.0
5.900000000000000000e+01 
5.800000000000000000e+01 
0.0
-1.0
-1.0
60.0
-1.01368282428
0.0268851562453
2.5874730139
50.0
6.000000000000000000e+01 
5.900000000000000000e+01 
0.0
-1.0
-1.0
61.0
-1.01945473168
0.0311979848691
2.58324226668
51.0
6.100000000000000000e+01 
6.000000000000000000e+01 
0.0
-1.0
-1.0
62.0
-1.02535181531
0.03559769161
2.58251087775
52.0
6.200000000000000000e+01 
6.100000000000000000e+01 
0.0
-1.0
-1.0
63.0
-1.03542844499
0.042654012006
2.57827884715
53.0
6.300000000000000000e+01 
6.200000000000000000e+01 
0.0
-1.0
-1.0
64.0
-1.04127891419
0.0472292487159
2.5626961749
54.0
6.400000000000000000e+01 
6.300000000000000000e+01 
0.0
-1.0
-1.0
65.0
-1.05099840228
0.0545704163246
2.54796286103
55.0
6.500000000000000000e+01 
6.400000000000000000e+01 
0.0
-1.0
-1.0
66.0
-1.05661471201
0.0594136918789
2.52537890556
56.0
6.600000000000000000e+01 
6.500000000000000000e+01 
0.0
-1.0
-1.0
67.0
-1.06606258363
0.0674114746401
2.49579430852
57.0
6.700000000000000000e+01 
6.600000000000000000e+01 
0.0
-1.0
-1.0
68.0
-1.07132515863
0.0725775656867
2.48020906994
58.0
6.800000000000000000e+01 
6.700000000000000000e+01 
0.0
-1.0
-1.0
69.0
-1.07657057988
0.0779320800425
2.46632318983
59.0
6.900000000000000000e+01 
6.800000000000000000e+01 
0.0
-1.0
-1.0
70.0
-1.08173621732
0.0833895764002
2.45418666822
60.0
7.000000000000000000e+01 
6.900000000000000000e+01 
0.0
-1.0
-1.0
71.0
-1.08292962342
0.0856517938038
2.44904950512
61.0
7.100000000000000000e+01 
7.000000000000000000e+01 
0.0
-1.0
-1.0
72.0
-1.08799698705
0.0912352219121
2.43696170056
62.0
7.200000000000000000e+01 
7.100000000000000000e+01 
0.0
-1.0
-1.0
73.0
-1.09294432714
0.0968859366845
2.42312325455
63.0
7.300000000000000000e+01 
7.200000000000000000e+01 
0.0
-1.0
-1.0
74.0
-1.09778460793
0.10251103614
2.42063416709
64.0
7.400000000000000000e+01 
7.300000000000000000e+01 
0.0
-1.0
-1.0
75.0
-1.10266839391
0.108316945766
2.40589443821
65.0
7.500000000000000000e+01 
7.400000000000000000e+01 
0.0
-1.0
-1.0
76.0
-1.1074277564
0.114115326005
2.40250406789
66.0
7.600000000000000000e+01 
7.500000000000000000e+01 
0.0
-1.0
-1.0
77.0
-1.11228870053
0.12002842961
2.40086305613
67.0
7.700000000000000000e+01 
7.600000000000000000e+01 
0.0
-1.0
-1.0
78.0
-1.11693537559
0.125808886335
2.39577140292
68.0
7.800000000000000000e+01 
7.700000000000000000e+01 
0.0
-1.0
-1.0
79.0
-1.12179046592
0.131809341749
2.39412910825
69.0
7.900000000000000000e+01 
7.800000000000000000e+01 
0.0
-1.0
-1.0
80.0
-1.12288965305
0.134363101694
2.39248617208
70.0
8.000000000000000000e+01 
7.900000000000000000e+01 
0.0
-1.0
-1.0
81.0
-1.12092901111
0.13404152288
2.54004259438
71.0
8.100000000000000000e+01 
8.000000000000000000e+01 
0.0
-1.0
-1.0
82.0
-1.11839504082
0.133240159167
2.6326483751
72.0
8.200000000000000000e+01 
8.100000000000000000e+01 
0.0
-1.0
-1.0
83.0
-1.11586244986
0.132440709324
2.72785351419
73.0
8.300000000000000000e+01 
8.200000000000000000e+01 
0.0
-1.0
-1.0
84.0
-1.11328451096
0.131625369977
2.82480801157
74.0
8.400000000000000000e+01 
8.300000000000000000e+01 
0.0
-1.0
-1.0
85.0
-1.11085227046
0.130851497546
2.91911186715
75.0
8.500000000000000000e+01 
8.400000000000000000e+01 
0.0
-1.0
-1.0
86.0
-1.10827392899
0.130054006276
3.06231508084
76.0
8.600000000000000000e+01 
8.500000000000000000e+01 
0.0
-1.0
-1.0
87.0
-1.10569680818
0.1292632376
-3.12481765467
77.0
8.700000000000000000e+01 
8.600000000000000000e+01 
0.0
-1.0
-1.0
88.0
-1.10322091379
0.128470074049
-3.03046572516
78.0
8.800000000000000000e+01 
8.700000000000000000e+01 
0.0
-1.0
-1.0
89.0
-1.10074582268
0.127674156249
-2.93611443795
79.0
8.900000000000000000e+01 
8.800000000000000000e+01 
0.0
-1.0
-1.0
90.0
-1.0982227045
0.126888178322
-2.88891379324
80.0
9.000000000000000000e+01 
8.900000000000000000e+01 
0.0
-1.0
-1.0
91.0
-1.09566090317
0.126134140124
-2.50141379122
81.0
9.100000000000000000e+01 
9.000000000000000000e+01 
0.0
-1.0
-1.0
92.0
-1.09314040867
0.125352048943
-2.40886443211
82.0
9.200000000000000000e+01 
9.100000000000000000e+01 
0.0
-1.0
-1.0
93.0
-1.09065660826
0.124536599418
-2.31191571617
83.0
9.300000000000000000e+01 
9.200000000000000000e+01 
0.0
-1.0
-1.0
94.0
-1.08810683777
0.123796961504
-2.26471764367
84.0
9.400000000000000000e+01 
9.300000000000000000e+01 
0.0
-1.0
-1.0
95.0
-1.08559018481
0.123020746546
-2.21577021492
85.0
9.500000000000000000e+01 
9.400000000000000000e+01 
0.0
-1.0
-1.0
96.0
-1.08301870631
0.122329301531
-2.16942343026
86.0
9.600000000000000000e+01 
9.500000000000000000e+01 
0.0
-1.0
-1.0
97.0
-1.08050454153
0.121557040913
-2.12132729006
87.0
9.700000000000000000e+01 
9.600000000000000000e+01 
0.0
-1.0
-1.0
98.0
-1.07799159639
0.120786770225
-2.07673179471
88.0
9.800000000000000000e+01 
9.700000000000000000e+01 
0.0
-1.0
-1.0
99.0
-1.07552399547
0.119928768734
-2.03128694465
89.0
9.900000000000000000e+01 
9.800000000000000000e+01 
0.0
-1.0
-1.0
100.0
-1.0730134363
0.119162506403
-1.98494274035
90.0
1.000000000000000000e+02 
9.900000000000000000e+01 
0.0
-1.0
-1.0
101.0
-1.07050404158
0.118398263671
-1.88714918231
91.0
1.010000000000000000e+02 
1.000000000000000000e+02 
0.0
-1.0
-1.0
102.0
-1.06799579107
0.117636051641
-1.79020627109
92.0
1.020000000000000000e+02 
1.010000000000000000e+02 
0.0
-1.0
-1.0
103.0
-1.06548866359
0.116875882043
-1.74476400726
93.0
1.030000000000000000e+02 
1.020000000000000000e+02 
0.0
-1.0
-1.0
104.0
-1.06298263703
0.116117767246
-1.69757239144
94.0
1.040000000000000000e+02 
1.030000000000000000e+02 
0.0
-1.0
-1.0
105.0
-1.06076899983
0.11082105538
-1.63818142431
95.0
1.050000000000000000e+02 
1.040000000000000000e+02 
0.0
-1.0
-1.0
106.0
-1.05870197212
0.0995263354074
-1.60929110656
96.0
1.060000000000000000e+02 
1.050000000000000000e+02 
0.0
-1.0
-1.0
107.0
-1.05629885858
0.0929764120822
-1.37195143894
97.0
1.070000000000000000e+02 
1.060000000000000000e+02 
0.0
-1.0
-1.0
108.0
-1.04998555096
0.0784966024873
-1.29331242224
98.0
1.080000000000000000e+02 
1.070000000000000000e+02 
0.0
-1.0
-1.0
109.0
-1.04217731164
0.0584218452931
-1.35082405729
99.0
1.090000000000000000e+02 
1.080000000000000000e+02 
0.0
-1.0
-1.0
110.0
-1.03753671011
0.0443018789881
-1.45283634497
100.0
1.100000000000000000e+02 
1.090000000000000000e+02 
0.0
-1.0
-1.0
111.0
-1.03416925238
0.0300401446522
-1.54174928619
101.0
1.110000000000000000e+02 
1.100000000000000000e+02 
0.0
-1.0
-1.0
112.0
-1.03205274795
0.0159089023978
-1.6367628819
102.0
1.120000000000000000e+02 
1.110000000000000000e+02 
0.0
-1.0
-1.0
113.0
-1.03020644288
0.00860259394136
-1.68552713312
103.0
1.130000000000000000e+02 
1.120000000000000000e+02 
0.0
-1.0
-1.0
114.0
-1.02993155062
-0.00529394291414
-1.77444204087
104.0
1.140000000000000000e+02 
1.130000000000000000e+02 
0.0
-1.0
-1.0
115.0
-1.03086717918
-0.019236515633
-1.85985760624
105.0
1.150000000000000000e+02 
1.140000000000000000e+02 
0.0
-1.0
-1.0
116.0
-1.03295925059
-0.0326079191472
-1.95662383035
106.0
1.160000000000000000e+02 
1.150000000000000000e+02 
0.0
-1.0
-1.0
117.0
-1.03623686705
-0.0454820603593
-2.05164071435
107.0
1.170000000000000000e+02 
1.160000000000000000e+02 
0.0
-1.0
-1.0
118.0
-1.03880310658
-0.054949520298
-2.12135825943
108.0
1.180000000000000000e+02 
1.170000000000000000e+02 
0.0
-1.0
-1.0
119.0
-1.04496381964
-0.0681059858657
-2.20417646682
109.0
1.190000000000000000e+02 
1.180000000000000000e+02 
0.0
-1.0
-1.0
120.0
-1.06260028369
-0.0949555497122
-2.30099533775
109.0
1.200000000000000000e+02 
1.190000000000000000e+02 
0.0
-1.0
-1.0
121.0
-1.06474057191
-0.100517519973
-2.34976487352
110.0
1.210000000000000000e+02 
1.200000000000000000e+02 
0.0
-1.0
-1.0
122.0
-1.07336435278
-0.111304161108
-2.42993507543
111.0
1.220000000000000000e+02 
1.210000000000000000e+02 
0.0
-1.0
-1.0
123.0
-1.09111305488
-0.129044548037
-2.4840059448
112.0
1.230000000000000000e+02 
1.220000000000000000e+02 
0.0
-1.0
-1.0
124.0
-1.10103407874
-0.138355435544
-2.55722748296
113.0
1.240000000000000000e+02 
1.230000000000000000e+02 
0.0
-1.0
-1.0
125.0
-1.12234335164
-0.15397861973
-2.64964969127
114.0
1.250000000000000000e+02 
1.240000000000000000e+02 
0.0
-1.0
-1.0
126.0
-1.12877013038
-0.158989383707
-2.71762257108
115.0
1.260000000000000000e+02 
1.250000000000000000e+02 
0.0
-1.0
-1.0
127.0
-1.15681701428
-0.172812730524
-2.80834612376
115.0
1.270000000000000000e+02 4.530000000000000000e+02 
1.260000000000000000e+02 4.520000000000000000e+02 
0.0
-1.0
-1.0
128.0
-1.16118638588
-0.188404520001
-2.70145479367
116.0
1.280000000000000000e+02 
1.270000000000000000e+02 
0.0
-1.0
-1.0
129.0
-1.19201887846
-0.20832369422
-2.67322191948
116.0
1.290000000000000000e+02 
1.280000000000000000e+02 4.540000000000000000e+02 
0.0
-1.0
-1.0
130.0
-1.1960992476
-0.221799218687
-2.75103682593
117.0
1.300000000000000000e+02 
1.290000000000000000e+02 
0.0
-1.0
-1.0
131.0
-1.22328835496
-0.240274752953
-2.81827886917
117.0
1.310000000000000000e+02 
1.300000000000000000e+02 
0.0
-1.0
-1.0
132.0
-1.23029167408
-0.2514754951
-2.83402160187
118.0
1.320000000000000000e+02 
1.310000000000000000e+02 
0.0
-1.0
-1.0
133.0
-1.25636756193
-0.267817347593
-2.86281502751
118.0
1.330000000000000000e+02 4.550000000000000000e+02 
1.320000000000000000e+02 
0.0
-1.0
-1.0
134.0
-1.27788534273
-0.273690961559
-2.89081902584
119.0
1.340000000000000000e+02 
1.330000000000000000e+02 
0.0
-1.0
-1.0
135.0
-1.30674908476
-0.284632076078
-2.92136877888
119.0
1.350000000000000000e+02 
1.340000000000000000e+02 4.560000000000000000e+02 
0.0
-1.0
-1.0
136.0
-1.3215784653
-0.299799756876
-2.93966074082
120.0
1.360000000000000000e+02 
1.350000000000000000e+02 
0.0
-1.0
-1.0
137.0
-1.34854206023
-0.312759355355
-2.96145765065
120.0
1.370000000000000000e+02 
1.360000000000000000e+02 
0.0
-1.0
-1.0
138.0
-1.36095086386
-0.322735317348
-2.9710552661
121.0
1.380000000000000000e+02 
1.370000000000000000e+02 
0.0
-1.0
-1.0
139.0
-1.38792722661
-0.334689357092
-2.98585359007
121.0
1.390000000000000000e+02 
1.380000000000000000e+02 
0.0
-1.0
-1.0
140.0
-1.40029002454
-0.34429292984
-2.98845262533
122.0
1.400000000000000000e+02 
1.390000000000000000e+02 
0.0
-1.0
-1.0
141.0
-1.42758342596
-0.355789081189
-2.99190237447
122.0
1.410000000000000000e+02 4.570000000000000000e+02 
1.400000000000000000e+02 
0.0
-1.0
-1.0
142.0
-1.45770993837
-0.364090462002
-2.96707742605
123.0
1.420000000000000000e+02 5.510000000000000000e+02 
1.410000000000000000e+02 4.580000000000000000e+02 
0.0
-1.0
-1.0
143.0
-1.4701412364
-0.365082457241
-3.03519283178
123.0
1.430000000000000000e+02 4.590000000000000000e+02 
1.420000000000000000e+02 
0.0
-1.0
-1.0
144.0
-1.49577968014
-0.365106616343
-3.01877618024
124.0
1.440000000000000000e+02 
1.430000000000000000e+02 
0.0
-1.0
-1.0
145.0
-1.53119746992
-0.369614942612
-2.9992136528
125.0
1.450000000000000000e+02 
1.440000000000000000e+02 
0.0
-1.0
-1.0
146.0
-1.56118920386
-0.374284302438
-2.96825184588
126.0
1.460000000000000000e+02 
1.450000000000000000e+02 
0.0
-1.0
-1.0
147.0
-1.57166399169
-0.376224392937
-2.95124076016
127.0
1.470000000000000000e+02 
1.460000000000000000e+02 
0.0
-1.0
-1.0
148.0
-1.59179056139
-0.380376427402
-2.9202803959
128.0
1.480000000000000000e+02 
1.470000000000000000e+02 
0.0
-1.0
-1.0
149.0
-1.60701616402
-0.383986328742
-2.89192075292
129.0
1.490000000000000000e+02 
1.480000000000000000e+02 
0.0
-1.0
-1.0
150.0
-1.61717001229
-0.386636786498
-2.86966183055
130.0
1.500000000000000000e+02 
1.490000000000000000e+02 
0.0
-1.0
-1.0
151.0
-1.62265830658
-0.388138301175
-2.85705362757
131.0
1.510000000000000000e+02 
1.500000000000000000e+02 
0.0
-1.0
-1.0
152.0
-1.63291375379
-0.391137894545
-2.8374461422
132.0
1.520000000000000000e+02 
1.510000000000000000e+02 
0.0
-1.0
-1.0
153.0
-1.63834691619
-0.392794157755
-2.82223937204
133.0
1.530000000000000000e+02 
1.520000000000000000e+02 
0.0
-1.0
-1.0
154.0
-1.63877973285
-0.392835943067
-2.67178331401
134.0
1.540000000000000000e+02 
1.530000000000000000e+02 
0.0
-1.0
-1.0
155.0
-1.64784773879
-0.397898953377
-2.59107796434
135.0
1.550000000000000000e+02 
1.540000000000000000e+02 
0.0
-1.0
-1.0
156.0
-1.65693860941
-0.4032986197
-2.5662733185
136.0
1.560000000000000000e+02 
1.550000000000000000e+02 
0.0
-1.0
-1.0
157.0
-1.66600087623
-0.409007360029
-2.53881937118
137.0
1.570000000000000000e+02 
1.560000000000000000e+02 
0.0
-1.0
-1.0
158.0
-1.67072628228
-0.411924614023
-2.52446611621
138.0
1.580000000000000000e+02 
1.570000000000000000e+02 
0.0
-1.0
-1.0
159.0
-1.67935458101
-0.417797221954
-2.49961354657
139.0
1.590000000000000000e+02 
1.580000000000000000e+02 
0.0
-1.0
-1.0
160.0
-1.68784150139
-0.423848777106
-2.4747616543
140.0
1.600000000000000000e+02 
1.590000000000000000e+02 
0.0
-1.0
-1.0
161.0
-1.68940993123
-0.424695327163
-2.37316043048
141.0
1.610000000000000000e+02 
1.600000000000000000e+02 
0.0
-1.0
-1.0
162.0
-1.69013097698
-0.424828594735
-2.27155986518
142.0
1.620000000000000000e+02 
1.610000000000000000e+02 
0.0
-1.0
-1.0
163.0
-1.70300492883
-0.440072909618
-2.22410994743
143.0
1.630000000000000000e+02 
1.620000000000000000e+02 
0.0
-1.0
-1.0
164.0
-1.72111969644
-0.464623901818
-2.14866066518
144.0
1.640000000000000000e+02 
1.630000000000000000e+02 
0.0
-1.0
-1.0
165.0
-1.73221974926
-0.481533977279
-2.09941200522
145.0
1.650000000000000000e+02 
1.640000000000000000e+02 
0.0
-1.0
-1.0
166.0
-1.74248227147
-0.498869238117
-2.0519139532
146.0
1.660000000000000000e+02 
1.650000000000000000e+02 
0.0
-1.0
-1.0
167.0
-1.75183589261
-0.516726604272
-1.99831649355
147.0
1.670000000000000000e+02 
1.660000000000000000e+02 
0.0
-1.0
-1.0
168.0
-1.76219286206
-0.539502338235
-1.94296960948
148.0
1.680000000000000000e+02 
1.670000000000000000e+02 
0.0
-1.0
-1.0
169.0
-1.7742061631
-0.57239231056
-1.86402328289
148.0
1.690000000000000000e+02 
1.680000000000000000e+02 
0.0
-1.0
-1.0
170.0
-1.77623958409
-0.577195320942
-1.84442749439
149.0
1.700000000000000000e+02 
1.690000000000000000e+02 
0.0
-1.0
-1.0
171.0
-1.78464652139
-0.611156556578
-1.76453222323
149.0
1.710000000000000000e+02 
1.700000000000000000e+02 
0.0
-1.0
-1.0
172.0
-1.78719409094
-0.620960810824
-1.75108744728
150.0
1.720000000000000000e+02 
1.710000000000000000e+02 
0.0
-1.0
-1.0
173.0
-1.79341606301
-0.655239361227
-1.70269314301
151.0
1.730000000000000000e+02 
1.720000000000000000e+02 
0.0
-1.0
-1.0
174.0
-1.79936071994
-0.688069226433
-1.79569928545
152.0
1.740000000000000000e+02 
1.730000000000000000e+02 
0.0
-1.0
-1.0
175.0
-1.80717445928
-0.715411613599
-1.81540584816
153.0
1.750000000000000000e+02 
1.740000000000000000e+02 
0.0
-1.0
-1.0
176.0
-1.81492530708
-0.744260095759
-1.80286280321
154.0
1.760000000000000000e+02 
1.750000000000000000e+02 
0.0
-1.0
-1.0
177.0
-1.82068113789
-0.763645141767
-1.86357012118
155.0
1.770000000000000000e+02 
1.760000000000000000e+02 
0.0
-1.0
-1.0
178.0
-1.82709440477
-0.782530527356
-1.85882777109
156.0
1.780000000000000000e+02 
1.770000000000000000e+02 
0.0
-1.0
-1.0
179.0
-1.83198834436
-0.796802311265
-1.85403572042
157.0
1.790000000000000000e+02 
1.780000000000000000e+02 
0.0
-1.0
-1.0
180.0
-1.83860738792
-0.815497831926
-1.91824393508
158.0
1.800000000000000000e+02 
1.790000000000000000e+02 
0.0
-1.0
-1.0
181.0
-1.8457557592
-0.833856804327
-1.8969523794
159.0
1.810000000000000000e+02 
1.800000000000000000e+02 
0.0
-1.0
-1.0
182.0
-1.85106313925
-0.847821302303
-1.88526101614
160.0
1.820000000000000000e+02 
1.810000000000000000e+02 
0.0
-1.0
-1.0
183.0
-1.85630117817
-0.862013982877
-1.87706980642
161.0
1.830000000000000000e+02 
1.820000000000000000e+02 
0.0
-1.0
-1.0
184.0
-1.8614118914
-0.876137433166
-1.87057870978
162.0
1.840000000000000000e+02 
1.830000000000000000e+02 
0.0
-1.0
-1.0
185.0
-1.86794077638
-0.894946646517
-1.86758768414
163.0
1.850000000000000000e+02 
1.840000000000000000e+02 
0.0
-1.0
-1.0
186.0
-1.87453274812
-0.913835964332
-1.87239668583
164.0
1.860000000000000000e+02 
1.850000000000000000e+02 
0.0
-1.0
-1.0
187.0
-1.88114751122
-0.932608582421
-1.87545566955
165.0
1.870000000000000000e+02 
1.860000000000000000e+02 
0.0
-1.0
-1.0
188.0
-1.88782163893
-0.951305301361
-1.87856458841
166.0
1.880000000000000000e+02 
1.870000000000000000e+02 
0.0
-1.0
-1.0
189.0
-1.89310105825
-0.965561855806
-1.88512339392
167.0
1.890000000000000000e+02 
1.880000000000000000e+02 
0.0
-1.0
-1.0
190.0
-1.89680551902
-0.974858728745
-1.88913203601
168.0
1.900000000000000000e+02 
1.890000000000000000e+02 
0.0
-1.0
-1.0
191.0
-1.9021103402
-0.988889465928
-1.89049046304
169.0
1.910000000000000000e+02 
1.900000000000000000e+02 
0.0
-1.0
-1.0
192.0
-1.90753230941
-1.00287732511
-1.90054862184
170.0
1.920000000000000000e+02 
1.910000000000000000e+02 
0.0
-1.0
-1.0
193.0
-1.91293714864
-1.01676300413
-1.90105645768
171.0
1.930000000000000000e+02 
1.920000000000000000e+02 
0.0
-1.0
-1.0
194.0
-1.91847261465
-1.03075987663
-1.90591391434
172.0
1.940000000000000000e+02 
1.930000000000000000e+02 
0.0
-1.0
-1.0
195.0
-1.92227842381
-1.03990451856
-1.90292093412
173.0
1.950000000000000000e+02 
1.940000000000000000e+02 
0.0
-1.0
-1.0
196.0
-1.92451319876
-1.04461857435
-1.90427745788
174.0
1.960000000000000000e+02 
1.950000000000000000e+02 
0.0
-1.0
-1.0
197.0
-1.93007240395
-1.05849780548
-1.91178342505
175.0
1.970000000000000000e+02 
1.960000000000000000e+02 
0.0
-1.0
-1.0
198.0
-1.93570220472
-1.0724580023
-1.91313877368
176.0
1.980000000000000000e+02 
1.970000000000000000e+02 
0.0
-1.0
-1.0
199.0
-1.94140190275
-1.08644646469
-1.9170934405
177.0
1.990000000000000000e+02 
1.980000000000000000e+02 
0.0
-1.0
-1.0
200.0
-1.94710098653
-1.10038296277
-1.92019736092
178.0
2.000000000000000000e+02 
1.990000000000000000e+02 
0.0
-1.0
-1.0
201.0
-1.95113337052
-1.10965981177
-1.92155046912
179.0
2.010000000000000000e+02 
2.000000000000000000e+02 
0.0
-1.0
-1.0
202.0
-1.9569111766
-1.12351744425
-1.92815269805
180.0
2.020000000000000000e+02 
2.010000000000000000e+02 
0.0
-1.0
-1.0
203.0
-1.96267984213
-1.13722111393
-1.92860397954
181.0
2.030000000000000000e+02 
2.020000000000000000e+02 
0.0
-1.0
-1.0
204.0
-1.96850698325
-1.15106656226
-1.9281542443
182.0
2.040000000000000000e+02 
2.030000000000000000e+02 
0.0
-1.0
-1.0
205.0
-1.97611940045
-1.16947934373
-1.93295342202
183.0
2.050000000000000000e+02 
2.040000000000000000e+02 
0.0
-1.0
-1.0
206.0
-1.98197818693
-1.18332165595
-1.93080144139
184.0
2.060000000000000000e+02 
2.050000000000000000e+02 
0.0
-1.0
-1.0
207.0
-1.98781919535
-1.19706913722
-1.93214823021
185.0
2.070000000000000000e+02 
2.060000000000000000e+02 
0.0
-1.0
-1.0
208.0
-1.99374466543
-1.21105817807
-1.93084371541
186.0
2.080000000000000000e+02 
2.070000000000000000e+02 
0.0
-1.0
-1.0
209.0
-2.00136448402
-1.22954522462
-1.92868782315
187.0
2.090000000000000000e+02 
2.080000000000000000e+02 
0.0
-1.0
-1.0
210.0
-2.00903080691
-1.24828973722
-1.92743047889
188.0
2.100000000000000000e+02 
2.090000000000000000e+02 
0.0
-1.0
-1.0
211.0
-2.01479706743
-1.26214829447
-1.92177160744
189.0
2.110000000000000000e+02 
2.100000000000000000e+02 
0.0
-1.0
-1.0
212.0
-2.02056024051
-1.27607047464
-1.92311113307
190.0
2.120000000000000000e+02 
2.110000000000000000e+02 6.610000000000000000e+02 
0.0
-1.0
-1.0
213.0
-2.01797566036
-1.2773818533
-1.92127494439
191.0
2.130000000000000000e+02 6.640000000000000000e+02 
2.120000000000000000e+02 6.630000000000000000e+02 
0.0
-1.0
-1.0
214.0
-2.02143186599
-1.28672637482
-1.91825451035
192.0
2.140000000000000000e+02 
2.130000000000000000e+02 
0.0
-1.0
-1.0
215.0
-2.02283787891
-1.29297730957
-1.89807998992
193.0
2.150000000000000000e+02 
2.140000000000000000e+02 6.650000000000000000e+02 
0.0
-1.0
-1.0
216.0
-2.02376630885
-1.30207819517
-1.88548977027
194.0
2.160000000000000000e+02 
2.150000000000000000e+02 
0.0
-1.0
-1.0
217.0
-2.02639726177
-1.31480942243
-1.88130515921
195.0
2.170000000000000000e+02 
2.160000000000000000e+02 
0.0
-1.0
-1.0
218.0
-2.02730209038
-1.32263878665
-1.8736690603
196.0
2.180000000000000000e+02 
2.170000000000000000e+02 
0.0
-1.0
-1.0
219.0
-2.03110700698
-1.34004357215
-1.86598147748
197.0
2.190000000000000000e+02 
2.180000000000000000e+02 
0.0
-1.0
-1.0
220.0
-2.03318622866
-1.35280410829
-1.84959241423
198.0
2.200000000000000000e+02 
2.190000000000000000e+02 
0.0
-1.0
-1.0
221.0
-2.03639826569
-1.3704983378
-1.83585187349
199.0
2.210000000000000000e+02 
2.200000000000000000e+02 
0.0
-1.0
-1.0
222.0
-2.03663521442
-1.37859197045
-1.82560985782
200.0
2.220000000000000000e+02 
2.210000000000000000e+02 
0.0
-1.0
-1.0
223.0
-2.03664738886
-1.38679835686
-1.80221636931
201.0
2.230000000000000000e+02 
2.220000000000000000e+02 
0.0
-1.0
-1.0
224.0
-2.03638806346
-1.3949705338
-1.78842140971
202.0
2.240000000000000000e+02 6.660000000000000000e+02 
2.230000000000000000e+02 
0.0
-1.0
-1.0
225.0
-2.04666823677
-1.42091171609
-1.76934875578
203.0
2.250000000000000000e+02 
2.240000000000000000e+02 
0.0
-1.0
-1.0
226.0
-2.05210673787
-1.44295828906
-1.73543823457
204.0
2.260000000000000000e+02 
2.250000000000000000e+02 
0.0
-1.0
-1.0
227.0
-2.05610912823
-1.45997550258
-1.71112673304
205.0
2.270000000000000000e+02 
2.260000000000000000e+02 
0.0
-1.0
-1.0
228.0
-2.05970240341
-1.47714834249
-1.6797643717
206.0
2.280000000000000000e+02 
2.270000000000000000e+02 
0.0
-1.0
-1.0
229.0
-2.06236461915
-1.48949130129
-1.65370126976
207.0
2.290000000000000000e+02 
2.280000000000000000e+02 
0.0
-1.0
-1.0
230.0
-2.06481773611
-1.50184672329
-1.63373754494
208.0
2.300000000000000000e+02 
2.290000000000000000e+02 
0.0
-1.0
-1.0
231.0
-2.06703457977
-1.51431089859
-1.60857331333
209.0
2.310000000000000000e+02 
2.300000000000000000e+02 
0.0
-1.0
-1.0
232.0
-2.06887340637
-1.52177940084
-1.5930086893
210.0
2.320000000000000000e+02 
2.310000000000000000e+02 
0.0
-1.0
-1.0
233.0
-2.07066798364
-1.53409121003
-1.56779378533
211.0
2.330000000000000000e+02 
2.320000000000000000e+02 
0.0
-1.0
-1.0
234.0
-2.0723211671
-1.53714582836
-1.46147871189
212.0
2.340000000000000000e+02 
2.330000000000000000e+02 
0.0
-1.0
-1.0
235.0
-2.07395320601
-1.53973775195
-1.35516357735
213.0
2.350000000000000000e+02 
2.340000000000000000e+02 
0.0
-1.0
-1.0
236.0
-2.0732984094
-1.55200481988
-1.32474848785
214.0
2.360000000000000000e+02 
2.350000000000000000e+02 
0.0
-1.0
-1.0
237.0
-2.07244978804
-1.56400890145
-1.30043354718
215.0
2.370000000000000000e+02 
2.360000000000000000e+02 
0.0
-1.0
-1.0
238.0
-2.0713982437
-1.57584475388
-1.27956885668
216.0
2.380000000000000000e+02 
2.370000000000000000e+02 
0.0
-1.0
-1.0
239.0
-2.07007039104
-1.58774509449
-1.25610451519
217.0
2.390000000000000000e+02 
2.380000000000000000e+02 
0.0
-1.0
-1.0
240.0
-2.06842040727
-1.59968816597
-1.22659061887
218.0
2.400000000000000000e+02 
2.390000000000000000e+02 
0.0
-1.0
-1.0
241.0
-2.06650423976
-1.61136626286
-1.19612726123
219.0
2.410000000000000000e+02 
2.400000000000000000e+02 
0.0
-1.0
-1.0
242.0
-2.06770553281
-1.61453485572
-1.12731453293
220.0
2.420000000000000000e+02 
2.410000000000000000e+02 
0.0
-1.0
-1.0
243.0
-2.06920202897
-1.61700347002
-1.02270252181
221.0
2.430000000000000000e+02 
2.420000000000000000e+02 
0.0
-1.0
-1.0
244.0
-2.07073059541
-1.61936643432
-0.969591312772
222.0
2.440000000000000000e+02 
2.430000000000000000e+02 
0.0
-1.0
-1.0
245.0
-2.06405627879
-1.63318966682
-0.93038098774
223.0
2.450000000000000000e+02 
2.440000000000000000e+02 
0.0
-1.0
-1.0
246.0
-2.05311340627
-1.6514287268
-0.879871625596
224.0
2.460000000000000000e+02 
2.450000000000000000e+02 
0.0
-1.0
-1.0
247.0
-2.04820511073
-1.66123188929
-0.850313302148
225.0
2.470000000000000000e+02 
2.460000000000000000e+02 
0.0
-1.0
-1.0
248.0
-2.03286927032
-1.6816214685
-0.790256090084
226.0
2.480000000000000000e+02 
2.470000000000000000e+02 
0.0
-1.0
-1.0
249.0
-2.01288193698
-1.70414987544
-0.725800058941
227.0
2.490000000000000000e+02 
2.480000000000000000e+02 
0.0
-1.0
-1.0
250.0
-1.99515168441
-1.72252640121
-0.669195275081
228.0
2.500000000000000000e+02 
2.490000000000000000e+02 
0.0
-1.0
-1.0
251.0
-1.96869036691
-1.74557483341
-0.605541801673
229.0
2.510000000000000000e+02 
2.500000000000000000e+02 
0.0
-1.0
-1.0
252.0
-1.94127119403
-1.76710510329
-0.562889698677
229.0
2.520000000000000000e+02 
2.510000000000000000e+02 
0.0
-1.0
-1.0
253.0
-1.93846778765
-1.77193281805
-0.55343902284
230.0
2.530000000000000000e+02 
2.520000000000000000e+02 
0.0
-1.0
-1.0
254.0
-1.90985610065
-1.79186740928
-0.510789827698
231.0
2.540000000000000000e+02 
2.530000000000000000e+02 
0.0
-1.0
-1.0
255.0
-1.88080213599
-1.81083998465
-0.489142163576
231.0
2.550000000000000000e+02 
2.540000000000000000e+02 
0.0
-1.0
-1.0
256.0
-1.87327697702
-1.8177125634
-0.481446077606
232.0
2.560000000000000000e+02 
2.550000000000000000e+02 
0.0
-1.0
-1.0
257.0
-1.85269786709
-1.83124901022
-0.466801613744
233.0
2.570000000000000000e+02 
2.560000000000000000e+02 
0.0
-1.0
-1.0
258.0
-1.83199025615
-1.8443263598
-0.449458812789
234.0
2.580000000000000000e+02 
2.570000000000000000e+02 
0.0
-1.0
-1.0
259.0
-1.8063735406
-1.85921425233
-0.425217712416
235.0
2.590000000000000000e+02 
2.580000000000000000e+02 
0.0
-1.0
-1.0
260.0
-1.78040380453
-1.87359748903
-0.41572834721
236.0
2.600000000000000000e+02 
2.590000000000000000e+02 
0.0
-1.0
-1.0
261.0
-1.74998893044
-1.88969411403
-0.407090748701
237.0
2.610000000000000000e+02 
2.600000000000000000e+02 
0.0
-1.0
-1.0
262.0
-1.73311763046
-1.89959333448
-0.402004945414
238.0
2.620000000000000000e+02 
2.610000000000000000e+02 
0.0
-1.0
-1.0
263.0
-1.70701948168
-1.91336872826
-0.396920962911
239.0
2.630000000000000000e+02 
2.620000000000000000e+02 
0.0
-1.0
-1.0
264.0
-1.6763478853
-1.9289308279
-0.393588823848
239.0
2.640000000000000000e+02 
2.630000000000000000e+02 
0.0
-1.0
-1.0
265.0
-1.67295053411
-1.93275479912
-0.386758548033
240.0
2.650000000000000000e+02 
2.640000000000000000e+02 
0.0
-1.0
-1.0
266.0
-1.64209709608
-1.94779255296
-0.378230152483
241.0
2.660000000000000000e+02 
2.650000000000000000e+02 
0.0
-1.0
-1.0
267.0
-1.62473998509
-1.95687895169
-0.358253651489
242.0
2.670000000000000000e+02 
2.660000000000000000e+02 
0.0
-1.0
-1.0
268.0
-1.60258625075
-1.96744275327
-0.339229056688
243.0
2.680000000000000000e+02 
2.670000000000000000e+02 
0.0
-1.0
-1.0
269.0
-1.58036472436
-1.97755520182
-0.327206377128
244.0
2.690000000000000000e+02 
2.680000000000000000e+02 
0.0
-1.0
-1.0
270.0
-1.56748278275
-1.98410768469
-0.314335619347
245.0
2.700000000000000000e+02 
2.690000000000000000e+02 
0.0
-1.0
-1.0
271.0
-1.55413776695
-1.99056460692
-0.300566787446
246.0
2.710000000000000000e+02 
2.700000000000000000e+02 
0.0
-1.0
-1.0
272.0
-1.53638898338
-1.99821963938
-0.293749883171
247.0
2.720000000000000000e+02 
2.710000000000000000e+02 
0.0
-1.0
-1.0
273.0
-1.51828702888
-2.00560613816
-0.273834905988
248.0
2.730000000000000000e+02 
2.720000000000000000e+02 
0.0
-1.0
-1.0
274.0
-1.5049491891
-2.01132428607
-0.259171853173
249.0
2.740000000000000000e+02 
2.730000000000000000e+02 
0.0
-1.0
-1.0
275.0
-1.49651804831
-2.01549979061
-0.246260719892
250.0
2.750000000000000000e+02 
2.740000000000000000e+02 
0.0
-1.0
-1.0
276.0
-1.4879009558
-2.01959726921
-0.235101499285
251.0
2.760000000000000000e+02 
2.750000000000000000e+02 
0.0
-1.0
-1.0
277.0
-1.48405210808
-2.02240172795
-0.226544182558
252.0
2.770000000000000000e+02 
2.760000000000000000e+02 
0.0
-1.0
-1.0
278.0
-1.47544562857
-2.0262079991
-0.210988759065
253.0
2.780000000000000000e+02 
2.770000000000000000e+02 
0.0
-1.0
-1.0
279.0
-1.46658788173
-2.02985280942
-0.191085216401
254.0
2.790000000000000000e+02 
2.780000000000000000e+02 
0.0
-1.0
-1.0
280.0
-1.45772713081
-2.0332845727
-0.173833540484
255.0
2.800000000000000000e+02 
2.790000000000000000e+02 
0.0
-1.0
-1.0
281.0
-1.45385039475
-2.03568426455
-0.163533715652
256.0
2.810000000000000000e+02 
2.800000000000000000e+02 
0.0
-1.0
-1.0
282.0
-1.44980353146
-2.03804788672
-0.154985724743
257.0
2.820000000000000000e+02 
2.810000000000000000e+02 
0.0
-1.0
-1.0
283.0
-1.45042686057
-2.0396189876
-0.0486895491889
258.0
2.830000000000000000e+02 
2.820000000000000000e+02 
0.0
-1.0
-1.0
284.0
-1.45143230016
-2.04112392027
0.0541048308974
259.0
2.840000000000000000e+02 
2.830000000000000000e+02 
0.0
-1.0
-1.0
285.0
-1.44193117191
-2.04151347723
0.120247436637
260.0
2.850000000000000000e+02 
2.840000000000000000e+02 
0.0
-1.0
-1.0
286.0
-1.43299344535
-2.04168435448
0.145388290298
261.0
2.860000000000000000e+02 
2.850000000000000000e+02 
0.0
-1.0
-1.0
287.0
-1.42403069287
-2.04156737462
0.173977415209
262.0
2.870000000000000000e+02 
2.860000000000000000e+02 
0.0
-1.0
-1.0
288.0
-1.41990456912
-2.04213457007
0.183364835676
263.0
2.880000000000000000e+02 
2.870000000000000000e+02 
0.0
-1.0
-1.0
289.0
-1.41097102978
-2.04166244764
0.2059005769
264.0
2.890000000000000000e+02 
2.880000000000000000e+02 
0.0
-1.0
-1.0
290.0
-1.41101094845
-2.04289057711
0.308684664895
265.0
2.900000000000000000e+02 
2.890000000000000000e+02 
0.0
-1.0
-1.0
291.0
-1.41162959117
-2.04421571245
0.415817126409
266.0
2.910000000000000000e+02 
2.900000000000000000e+02 
0.0
-1.0
-1.0
292.0
-1.40368453617
-2.04161993103
0.443547988844
267.0
2.920000000000000000e+02 
2.910000000000000000e+02 
0.0
-1.0
-1.0
293.0
-1.39542947851
-2.03858348986
0.469527280184
268.0
2.930000000000000000e+02 
2.920000000000000000e+02 
0.0
-1.0
-1.0
294.0
-1.38282893425
-2.03291163627
0.502505028916
269.0
2.940000000000000000e+02 
2.930000000000000000e+02 
0.0
-1.0
-1.0
295.0
-1.37487858892
-2.02932556179
0.530181263963
270.0
2.950000000000000000e+02 
2.940000000000000000e+02 
0.0
-1.0
-1.0
296.0
-1.36708538897
-2.02553369861
0.555256014608
271.0
2.960000000000000000e+02 
2.950000000000000000e+02 
0.0
-1.0
-1.0
297.0
-1.36249137767
-2.02338380288
0.627479310432
272.0
2.970000000000000000e+02 
2.960000000000000000e+02 
0.0
-1.0
-1.0
298.0
-1.36308871228
-2.02458985564
0.732851181246
273.0
2.980000000000000000e+02 
2.970000000000000000e+02 
0.0
-1.0
-1.0
299.0
-1.35670362271
-2.01868181126
0.810321657027
274.0
2.990000000000000000e+02 
2.980000000000000000e+02 
0.0
-1.0
-1.0
300.0
-1.34075636048
-2.00143584819
0.870340767857
275.0
3.000000000000000000e+02 
2.990000000000000000e+02 
0.0
-1.0
-1.0
301.0
-1.32621713438
-1.98362903586
0.929458543866
276.0
3.010000000000000000e+02 
3.000000000000000000e+02 
0.0
-1.0
-1.0
302.0
-1.30717227165
-1.95645235853
1.00332501518
277.0
3.020000000000000000e+02 
3.010000000000000000e+02 
0.0
-1.0
-1.0
303.0
-1.29276532398
-1.93164840756
1.10089021185
278.0
3.030000000000000000e+02 
3.020000000000000000e+02 
0.0
-1.0
-1.0
304.0
-1.28110784675
-1.90585157806
1.17920416383
279.0
3.040000000000000000e+02 
3.030000000000000000e+02 
0.0
-1.0
-1.0
305.0
-1.26901638169
-1.87468166257
1.21386690091
279.0
3.050000000000000000e+02 
3.040000000000000000e+02 
0.0
-1.0
-1.0
306.0
-1.2643586965
-1.86200998141
1.21627845266
280.0
3.060000000000000000e+02 
3.050000000000000000e+02 
0.0
-1.0
-1.0
307.0
-1.2527032334
-1.83053439049
1.2134388484
280.0
3.070000000000000000e+02 
3.060000000000000000e+02 
0.0
-1.0
-1.0
308.0
-1.24798949509
-1.81785475307
1.21409811718
281.0
3.080000000000000000e+02 
3.070000000000000000e+02 
0.0
-1.0
-1.0
309.0
-1.23569744863
-1.78675972263
1.18245628768
281.0
3.090000000000000000e+02 
3.080000000000000000e+02 
0.0
-1.0
-1.0
310.0
-1.23041540182
-1.77411963625
1.17611338825
282.0
3.100000000000000000e+02 
3.090000000000000000e+02 
0.0
-1.0
-1.0
311.0
-1.21677652357
-1.74367718442
1.14366944681
282.0
3.110000000000000000e+02 
3.100000000000000000e+02 
0.0
-1.0
-1.0
312.0
-1.21306671265
-1.73578350545
1.13557449087
283.0
3.120000000000000000e+02 
3.110000000000000000e+02 
0.0
-1.0
-1.0
313.0
-1.1981528931
-1.70591829655
1.10392854746
283.0
3.130000000000000000e+02 
3.120000000000000000e+02 
0.0
-1.0
-1.0
314.0
-1.18473922827
-1.68060808609
1.08363164312
284.0
3.140000000000000000e+02 
3.130000000000000000e+02 
0.0
-1.0
-1.0
315.0
-1.16844496589
-1.65144404718
1.06163380389
284.0
3.150000000000000000e+02 
3.140000000000000000e+02 
0.0
-1.0
-1.0
316.0
-1.15895846802
-1.6353046918
1.04568505525
285.0
3.160000000000000000e+02 
3.150000000000000000e+02 
0.0
-1.0
-1.0
317.0
-1.14139197039
-1.60656600405
1.02193542214
285.0
3.170000000000000000e+02 
3.160000000000000000e+02 
0.0
-1.0
-1.0
318.0
-1.13925169055
-1.60336872202
1.02433492892
286.0
3.180000000000000000e+02 
3.170000000000000000e+02 
0.0
-1.0
-1.0
319.0
-1.12112697185
-1.5751289913
0.999683599357
286.0
3.190000000000000000e+02 
3.180000000000000000e+02 
0.0
-1.0
-1.0
320.0
-1.10333943823
-1.54916820016
0.959331456601
287.0
3.200000000000000000e+02 
3.190000000000000000e+02 
0.0
-1.0
-1.0
321.0
-1.0942663538
-1.53818416492
0.88927852319
288.0
3.210000000000000000e+02 
3.200000000000000000e+02 
0.0
-1.0
-1.0
322.0
-1.07403828777
-1.51369959089
0.878524821026
288.0
3.220000000000000000e+02 
3.210000000000000000e+02 
0.0
-1.0
-1.0
323.0
-1.06395371064
-1.50350189824
0.806720371373
289.0
3.230000000000000000e+02 
3.220000000000000000e+02 
0.0
-1.0
-1.0
324.0
-1.04026289049
-1.47917937297
0.823065194843
289.0
3.240000000000000000e+02 
3.230000000000000000e+02 
0.0
-1.0
-1.0
325.0
-1.03505548224
-1.47425247525
0.801859311396
290.0
3.250000000000000000e+02 
3.240000000000000000e+02 
0.0
-1.0
-1.0
326.0
-1.02541850631
-1.46598647362
0.715252740331
291.0
3.260000000000000000e+02 
3.250000000000000000e+02 
0.0
-1.0
-1.0
327.0
-1.00042293698
-1.44580420384
0.711545500283
292.0
3.270000000000000000e+02 
3.260000000000000000e+02 
0.0
-1.0
-1.0
328.0
-0.984165151621
-1.43317753023
0.648487609227
293.0
3.280000000000000000e+02 
3.270000000000000000e+02 
0.0
-1.0
-1.0
329.0
-0.97618706512
-1.42839693383
0.58712908447
294.0
3.290000000000000000e+02 
3.280000000000000000e+02 
0.0
-1.0
-1.0
330.0
-0.955493518724
-1.41629145298
0.548469942656
295.0
3.300000000000000000e+02 
3.290000000000000000e+02 
0.0
-1.0
-1.0
331.0
-0.934398125137
-1.40505240222
0.498510199769
296.0
3.310000000000000000e+02 
3.300000000000000000e+02 
0.0
-1.0
-1.0
332.0
-0.921600216067
-1.39937186077
0.464249871134
297.0
3.320000000000000000e+02 
3.310000000000000000e+02 
0.0
-1.0
-1.0
333.0
-0.904221212312
-1.39201295008
0.43253897142
298.0
3.330000000000000000e+02 
3.320000000000000000e+02 
0.0
-1.0
-1.0
334.0
-0.881775373087
-1.38336813036
0.38952751465
299.0
3.340000000000000000e+02 
3.330000000000000000e+02 
0.0
-1.0
-1.0
335.0
-0.854467379137
-1.37367109957
0.3587155142
300.0
3.350000000000000000e+02 
3.340000000000000000e+02 
0.0
-1.0
-1.0
336.0
-0.826753092306
-1.36477695692
0.329652982815
301.0
3.360000000000000000e+02 
3.350000000000000000e+02 
0.0
-1.0
-1.0
337.0
-0.8035214892
-1.35806362502
0.314589932608
302.0
3.370000000000000000e+02 
3.360000000000000000e+02 
0.0
-1.0
-1.0
338.0
-0.780437839747
-1.35169492462
0.309126375074
303.0
3.380000000000000000e+02 
3.370000000000000000e+02 
0.0
-1.0
-1.0
339.0
-0.752490536201
-1.34394813721
0.304512321096
304.0
3.390000000000000000e+02 
3.380000000000000000e+02 
0.0
-1.0
-1.0
340.0
-0.729178719327
-1.3376144236
0.306897780959
305.0
3.400000000000000000e+02 
3.390000000000000000e+02 
0.0
-1.0
-1.0
341.0
-0.705932053899
-1.33122694615
0.308432764354
306.0
3.410000000000000000e+02 
3.400000000000000000e+02 
0.0
-1.0
-1.0
342.0
-0.678021891378
-1.32315674778
0.321267280394
307.0
3.420000000000000000e+02 
3.410000000000000000e+02 
0.0
-1.0
-1.0
343.0
-0.650082267838
-1.31468109359
0.333251337625
308.0
3.430000000000000000e+02 
3.420000000000000000e+02 
0.0
-1.0
-1.0
344.0
-0.636447003255
-1.31072010465
0.348684944034
309.0
3.440000000000000000e+02 
3.430000000000000000e+02 
0.0
-1.0
-1.0
345.0
-0.608822149408
-1.30132591368
0.368518107065
310.0
3.450000000000000000e+02 
3.440000000000000000e+02 
0.0
-1.0
-1.0
346.0
-0.586179861697
-1.29330587193
0.38570083363
311.0
3.460000000000000000e+02 
3.450000000000000000e+02 
0.0
-1.0
-1.0
347.0
-0.55892375237
-1.28307682372
0.39328313012
312.0
3.470000000000000000e+02 
3.460000000000000000e+02 
0.0
-1.0
-1.0
348.0
-0.536202202113
-1.27456457697
0.39566500242
313.0
3.480000000000000000e+02 
3.470000000000000000e+02 
0.0
-1.0
-1.0
349.0
-0.509085203412
-1.2642450177
0.393696455923
314.0
3.490000000000000000e+02 
3.480000000000000000e+02 
0.0
-1.0
-1.0
350.0
-0.486415167406
-1.2559942386
0.38037749554
315.0
3.500000000000000000e+02 
3.490000000000000000e+02 
0.0
-1.0
-1.0
351.0
-0.463605520886
-1.24824057599
0.357458125717
316.0
3.510000000000000000e+02 
3.500000000000000000e+02 
0.0
-1.0
-1.0
352.0
-0.431346521678
-1.23795597111
0.322288350444
317.0
3.520000000000000000e+02 
3.510000000000000000e+02 
0.0
-1.0
-1.0
353.0
-0.4033049793
-1.2298821185
0.301968173274
318.0
3.530000000000000000e+02 
3.520000000000000000e+02 
0.0
-1.0
-1.0
354.0
-0.380192633735
-1.22380340973
0.287797597331
319.0
3.540000000000000000e+02 
3.530000000000000000e+02 
0.0
-1.0
-1.0
355.0
-0.356725429912
-1.2178632372
0.284976625329
320.0
3.550000000000000000e+02 
3.540000000000000000e+02 
0.0
-1.0
-1.0
356.0
-0.338086277374
-1.21322039897
0.29605525958
321.0
3.560000000000000000e+02 
3.550000000000000000e+02 
0.0
-1.0
-1.0
357.0
-0.324201340981
-1.2097754395
0.304533502013
322.0
3.570000000000000000e+02 
3.560000000000000000e+02 
0.0
-1.0
-1.0
358.0
-0.305634578079
-1.2045462501
0.323461354182
323.0
3.580000000000000000e+02 
3.570000000000000000e+02 
0.0
-1.0
-1.0
359.0
-0.291880334363
-1.20068404899
0.336238817284
324.0
3.590000000000000000e+02 
3.580000000000000000e+02 
0.0
-1.0
-1.0
360.0
-0.278294567993
-1.19663608642
0.350815892169
325.0
3.600000000000000000e+02 
3.590000000000000000e+02 
0.0
-1.0
-1.0
361.0
-0.2602701272
-1.19060132505
0.376692579354
326.0
3.610000000000000000e+02 
3.600000000000000000e+02 
0.0
-1.0
-1.0
362.0
-0.242193970801
-1.18400852155
0.401718879035
327.0
3.620000000000000000e+02 
3.610000000000000000e+02 
0.0
-1.0
-1.0
363.0
-0.224240215398
-1.17711717681
0.413644791104
328.0
3.630000000000000000e+02 
3.620000000000000000e+02 
0.0
-1.0
-1.0
364.0
-0.211000303426
-1.17204488736
0.425620315156
329.0
3.640000000000000000e+02 
3.630000000000000000e+02 
0.0
-1.0
-1.0
365.0
-0.197735626302
-1.16677953769
0.433195450502
330.0
3.650000000000000000e+02 
3.640000000000000000e+02 
0.0
-1.0
-1.0
366.0
-0.184659464303
-1.16146028207
0.441670196185
331.0
3.660000000000000000e+02 
3.650000000000000000e+02 
0.0
-1.0
-1.0
367.0
-0.176132500985
-1.15798143998
0.46759455099
332.0
3.670000000000000000e+02 
3.660000000000000000e+02 
0.0
-1.0
-1.0
368.0
-0.163346661216
-1.15217357145
0.482168513453
333.0
3.680000000000000000e+02 
3.670000000000000000e+02 
0.0
-1.0
-1.0
369.0
-0.154665459736
-1.14822416844
0.502892081877
334.0
3.690000000000000000e+02 
3.680000000000000000e+02 
0.0
-1.0
-1.0
370.0
-0.15069244345
-1.14670869578
0.51046525434
335.0
3.700000000000000000e+02 
3.690000000000000000e+02 
0.0
-1.0
-1.0
371.0
-0.14232720386
-1.14259767412
0.530288028706
336.0
3.710000000000000000e+02 
3.700000000000000000e+02 
0.0
-1.0
-1.0
372.0
-0.134164996699
-1.13843433464
0.542210402639
337.0
3.720000000000000000e+02 
3.710000000000000000e+02 
0.0
-1.0
-1.0
373.0
-0.126043339239
-1.13410545846
0.56113237361
338.0
3.730000000000000000e+02 
3.720000000000000000e+02 
0.0
-1.0
-1.0
374.0
-0.122212671022
-1.13234324095
0.566953938906
339.0
3.740000000000000000e+02 
3.730000000000000000e+02 
0.0
-1.0
-1.0
375.0
-0.11860955724
-1.13068742158
0.626875095648
340.0
3.750000000000000000e+02 
3.740000000000000000e+02 
0.0
-1.0
-1.0
376.0
-0.118981651931
-1.13153947903
0.779295840789
341.0
3.760000000000000000e+02 
3.750000000000000000e+02 
0.0
-1.0
-1.0
377.0
-0.119322172817
-1.13235200329
0.881966171133
342.0
3.770000000000000000e+02 
3.760000000000000000e+02 
0.0
-1.0
-1.0
378.0
-0.119695503156
-1.13320157048
0.987286083341
343.0
3.780000000000000000e+02 
3.770000000000000000e+02 
0.0
-1.0
-1.0
379.0
-0.118140015802
-1.13043232089
1.09085557394
344.0
3.790000000000000000e+02 
3.780000000000000000e+02 
0.0
-1.0
-1.0
380.0
-0.113885848739
-1.1221903021
1.11152463932
345.0
3.800000000000000000e+02 
3.790000000000000000e+02 
0.0
-1.0
-1.0
381.0
-0.109944571517
-1.1141270766
1.13399327578
346.0
3.810000000000000000e+02 
3.800000000000000000e+02 
0.0
-1.0
-1.0
382.0
-0.106142446936
-1.10583176436
1.15646147948
347.0
3.820000000000000000e+02 
3.810000000000000000e+02 
0.0
-1.0
-1.0
383.0
-0.106359713464
-1.10630775937
1.2975292465
348.0
3.830000000000000000e+02 
3.820000000000000000e+02 
0.0
-1.0
-1.0
384.0
-0.105890207276
-1.10344589545
1.35574657281
349.0
3.840000000000000000e+02 
3.830000000000000000e+02 
0.0
-1.0
-1.0
385.0
-0.103280726211
-1.08918035427
1.39561345432
350.0
3.850000000000000000e+02 
3.840000000000000000e+02 
0.0
-1.0
-1.0
386.0
-0.102077728526
-1.08009606295
1.42847988682
351.0
3.860000000000000000e+02 
3.850000000000000000e+02 
0.0
-1.0
-1.0
387.0
-0.101218780808
-1.07116356332
1.46134586607
352.0
3.870000000000000000e+02 
3.860000000000000000e+02 
0.0
-1.0
-1.0
388.0
-0.100599110479
-1.06215225014
1.48461138774
353.0
3.880000000000000000e+02 
3.870000000000000000e+02 
0.0
-1.0
-1.0
389.0
-0.0999526412139
-1.04832539267
1.52097644745
354.0
3.890000000000000000e+02 
3.880000000000000000e+02 
0.0
-1.0
-1.0
390.0
-0.10033963385
-1.04851129348
1.67079104075
355.0
3.900000000000000000e+02 
3.890000000000000000e+02 
0.0
-1.0
-1.0
391.0
-0.101449102601
-1.04556407562
1.76915516318
356.0
3.910000000000000000e+02 
3.900000000000000000e+02 
0.0
-1.0
-1.0
392.0
-0.107594750769
-1.02212642609
1.84216881021
357.0
3.920000000000000000e+02 
3.910000000000000000e+02 
0.0
-1.0
-1.0
393.0
-0.11547456615
-0.999477814299
1.91173197728
358.0
3.930000000000000000e+02 
3.920000000000000000e+02 
0.0
-1.0
-1.0
394.0
-0.128217216012
-0.968097618208
1.9577446598
358.0
3.940000000000000000e+02 
3.930000000000000000e+02 
0.0
-1.0
-1.0
395.0
-0.134173991204
-0.955267608182
1.96965685316
359.0
3.950000000000000000e+02 
3.940000000000000000e+02 
0.0
-1.0
-1.0
396.0
-0.14782767695
-0.924138467537
1.96591855274
359.0
3.960000000000000000e+02 
3.950000000000000000e+02 
0.0
-1.0
-1.0
397.0
-0.157550737926
-0.902041345958
1.96477975388
360.0
3.970000000000000000e+02 
3.960000000000000000e+02 
0.0
-1.0
-1.0
398.0
-0.170652608332
-0.870578885083
1.94359045193
360.0
3.980000000000000000e+02 
3.970000000000000000e+02 
0.0
-1.0
-1.0
399.0
-0.18130249304
-0.843691100551
1.92240064223
361.0
3.990000000000000000e+02 
3.980000000000000000e+02 
0.0
-1.0
-1.0
400.0
-0.19300687617
-0.811603267616
1.90291032012
361.0
4.000000000000000000e+02 
3.990000000000000000e+02 
0.0
-1.0
-1.0
401.0
-0.203870290143
-0.779499919325
1.87556948094
361.0
4.010000000000000000e+02 
4.000000000000000000e+02 
0.0
-1.0
-1.0
402.0
-0.227580797848
-0.71571579197
1.93419848565
1.0
4.030000000000000000e+02 
4.020000000000000000e+02 
0.0
-1.0
-1.0
403.0
-0.273907961754
-0.606495344441
1.97707551714
3.0
4.050000000000000000e+02 
4.040000000000000000e+02 
0.0
-1.0
-1.0
404.0
-0.274764463907
-0.604925088535
1.97896036137
362.0
4.060000000000000000e+02 
4.050000000000000000e+02 
0.0
-1.0
-1.0
405.0
-0.298801977166
-0.554913515153
2.02818864574
363.0
4.080000000000000000e+02 
4.070000000000000000e+02 
0.0
-1.0
-1.0
406.0
-0.314102687056
-0.524925595493
2.04359557183
364.0
4.090000000000000000e+02 
4.080000000000000000e+02 
0.0
-1.0
-1.0
407.0
-0.330023882222
-0.495197997348
2.05749768798
365.0
4.100000000000000000e+02 
4.090000000000000000e+02 
0.0
-1.0
-1.0
408.0
-0.341699269378
-0.474140302674
2.06743885157
366.0
4.110000000000000000e+02 
4.100000000000000000e+02 
0.0
-1.0
-1.0
409.0
-0.351036025503
-0.458128722161
2.08505215784
367.0
4.120000000000000000e+02 
4.110000000000000000e+02 
0.0
-1.0
-1.0
410.0
-0.360738582022
-0.442036411879
2.10068231424
368.0
4.130000000000000000e+02 
4.120000000000000000e+02 
0.0
-1.0
-1.0
411.0
-0.368197230926
-0.430249547033
2.11473521988
369.0
4.140000000000000000e+02 
4.130000000000000000e+02 
0.0
-1.0
-1.0
412.0
-0.375767012802
-0.418586655826
2.12432436583
370.0
4.150000000000000000e+02 
4.140000000000000000e+02 
0.0
-1.0
-1.0
413.0
-0.386219072874
-0.402827841499
2.14297978681
371.0
4.160000000000000000e+02 
4.150000000000000000e+02 
0.0
-1.0
-1.0
414.0
-0.391416285868
-0.39551712603
2.14930546088
372.0
4.170000000000000000e+02 
4.160000000000000000e+02 
0.0
-1.0
-1.0
415.0
-0.396670787414
-0.388241915782
2.15822255459
373.0
4.180000000000000000e+02 
4.170000000000000000e+02 
0.0
-1.0
-1.0
416.0
-0.404898580879
-0.376939403491
2.17622199793
374.0
4.190000000000000000e+02 
4.180000000000000000e+02 
0.0
-1.0
-1.0
417.0
-0.410442222302
-0.369859019999
2.19376494607
375.0
4.200000000000000000e+02 
4.190000000000000000e+02 
0.0
-1.0
-1.0
418.0
-0.416053642533
-0.362949270551
2.20956631488
376.0
4.210000000000000000e+02 
4.200000000000000000e+02 
0.0
-1.0
-1.0
419.0
-0.424870761402
-0.352130084672
2.23260504336
377.0
4.220000000000000000e+02 
4.210000000000000000e+02 
0.0
-1.0
-1.0
420.0
-0.43745516921
-0.337534661801
2.27257558183
378.0
4.230000000000000000e+02 
4.220000000000000000e+02 
0.0
-1.0
-1.0
421.0
-0.447036177663
-0.327337240305
2.2955999512
379.0
4.240000000000000000e+02 
4.230000000000000000e+02 
0.0
-1.0
-1.0
422.0
-0.481687235543
-0.29312730057
2.37229495814
19.0

4.250000000000000000e+02 
0.0
-1.0
-1.0
423.0
-0.501474240955
-0.27585761132
2.40230230285
380.0
4.270000000000000000e+02 4.280000000000000000e+02 
4.260000000000000000e+02 
0.0
-1.0
-1.0
424.0
-0.699566418779
-0.155985915555
2.66060427428
29.0
4.310000000000000000e+02 
4.300000000000000000e+02 
0.0
-1.0
-1.0
425.0
-0.780883297173
-0.114622354064
2.63697245981
32.0
4.330000000000000000e+02 
4.320000000000000000e+02 
0.0
-1.0
-1.0
426.0
-0.845781472012
-0.0813991870109
2.60674784743
36.0
4.350000000000000000e+02 
4.340000000000000000e+02 
0.0
-1.0
-1.0
427.0
-0.870613087952
-0.0679017547742
2.59205276067
37.0
4.370000000000000000e+02 
4.360000000000000000e+02 5.440000000000000000e+02 
0.0
-1.0
-1.0
428.0
-0.892078494808
-0.0578939687269
2.67022331203
381.0
4.390000000000000000e+02 
4.380000000000000000e+02 5.460000000000000000e+02 
0.0
-1.0
-1.0
429.0
-0.89605339772
-0.0619235006705
2.76888808235
382.0
4.400000000000000000e+02 
4.390000000000000000e+02 
0.0
-1.0
-1.0
430.0
-0.90721100498
-0.0630458982212
2.90143598854
383.0
4.410000000000000000e+02 
4.400000000000000000e+02 
0.0
-1.0
-1.0
431.0
-0.919364507852
-0.0660842428592
3.01984268575
384.0
4.420000000000000000e+02 
4.410000000000000000e+02 
0.0
-1.0
-1.0
432.0
-0.936471511653
-0.0711561784584
-3.13673702446
385.0
4.430000000000000000e+02 5.470000000000000000e+02 
4.420000000000000000e+02 
0.0
-1.0
-1.0
433.0
-0.973184803106
-0.0753087633764
-3.002926645
386.0
4.440000000000000000e+02 
4.430000000000000000e+02 5.480000000000000000e+02 
0.0
-1.0
-1.0
434.0
-0.998356250985
-0.0878233282754
-3.00079529572
386.0
4.450000000000000000e+02 
4.440000000000000000e+02 
0.0
-1.0
-1.0
435.0
-0.9985627558
-0.0946109505479
-2.99176814136
387.0
4.460000000000000000e+02 
4.450000000000000000e+02 
0.0
-1.0
-1.0
436.0
-1.02835753088
-0.105709005575
-2.98488495357
387.0
4.470000000000000000e+02 
4.460000000000000000e+02 
0.0
-1.0
-1.0
437.0
-1.04320770949
-0.114979477974
-2.95644417117
388.0
4.480000000000000000e+02 
4.470000000000000000e+02 
0.0
-1.0
-1.0
438.0
-1.07271175464
-0.127787619519
-2.91653033497
388.0
4.490000000000000000e+02 
4.480000000000000000e+02 
0.0
-1.0
-1.0
439.0
-1.07293853143
-0.135032015903
-2.9005545456
389.0
4.500000000000000000e+02 
4.490000000000000000e+02 
0.0
-1.0
-1.0
440.0
-1.10178766321
-0.149823656368
-2.85482046595
389.0
4.510000000000000000e+02 5.490000000000000000e+02 
4.500000000000000000e+02 
0.0
-1.0
-1.0
441.0
-1.14573504309
-0.166878839125
-2.80811723713
115.0
4.520000000000000000e+02 
4.510000000000000000e+02 5.500000000000000000e+02 
0.0
-1.0
-1.0
442.0
-1.17916090603
-0.200994979574
-2.64879897166
115.0
4.540000000000000000e+02 
4.530000000000000000e+02 
0.0
-1.0
-1.0
443.0
-1.28760697945
-0.280195444426
-2.89998526929
118.0
4.560000000000000000e+02 
4.550000000000000000e+02 
0.0
-1.0
-1.0
444.0
-1.45448704945
-0.363381246199
-2.98856520629
122.0
4.580000000000000000e+02 
4.570000000000000000e+02 
0.0
-1.0
-1.0
445.0
-1.4772019948
-0.373809932604
-2.95744259374
390.0
4.600000000000000000e+02 
4.590000000000000000e+02 5.510000000000000000e+02 
0.0
-1.0
-1.0
446.0
-1.50507517854
-0.388878609821
-2.89901386196
390.0
4.610000000000000000e+02 
4.600000000000000000e+02 
0.0
-1.0
-1.0
447.0
-1.50682952128
-0.398301256557
-2.82765617291
391.0
4.620000000000000000e+02 5.520000000000000000e+02 
4.610000000000000000e+02 
0.0
-1.0
-1.0
448.0
-1.53170139282
-0.411187435946
-2.70202359819
392.0
4.630000000000000000e+02 
4.620000000000000000e+02 5.530000000000000000e+02 
0.0
-1.0
-1.0
449.0
-1.54601123004
-0.432569837963
-2.6098374405
392.0
4.640000000000000000e+02 
4.630000000000000000e+02 
0.0
-1.0
-1.0
450.0
-1.54093376492
-0.440865412431
-2.58551783496
393.0
4.650000000000000000e+02 
4.640000000000000000e+02 
0.0
-1.0
-1.0
451.0
-1.56132030267
-0.468212708891
-2.49254458922
394.0
4.660000000000000000e+02 
4.650000000000000000e+02 
0.0
-1.0
-1.0
452.0
-1.5803926536
-0.496738111462
-2.391838783
394.0
4.670000000000000000e+02 
4.660000000000000000e+02 
0.0
-1.0
-1.0
453.0
-1.57956573486
-0.509871805458
-2.38820727451
395.0
4.680000000000000000e+02 5.540000000000000000e+02 
4.670000000000000000e+02 
0.0
-1.0
-1.0
454.0
-1.60610094688
-0.542574084865
-2.33335034195
396.0
4.690000000000000000e+02 5.560000000000000000e+02 
4.680000000000000000e+02 5.550000000000000000e+02 
0.0
-1.0
-1.0
455.0
-1.62279517903
-0.557117365845
-2.36624601914
396.0
4.700000000000000000e+02 
4.690000000000000000e+02 
0.0
-1.0
-1.0
456.0
-1.61718999842
-0.566180384134
-2.33674045528
397.0
4.710000000000000000e+02 
4.700000000000000000e+02 5.560000000000000000e+02 
0.0
-1.0
-1.0
457.0
-1.63107215338
-0.597648212819
-2.26820898285
397.0
4.720000000000000000e+02 
4.710000000000000000e+02 
0.0
-1.0
-1.0
458.0
-1.62942819881
-0.611674147377
-2.26202928458
398.0
4.730000000000000000e+02 5.570000000000000000e+02 
4.720000000000000000e+02 
0.0
-1.0
-1.0
459.0
-1.64659841541
-0.638403355258
-2.20943166783
399.0
4.740000000000000000e+02 
4.730000000000000000e+02 5.580000000000000000e+02 
0.0
-1.0
-1.0
460.0
-1.65195588148
-0.674388620067
-2.10246267461
399.0
4.750000000000000000e+02 
4.740000000000000000e+02 
0.0
-1.0
-1.0
461.0
-1.65012109097
-0.692869330194
-2.00342241427
400.0
4.760000000000000000e+02 
4.750000000000000000e+02 
0.0
-1.0
-1.0
462.0
-1.65581585651
-0.73104775783
-1.91657818553
400.0
4.770000000000000000e+02 
4.760000000000000000e+02 
0.0
-1.0
-1.0
463.0
-1.64909971634
-0.741085728875
-1.89582971418
401.0
4.780000000000000000e+02 
4.770000000000000000e+02 
0.0
-1.0
-1.0
464.0
-1.64649182504
-0.768750986414
-1.77725949466
402.0
4.790000000000000000e+02 5.590000000000000000e+02 
4.780000000000000000e+02 
0.0
-1.0
-1.0
465.0
-1.64981987562
-0.803115454591
-1.70528761654
403.0
4.800000000000000000e+02 
4.790000000000000000e+02 5.600000000000000000e+02 
0.0
-1.0
-1.0
466.0
-1.64024988387
-0.824446503295
-1.59677974613
404.0
5.610000000000000000e+02 
4.800000000000000000e+02 
0.0
-1.0
-1.0
467.0
-1.52094600511
-1.01972365501
-0.668412897338
405.0
4.810000000000000000e+02 5.690000000000000000e+02 
5.680000000000000000e+02 
0.0
-1.0
-1.0
468.0
-1.49328879166
-1.03040521628
0.785461369315
405.0
4.820000000000000000e+02 
4.810000000000000000e+02 
0.0
-1.0
-1.0
469.0
-1.46836328446
-1.03184899956
0.326866654725
406.0
4.830000000000000000e+02 5.730000000000000000e+02 
4.820000000000000000e+02 5.720000000000000000e+02 
0.0
-1.0
-1.0
470.0
-1.46215594287
-0.987494624906
0.960048953294
406.0
4.840000000000000000e+02 
4.830000000000000000e+02 
0.0
-1.0
-1.0
471.0
-1.44123897667
-0.963185121491
1.06609171925
406.0
4.850000000000000000e+02 
4.840000000000000000e+02 
0.0
-1.0
-1.0
472.0
-1.43620730886
-0.957546662472
1.14948380201
407.0
4.860000000000000000e+02 5.770000000000000000e+02 
4.850000000000000000e+02 5.760000000000000000e+02 
0.0
-1.0
-1.0
473.0
-1.41312506926
-0.93829124875
1.05590805659
407.0
4.870000000000000000e+02 
4.860000000000000000e+02 
0.0
-1.0
-1.0
474.0
-1.40062397408
-0.927827865413
1.04641520162
408.0
4.880000000000000000e+02 5.790000000000000000e+02 
4.870000000000000000e+02 5.780000000000000000e+02 
0.0
-1.0
-1.0
475.0
-1.38212254004
-0.895176785479
1.1300931337
408.0
4.890000000000000000e+02 
4.880000000000000000e+02 
0.0
-1.0
-1.0
476.0
-1.37058574315
-0.879992604538
1.15710965011
409.0
4.900000000000000000e+02 5.810000000000000000e+02 
4.890000000000000000e+02 5.800000000000000000e+02 
0.0
-1.0
-1.0
477.0
-1.34954156597
-0.847357921337
1.17223355148
409.0
4.910000000000000000e+02 
4.900000000000000000e+02 
0.0
-1.0
-1.0
478.0
-1.33690346819
-0.830059149342
1.18335273964
410.0
4.920000000000000000e+02 5.830000000000000000e+02 
4.910000000000000000e+02 5.820000000000000000e+02 
0.0
-1.0
-1.0
479.0
-1.32144969514
-0.795051652368
1.18832239118
410.0
4.930000000000000000e+02 
4.920000000000000000e+02 
0.0
-1.0
-1.0
480.0
-1.31170724639
-0.79686982725
1.19226757503
411.0
4.940000000000000000e+02 5.840000000000000000e+02 
4.930000000000000000e+02 5.830000000000000000e+02 
0.0
-1.0
-1.0
481.0
-1.30414935397
-0.768796626705
1.19499380215
411.0
4.950000000000000000e+02 
4.940000000000000000e+02 
0.0
-1.0
-1.0
482.0
-1.29257193877
-0.766014533622
1.19193762773
412.0
4.960000000000000000e+02 5.850000000000000000e+02 
4.950000000000000000e+02 5.840000000000000000e+02 
0.0
-1.0
-1.0
483.0
-1.27807539627
-0.731677759483
1.14250566026
412.0
4.970000000000000000e+02 
4.960000000000000000e+02 
0.0
-1.0
-1.0
484.0
-1.26956739162
-0.724698491359
1.13116057169
413.0
4.980000000000000000e+02 
4.970000000000000000e+02 5.860000000000000000e+02 
0.0
-1.0
-1.0
485.0
-1.24222166756
-0.704774363178
1.07613856389
413.0
4.990000000000000000e+02 5.870000000000000000e+02 
4.980000000000000000e+02 
0.0
-1.0
-1.0
486.0
-1.23483308424
-0.698302102508
1.06359876816
414.0
5.000000000000000000e+02 5.890000000000000000e+02 
4.990000000000000000e+02 5.880000000000000000e+02 
0.0
-1.0
-1.0
487.0
-1.20797082677
-0.667357091441
0.994105210341
415.0
5.010000000000000000e+02 5.910000000000000000e+02 
5.000000000000000000e+02 5.900000000000000000e+02 
0.0
-1.0
-1.0
488.0
-1.18760253142
-0.643763334811
0.936295981113
415.0
5.020000000000000000e+02 
5.010000000000000000e+02 
0.0
-1.0
-1.0
489.0
-1.18073389043
-0.642894779185
0.928879374634
416.0
5.030000000000000000e+02 5.930000000000000000e+02 
5.020000000000000000e+02 5.920000000000000000e+02 
0.0
-1.0
-1.0
490.0
-1.1598235956
-0.619696166241
0.857813860499
416.0
5.040000000000000000e+02 
5.030000000000000000e+02 
0.0
-1.0
-1.0
491.0
-1.14858883129
-0.622314975589
0.847798891084
417.0
5.050000000000000000e+02 
5.040000000000000000e+02 5.930000000000000000e+02 
0.0
-1.0
-1.0
492.0
-1.12031153209
-0.607265627496
0.786383247918
418.0
5.060000000000000000e+02 5.940000000000000000e+02 
5.050000000000000000e+02 
0.0
-1.0
-1.0
493.0
-1.09467687695
-0.58408293646
0.694950513398
418.0
5.070000000000000000e+02 
5.060000000000000000e+02 
0.0
-1.0
-1.0
494.0
-1.08696188048
-0.584105102308
0.683050314337
419.0
5.080000000000000000e+02 5.960000000000000000e+02 
5.070000000000000000e+02 5.950000000000000000e+02 
0.0
-1.0
-1.0
495.0
-1.0542467683
-0.568091244747
0.599427550559
419.0
5.090000000000000000e+02 
5.080000000000000000e+02 
0.0
-1.0
-1.0
496.0
-1.02792258286
-0.552553612684
0.748440060147
420.0
5.100000000000000000e+02 5.980000000000000000e+02 
5.090000000000000000e+02 5.970000000000000000e+02 
0.0
-1.0
-1.0
497.0
-1.00874112713
-0.532098121287
0.883589486138
420.0
5.110000000000000000e+02 
5.100000000000000000e+02 
0.0
-1.0
-1.0
498.0
-0.985334070283
-0.518576104935
0.935518460605
421.0
5.120000000000000000e+02 
5.110000000000000000e+02 5.980000000000000000e+02 
0.0
-1.0
-1.0
499.0
-0.957127350723
-0.498840604535
0.915746764349
421.0
5.130000000000000000e+02 
5.120000000000000000e+02 
0.0
-1.0
-1.0
500.0
-0.930889486907
-0.481625552367
0.90747439821
422.0
5.140000000000000000e+02 
5.130000000000000000e+02 
0.0
-1.0
-1.0
501.0
-0.903387929511
-0.461381139695
1.01695136303
422.0
5.150000000000000000e+02 
5.140000000000000000e+02 
0.0
-1.0
-1.0
502.0
-0.877268372538
-0.437769610211
1.02612765968
422.0
5.160000000000000000e+02 
5.150000000000000000e+02 
0.0
-1.0
-1.0
503.0
-0.866866960408
-0.439886015328
1.030903289
423.0
5.170000000000000000e+02 
5.160000000000000000e+02 
0.0
-1.0
-1.0
504.0
-0.841476962012
-0.416362019528
1.05487825187
423.0
5.180000000000000000e+02 
5.170000000000000000e+02 
0.0
-1.0
-1.0
505.0
-0.819286068137
-0.392855269295
1.15745254918
423.0
5.190000000000000000e+02 
5.180000000000000000e+02 
0.0
-1.0
-1.0
506.0
-0.807399575408
-0.390004945901
1.1613761818
424.0
5.200000000000000000e+02 
5.190000000000000000e+02 
0.0
-1.0
-1.0
507.0
-0.788249595281
-0.367359874774
1.28489915064
424.0
5.210000000000000000e+02 
5.200000000000000000e+02 
0.0
-1.0
-1.0
508.0
-0.77326807842
-0.34979975597
1.2783714566
425.0
5.220000000000000000e+02 
5.210000000000000000e+02 
0.0
-1.0
-1.0
509.0
-0.757322549554
-0.321844194164
1.4175931006
426.0
5.230000000000000000e+02 
5.220000000000000000e+02 
0.0
-1.0
-1.0
510.0
-0.744268871289
-0.295008296742
1.48256408356
426.0
5.240000000000000000e+02 
5.230000000000000000e+02 
0.0
-1.0
-1.0
511.0
-0.736017915752
-0.291507614351
1.55628440643
427.0
5.250000000000000000e+02 
5.240000000000000000e+02 
0.0
-1.0
-1.0
512.0
-0.729678493882
-0.269389104153
1.62305407015
428.0
5.260000000000000000e+02 
5.250000000000000000e+02 
0.0
-1.0
-1.0
513.0
-0.723459155933
-0.257456395277
1.71422307567
429.0
5.270000000000000000e+02 
5.260000000000000000e+02 
0.0
-1.0
-1.0
514.0
-0.719223301142
-0.247335464339
1.83594142396
430.0
5.280000000000000000e+02 
5.270000000000000000e+02 
0.0
-1.0
-1.0
515.0
-0.716919298771
-0.237700903789
1.94980911598
431.0
5.290000000000000000e+02 
5.280000000000000000e+02 
0.0
-1.0
-1.0
516.0
-0.717872359802
-0.226242094147
2.09337615272
432.0
5.300000000000000000e+02 
5.290000000000000000e+02 
0.0
-1.0
-1.0
517.0
-0.717517257645
-0.221025943647
2.17929253516
433.0
5.310000000000000000e+02 
5.300000000000000000e+02 
0.0
-1.0
-1.0
518.0
-0.72248346091
-0.211797529739
2.32280826429
434.0
5.320000000000000000e+02 
5.310000000000000000e+02 
0.0
-1.0
-1.0
519.0
-0.729914894952
-0.203178527327
2.36692334113
435.0
5.330000000000000000e+02 
5.320000000000000000e+02 
0.0
-1.0
-1.0
520.0
-0.743224235171
-0.188481667817
2.35253776667
436.0
5.340000000000000000e+02 
5.330000000000000000e+02 
0.0
-1.0
-1.0
521.0
-0.75582942703
-0.173101149565
2.30670154192
437.0
5.350000000000000000e+02 
5.340000000000000000e+02 
0.0
-1.0
-1.0
522.0
-0.764328042518
-0.160804888048
2.2914146679
438.0
5.360000000000000000e+02 
5.350000000000000000e+02 
0.0
-1.0
-1.0
523.0
-0.776103423009
-0.144861841833
2.30057714563
439.0
5.370000000000000000e+02 
5.360000000000000000e+02 
0.0
-1.0
-1.0
524.0
-0.784952137089
-0.132940475274
2.32453897613
440.0
5.380000000000000000e+02 
5.370000000000000000e+02 
0.0
-1.0
-1.0
525.0
-0.801464709551
-0.11457703339
2.37300016043
440.0
5.390000000000000000e+02 
5.380000000000000000e+02 
0.0
-1.0
-1.0
526.0
-0.797252802997
-0.117485368367
2.38736069956
441.0
5.400000000000000000e+02 
5.390000000000000000e+02 
0.0
-1.0
-1.0
527.0
-0.807845001602
-0.107240958149
2.42797059453
442.0
5.410000000000000000e+02 
5.400000000000000000e+02 
0.0
-1.0
-1.0
528.0
-0.821883728054
-0.0960442093072
2.51042984639
443.0
5.420000000000000000e+02 
5.410000000000000000e+02 
0.0
-1.0
-1.0
529.0
-0.834245991535
-0.08800022023
2.53703845615
444.0
5.430000000000000000e+02 
5.420000000000000000e+02 
0.0
-1.0
-1.0
530.0
-0.866349261654
-0.07051322664
2.52655276067
445.0
5.440000000000000000e+02 

0.0
-1.0
-1.0
531.0
-0.88899331089
-0.0594380348497
2.64941945107
38.0
5.460000000000000000e+02 
5.450000000000000000e+02 
0.0
-1.0
-1.0
532.0
-0.954711296932
-0.0737390893643
-3.09334183638
385.0
5.480000000000000000e+02 
5.470000000000000000e+02 
0.0
-1.0
-1.0
533.0
-1.12250712124
-0.1587786548
-2.8277999271
389.0
5.500000000000000000e+02 
5.490000000000000000e+02 
0.0
-1.0
-1.0
534.0
-1.5193639211
-0.405716736223
-2.78966682086
391.0
5.530000000000000000e+02 
5.520000000000000000e+02 
0.0
-1.0
-1.0
535.0
-1.59262816732
-0.528064762271
-2.34208362816
395.0
5.550000000000000000e+02 
5.540000000000000000e+02 
0.0
-1.0
-1.0
536.0
-1.64351107532
-0.634407003027
-2.2159736362
398.0
5.580000000000000000e+02 
5.570000000000000000e+02 
0.0
-1.0
-1.0
537.0
-1.64880805298
-0.796644682621
-1.75614041333
402.0
5.600000000000000000e+02 
5.590000000000000000e+02 
0.0
-1.0
-1.0
538.0
-1.63178227103
-0.860712191598
-1.56910390443
446.0
5.620000000000000000e+02 
5.610000000000000000e+02 
0.0
-1.0
-1.0
539.0
-1.62259821376
-0.888426749054
-1.44414919337
447.0
5.630000000000000000e+02 
5.620000000000000000e+02 
0.0
-1.0
-1.0
540.0
-1.61058126127
-0.914506943656
-1.30275745427
448.0
5.640000000000000000e+02 
5.630000000000000000e+02 
0.0
-1.0
-1.0
541.0
-1.59596133364
-0.939802587401
-1.16664026435
449.0
5.650000000000000000e+02 
5.640000000000000000e+02 
0.0
-1.0
-1.0
542.0
-1.57856067595
-0.963971064105
-1.01482737091
450.0
5.660000000000000000e+02 
5.650000000000000000e+02 
0.0
-1.0
-1.0
543.0
-1.56084345303
-0.983944733439
-0.891908677873
451.0
5.670000000000000000e+02 
5.660000000000000000e+02 
0.0
-1.0
-1.0
544.0
-1.53665518089
-1.00718804723
-0.727070872511
452.0
5.680000000000000000e+02 
5.670000000000000000e+02 
0.0
-1.0
-1.0
545.0
-1.51970507349
-1.02212731519
-0.474951681816
405.0
5.700000000000000000e+02 
5.690000000000000000e+02 
0.0
-1.0
-1.0
546.0
-1.50968730269
-1.03259554894
-0.0884973834684
405.0
5.710000000000000000e+02 
5.700000000000000000e+02 
0.0
-1.0
-1.0
547.0
-1.49811550189
-1.02762979234
0.342963943992
406.0
5.720000000000000000e+02 
5.710000000000000000e+02 
0.0
-1.0
-1.0
548.0
-1.47103217098
-1.01219280589
1.79590438091
406.0
5.740000000000000000e+02 
5.730000000000000000e+02 
0.0
-1.0
-1.0
549.0
-1.45461734921
-0.981909393226
1.20696383421
406.0
5.750000000000000000e+02 
5.740000000000000000e+02 
0.0
-1.0
-1.0
550.0
-1.44486519907
-0.980678849357
1.13703301005
407.0
5.760000000000000000e+02 
5.750000000000000000e+02 
0.0
-1.0
-1.0
551.0
-1.41390586955
-0.948711501696
0.947955080294
407.0
5.780000000000000000e+02 
5.770000000000000000e+02 
0.0
-1.0
-1.0
552.0
-1.3764345004
-0.893642274209
1.18336772032
408.0
5.800000000000000000e+02 
5.790000000000000000e+02 
0.0
-1.0
-1.0
553.0
-1.34833343762
-0.857525448083
1.1525437097
409.0
5.820000000000000000e+02 
5.810000000000000000e+02 
0.0
-1.0
-1.0
554.0
-1.27574549265
-0.738256952998
1.15517990124
412.0
5.860000000000000000e+02 
5.850000000000000000e+02 
0.0
-1.0
-1.0
555.0
-1.2371867076
-0.702542734187
1.06699276601
413.0
5.880000000000000000e+02 
5.870000000000000000e+02 
0.0
-1.0
-1.0
556.0
-1.21342883019
-0.675736106579
1.01181990498
414.0
5.900000000000000000e+02 
5.890000000000000000e+02 
0.0
-1.0
-1.0
557.0
-1.18369762529
-0.646859470307
0.944537506871
415.0
5.920000000000000000e+02 
5.910000000000000000e+02 
0.0
-1.0
-1.0
558.0
-1.09080176741
-0.587228844999
0.69870413262
418.0
5.950000000000000000e+02 
5.940000000000000000e+02 
0.0
-1.0
-1.0
559.0
-1.04100634474
-0.563157377217
0.626253187885
419.0
5.970000000000000000e+02 
5.960000000000000000e+02 
0.0
-1.0
-1.0
560
-1.49499813598
-1.49332295912
-0.0963981912874
453
5.990000000000000000e+02 
6.930000000000000000e+02 
0
-1
-1
561
-1.5127135152
-1.44895457994
2.36980978447
453
6.000000000000000000e+02 
5.990000000000000000e+02 
0
-1
-1
562
-1.511228707
-1.43717430587
2.3759920739
454
6.010000000000000000e+02 
6.000000000000000000e+02 
0
-1
-1
563
-1.53137182657
-1.40505301756
2.38997886346
454
6.020000000000000000e+02 
6.010000000000000000e+02 
0
-1
-1
564
-1.54817577525
-1.37684410881
2.40572020063
455
6.030000000000000000e+02 6.940000000000000000e+02 
6.020000000000000000e+02 
0
-1
-1
565
-1.57867418167
-1.34720421378
2.54786885058
456
6.040000000000000000e+02 6.960000000000000000e+02 
6.030000000000000000e+02 6.950000000000000000e+02 
0
-1
-1
566
-1.59751578905
-1.33125629308
2.70117368469
457
6.050000000000000000e+02 
6.040000000000000000e+02 6.970000000000000000e+02 
0
-1
-1
567
-1.62167741552
-1.30457804982
2.64365668836
457
6.060000000000000000e+02 
6.050000000000000000e+02 
0
-1
-1
568
-1.63871945759
-1.28540903835
2.7118255584
458
6.070000000000000000e+02 
6.060000000000000000e+02 
0
-1
-1
569
-1.66531885912
-1.26253247946
2.6909990855
458
6.080000000000000000e+02 
6.070000000000000000e+02 
0
-1
-1
570
-1.68023522883
-1.24584253813
2.74782728412
459
6.090000000000000000e+02 
6.080000000000000000e+02 
0
-1
-1
571
-1.69611617062
-1.23112516972
2.85876016462
460
6.100000000000000000e+02 
6.090000000000000000e+02 
0
-1
-1
572
-1.72478143729
-1.21315293151
2.84324773328
460
6.110000000000000000e+02 
6.100000000000000000e+02 
0
-1
-1
573
-1.72459471207
-1.20389926583
2.84248999234
461
6.120000000000000000e+02 
6.110000000000000000e+02 
0
-1
-1
574
-1.75305072535
-1.18603389786
2.85393694007
461
6.130000000000000000e+02 
6.120000000000000000e+02 
0
-1
-1
575
-1.75755234095
-1.17563915088
2.86278857074
462
6.140000000000000000e+02 
6.130000000000000000e+02 
0
-1
-1
576
-1.78649001094
-1.15971610489
2.97109487477
462
6.150000000000000000e+02 
6.140000000000000000e+02 
0
-1
-1
577
-1.78992501442
-1.15089382679
3.00350583868
463
6.160000000000000000e+02 
6.150000000000000000e+02 
0
-1
-1
578
-1.82147897927
-1.13896775069
3.10402144526
463
6.170000000000000000e+02 
6.160000000000000000e+02 
0
-1
-1
579
-1.83621663324
-1.13041833889
3.08149167356
464
6.180000000000000000e+02 
6.170000000000000000e+02 
0
-1
-1
580
-1.84823977233
-1.12311261482
-3.08111880819
465
6.190000000000000000e+02 
6.180000000000000000e+02 
0
-1
-1
581
-1.87655052229
-1.11921281352
-3.03463941378
465
6.200000000000000000e+02 
6.190000000000000000e+02 
0
-1
-1
582
-1.88194319448
-1.11342498084
-2.95680548203
466
6.210000000000000000e+02 
6.200000000000000000e+02 
0
-1
-1
583
-1.89671202174
-1.11117034605
-2.83096704796
467
6.220000000000000000e+02 
6.210000000000000000e+02 
0
-1
-1
584
-1.92449617238
-1.11620228135
-2.75572414991
468
6.230000000000000000e+02 
6.220000000000000000e+02 
0
-1
-1
585
-1.93767097743
-1.11790771093
-2.62112682944
469
6.240000000000000000e+02 
6.230000000000000000e+02 
0
-1
-1
586
-1.94420853081
-1.11792322798
-2.53017513123
470
6.250000000000000000e+02 
6.240000000000000000e+02 
0
-1
-1
587
-1.94990739095
-1.11890957013
-2.43311910295
471
6.260000000000000000e+02 
6.250000000000000000e+02 
0
-1
-1
588
-1.95510381998
-1.12106669866
-2.34830879523
472
6.270000000000000000e+02 
6.260000000000000000e+02 
0
-1
-1
589
-1.95728003616
-1.1214108267
-2.27919426148
473
6.280000000000000000e+02 
6.270000000000000000e+02 
0
-1
-1
590
-1.96086299965
-1.1249241134
-2.19177555784
474
6.290000000000000000e+02 
6.280000000000000000e+02 
0
-1
-1
591
-1.96183013871
-1.12636049556
-2.11915274305
475
6.300000000000000000e+02 
6.290000000000000000e+02 
0
-1
-1
592
-1.96371867913
-1.13124205008
-2.02642587832
476
6.310000000000000000e+02 
6.300000000000000000e+02 
0
-1
-1
593
-1.9619796914
-1.13033020977
-1.98174502726
477
6.320000000000000000e+02 
6.310000000000000000e+02 
0
-1
-1
594
-1.96056464583
-1.13084732284
-1.96056025573
478
6.330000000000000000e+02 
6.320000000000000000e+02 
0
-1
-1
595
-1.96006143391
-1.13303135764
-1.98737163177
479
6.340000000000000000e+02 
6.330000000000000000e+02 
0
-1
-1
596
-1.96198940117
-1.13953535013
-2.02902922544
480
6.350000000000000000e+02 
6.340000000000000000e+02 
0
-1
-1
597
-1.96209696905
-1.14140642869
-2.05498310874
481
6.360000000000000000e+02 
6.350000000000000000e+02 
0
-1
-1
598
-1.96250955568
-1.14321373578
-2.08618335546
482
6.370000000000000000e+02 
6.360000000000000000e+02 
0
-1
-1
599
-1.96586934671
-1.14919069956
-2.12868004112
483
6.380000000000000000e+02 
6.370000000000000000e+02 
0
-1
-1
600
-1.96416456917
-1.14652620072
-2.14417324281
484
6.390000000000000000e+02 
6.380000000000000000e+02 
0
-1
-1
601
-1.97083936504
-1.15616454779
-2.1718630391
485
6.400000000000000000e+02 
6.390000000000000000e+02 
0
-1
-1
602
-1.97761551053
-1.16565433015
-2.1742495099
486
6.410000000000000000e+02 
6.400000000000000000e+02 
0
-1
-1
603
-1.9789667923
-1.16720255771
-2.1740327364
487
6.420000000000000000e+02 
6.410000000000000000e+02 
0
-1
-1
604
-1.98016745675
-1.16852827059
-2.17466280091
488
6.430000000000000000e+02 
6.420000000000000000e+02 
0
-1
-1
605
-1.98425866868
-1.17421336543
-2.16573978677
489
6.440000000000000000e+02 
6.430000000000000000e+02 
0
-1
-1
606
-1.98824587343
-1.17994322947
-2.15766377823
490
6.450000000000000000e+02 
6.440000000000000000e+02 
0
-1
-1
607
-1.99208403958
-1.1858046704
-2.14343486037
491
6.460000000000000000e+02 
6.450000000000000000e+02 
0
-1
-1
608
-1.99320231524
-1.18768070935
-2.13535311896
492
6.470000000000000000e+02 
6.460000000000000000e+02 
0
-1
-1
609
-1.99417001505
-1.18962178464
-2.1194186404
493
6.480000000000000000e+02 
6.470000000000000000e+02 
0
-1
-1
610
-1.995038845
-1.19159260773
-2.10958151155
494
6.490000000000000000e+02 
6.480000000000000000e+02 
0
-1
-1
611
-1.99582661547
-1.19358008673
-2.10234181972
495
6.500000000000000000e+02 
6.490000000000000000e+02 
0
-1
-1
612
-1.99650404206
-1.19571401236
-2.08374965249
496
6.510000000000000000e+02 
6.500000000000000000e+02 
0
-1
-1
613
-1.99712986077
-1.19801461729
-2.07210509764
497
6.520000000000000000e+02 
6.510000000000000000e+02 
0
-1
-1
614
-1.9999930482
-1.2046408686
-2.0613582431
498
6.530000000000000000e+02 
6.520000000000000000e+02 
0
-1
-1
615
-2.00261411331
-1.21152732445
-2.04100917679
499
6.540000000000000000e+02 
6.530000000000000000e+02 
0
-1
-1
616
-2.00498479991
-1.21833403328
-2.02500798657
500
6.550000000000000000e+02 
6.540000000000000000e+02 
0
-1
-1
617
-2.00722509572
-1.22549849638
-2.01080476014
501
6.560000000000000000e+02 
6.550000000000000000e+02 
0
-1
-1
618
-2.00928290023
-1.23270788216
-1.99919958496
502
6.570000000000000000e+02 
6.560000000000000000e+02 
0
-1
-1
619
-2.00909937441
-1.23534699333
-1.98844254819
503
6.580000000000000000e+02 
6.570000000000000000e+02 
0
-1
-1
620
-2.01077125762
-1.2425889032
-1.97248373654
504
6.590000000000000000e+02 
6.580000000000000000e+02 
0
-1
-1
621
-2.01041682275
-1.24548646782
-1.95822323627
505
6.600000000000000000e+02 
6.590000000000000000e+02 
0
-1
-1
622
-2.01355523272
-1.25760497835
-1.94401113307
506
6.610000000000000000e+02 
6.600000000000000000e+02 
0
-1
-1
623
-2.00908140296
-1.25411201826
-1.96402795895
507
6.620000000000000000e+02 

0
-1
-1
624
-2.01095171816
-1.25881674873
-1.95007494439
508
6.630000000000000000e+02 
6.620000000000000000e+02 
0
-1
-1
625
-2.02120341689
-1.28819912646
-1.91159054011
509
6.650000000000000000e+02 
6.640000000000000000e+02 
0
-1
-1
626
-2.03208986873
-1.39112374175
-1.78935875468
510
6.670000000000000000e+02 
6.660000000000000000e+02 
0
-1
-1
627
-2.02834378642
-1.39043456157
-1.75801660714
511
6.680000000000000000e+02 
6.670000000000000000e+02 
0
-1
-1
628
-2.02466718723
-1.39495221958
-1.66482407479
512
6.690000000000000000e+02 
6.680000000000000000e+02 
0
-1
-1
629
-2.01978035778
-1.39962702367
-1.57683171426
513
6.700000000000000000e+02 
6.690000000000000000e+02 
0
-1
-1
630
-2.01328963238
-1.40757576928
-1.45571577732
514
6.710000000000000000e+02 
6.700000000000000000e+02 
0
-1
-1
631
-2.00476640898
-1.41506847152
-1.33199871696
515
6.720000000000000000e+02 
6.710000000000000000e+02 
0
-1
-1
632
-1.98857776251
-1.4412454057
-1.27021431095
515
6.730000000000000000e+02 
6.720000000000000000e+02 
0
-1
-1
633
-1.98170148635
-1.43734305192
-1.2719841933
516
6.740000000000000000e+02 
6.730000000000000000e+02 
0
-1
-1
634
-1.96466066937
-1.45817193675
-1.14483557567
517
6.750000000000000000e+02 
6.740000000000000000e+02 
0
-1
-1
635
-1.94522234942
-1.47947015798
-1.06743755726
517
6.760000000000000000e+02 
6.750000000000000000e+02 
0
-1
-1
636
-1.93641429076
-1.47653197273
-1.0212737364
518
6.770000000000000000e+02 
6.760000000000000000e+02 
0
-1
-1
637
-1.91233060169
-1.49545473783
-0.945658638547
518
6.780000000000000000e+02 
6.770000000000000000e+02 
0
-1
-1
638
-1.90076387499
-1.49469914385
-0.887311772743
519
6.790000000000000000e+02 
6.780000000000000000e+02 
0
-1
-1
639
-1.88619797979
-1.49605569453
-0.792282908279
520
6.800000000000000000e+02 
6.790000000000000000e+02 
0
-1
-1
640
-1.85682145305
-1.51062300526
-0.740947065322
520
6.810000000000000000e+02 
6.800000000000000000e+02 
0
-1
-1
641
-1.8412868006
-1.51031611361
-0.65201003119
521
6.820000000000000000e+02 
6.810000000000000000e+02 
0
-1
-1
642
-1.822021854
-1.51101027928
-0.543889542022
522
6.830000000000000000e+02 
6.820000000000000000e+02 
0
-1
-1
643
-1.79864964038
-1.51136406777
-0.39998621971
523
6.840000000000000000e+02 
6.830000000000000000e+02 
0
-1
-1
644
-1.78040130922
-1.50747089649
-0.315382191016
524
6.850000000000000000e+02 
6.840000000000000000e+02 
0
-1
-1
645
-1.74005458691
-1.50982596186
-0.333059745158
524
6.860000000000000000e+02 
6.850000000000000000e+02 
0
-1
-1
646
-1.7270023484
-1.50397544219
-0.31650315192
525
6.870000000000000000e+02 
6.860000000000000000e+02 
0
-1
-1
647
-1.68846528211
-1.50624885896
-0.312292565244
525
6.880000000000000000e+02 
6.870000000000000000e+02 
0
-1
-1
648
-1.67546284491
-1.50020651734
-0.29222600115
526
6.890000000000000000e+02 
6.880000000000000000e+02 
0
-1
-1
649
-1.6422916313
-1.49771567618
-0.193700417322
527
6.900000000000000000e+02 
6.890000000000000000e+02 
0
-1
-1
650
-1.60319197628
-1.49594837762
-0.192071016408
528
6.910000000000000000e+02 
6.900000000000000000e+02 
0
-1
-1
651
-1.56872256278
-1.49277853657
-0.166866175093
529
6.920000000000000000e+02 
6.910000000000000000e+02 
0
-1
-1
652
-1.52928578537
-1.48952009719
-0.132073713182
530
6.930000000000000000e+02 
6.920000000000000000e+02 
0
-1
-1
653
-1.56424347865
-1.35843584601
2.43274718201
455
6.950000000000000000e+02 
6.940000000000000000e+02 
0
-1
-1
654
-1.58852111796
-1.33573539274
2.63802629747
456
6.970000000000000000e+02 
6.960000000000000000e+02 
0
-1
-1
-
570.0
569.0
