0.0
5.0
5.0
18.0
1.0
0.000000000000000000e+00 1.000000000000000000e+00 
1.0
4.86438103979
1.58730108897
18.5269777909
1.0
2.000000000000000000e+00 3.000000000000000000e+00 4.020000000000000000e+02 
2.0
4.56590782909
9.11425520357
18.67407477
1.0
4.000000000000000000e+00 5.000000000000000000e+00 
3.0
4.263375183
5.96783085159
18.6694512799
1.0
6.000000000000000000e+00 7.000000000000000000e+00 4.030000000000000000e+02 
4.0
3.94118343197
2.49431242759
18.6245236723
1.0
8.000000000000000000e+00 9.000000000000000000e+00 
5.0
3.70568462404
10.9673825763
18.6870366132
1.0
1.000000000000000000e+01 
6.0
3.49509685749
8.77626666885
18.6617632427
1.0
1.100000000000000000e+01 
7.0
3.34717258464
7.21653548397
18.6702444835
1.0
1.200000000000000000e+01 
8.0
3.22344212124
5.95168345087
18.669724819
1.0
1.300000000000000000e+01 
9.0
3.13027113216
5.00681508893
18.6745098005
1.0
1.400000000000000000e+01 
10.0
3.012114626
3.75551965101
18.6735159747
1.0
1.500000000000000000e+01 
11.0
2.88760447292
2.5033645861
18.6904421609
1.0
1.600000000000000000e+01 
12.0
2.79095951898
1.56233115527
18.6867520634
1.0
1.700000000000000000e+01 
13.0
2.66658970593
0.299464379573
18.711899505
1.0
1.800000000000000000e+01 
14.0
2.53954896309
10.0451816174
18.7612254255
1.0
1.900000000000000000e+01 
15.0
2.39955856813
8.78538845634
18.8331554569
1.0
2.000000000000000000e+01 
16.0
2.2841861396
7.84844589476
18.88227658
1.0
2.100000000000000000e+01 
17.0
2.16219182605
6.91150555197
18.9595926337
1.0
2.200000000000000000e+01 
18.0
1.93794950637
5.35528866903
19.0750315508
1.0
2.300000000000000000e+01 2.400000000000000000e+01 
19.0
1.50175069634
2.86789683234
19.2525543268
1.0
2.500000000000000000e+01 4.220000000000000000e+02 
20.0
1.1313723244
1.02221811931
19.3806209801
1.0
2.600000000000000000e+01 
21.0
0.91972809646
10.8366867255
19.3937355452
1.0
2.700000000000000000e+01 
22.0
0.781884709207
9.90610856444
19.4651001382
1.0
2.800000000000000000e+01 
23.0
0.634484352265
8.96126513904
19.4895718184
1.0
2.900000000000000000e+01 
24.0
0.294852236541
7.39763554691
19.582877467
1.0
3.000000000000000000e+01 
25.0
10.9832006054
6.191733682
19.6401493081
1.0
3.100000000000000000e+01 3.200000000000000000e+01 
26.0
10.3259921973
3.76681885909
19.9345067336
1.0
3.300000000000000000e+01 3.400000000000000000e+01 
27.0
9.41510093934
1.20237302328
20.2030341931
1.0
3.500000000000000000e+01 3.600000000000000000e+01 
28.0
8.28801598002
10.1126051331
20.3433341584
1.0
3.700000000000000000e+01 3.800000000000000000e+01 
29.0
7.32172798061
7.77914719851
20.3388153461
1.0
3.900000000000000000e+01 4.240000000000000000e+02 
30.0
6.64141604966
6.04597179094
20.3218291889
1.0
4.000000000000000000e+01 
31.0
5.85497297244
4.02869742925
20.2615722995
1.0
4.100000000000000000e+01 
32.0
5.29530080465
2.55890799311
20.2007844748
1.0
4.200000000000000000e+01 4.250000000000000000e+02 
33.0
4.86866538808
1.38448317924
20.1374211465
1.0
4.300000000000000000e+01 
34.0
4.45554977498
0.212292042194
20.0936593972
1.0
4.400000000000000000e+01 
35.0
4.14835958828
10.3231788254
20.0042046253
1.0
4.500000000000000000e+01 
36.0
3.86997764026
9.44482894925
19.9381156131
1.0
4.600000000000000000e+01 4.260000000000000000e+02 
37.0
3.24228864532
7.35226483111
19.7753434711
1.0
4.700000000000000000e+01 4.270000000000000000e+02 
38.0
2.74896603921
5.53340100826
19.6473622437
1.0
4.800000000000000000e+01 5.310000000000000000e+02 
39.0
2.43788040505
4.33120652489
19.6815914528
1.0
4.900000000000000000e+01 
40.0
2.03611285669
2.81887106621
19.6551247672
1.0
5.000000000000000000e+01 
41.0
1.71777520801
1.59021000832
19.6460231184
1.0
5.100000000000000000e+01 
42.0
1.42078496134
0.388522130517
19.6103631784
1.0
5.200000000000000000e+01 
43.0
1.14462581172
10.1749686639
19.563933386
1.0
5.300000000000000000e+01 
44.0
0.993387670362
9.36744149823
19.4119605305
1.0
5.400000000000000000e+01 
45.0
0.785538666916
8.21276982358
19.2937176618
1.0
5.500000000000000000e+01 
46.0
0.600199636872
7.28780569669
19.2663754481
1.0
5.600000000000000000e+01 
47.0
0.409286469474
6.36542090001
19.2497297638
1.0
5.700000000000000000e+01 
48.0
0.287117852009
5.73790544341
19.3292282896
1.0
5.800000000000000000e+01 
49.0
0.160597329222
5.12683182124
19.343399956
1.0
5.900000000000000000e+01 
50.0
0.0371919824866
4.5034678075
19.3449024664
1.0
6.000000000000000000e+01 
51.0
10.9150248531
3.90064424909
19.3313969642
1.0
6.100000000000000000e+01 
52.0
10.7950287653
3.28464016178
19.3317937685
1.0
6.200000000000000000e+01 
53.0
10.609579143
2.37507044621
19.3050532026
1.0
6.300000000000000000e+01 
54.0
10.4833852705
1.77382025087
19.2512659617
1.0
6.400000000000000000e+01 
55.0
10.3225051252
0.951389446221
19.1328790679
1.0
6.500000000000000000e+01 
56.0
10.2312439126
0.461756017067
19.0791544401
1.0
6.600000000000000000e+01 
57.0
10.1078658994
10.7286580471
18.8904842275
1.0
6.700000000000000000e+01 
58.0
10.0329688136
10.2059377369
18.8223580611
1.0
6.800000000000000000e+01 
59.0
9.96072545071
9.5743267585
18.7108501175
1.0
6.900000000000000000e+01 
60.0
9.8900980467
8.88220669621
18.631837422
1.0
7.000000000000000000e+01 
61.0
9.85880052424
8.5241648505
18.6197712802
1.0
7.100000000000000000e+01 
62.0
9.7988572867
7.85179605092
18.557000897
1.0
7.200000000000000000e+01 
63.0
9.75146999758
7.20588772708
18.5006494681
1.0
7.300000000000000000e+01 
64.0
9.70504200023
6.57490277848
18.468823328
1.0
7.400000000000000000e+01 
65.0
9.66524936441
5.9445553095
18.4375768547
1.0
7.500000000000000000e+01 
66.0
9.62386390329
5.31181545292
18.3848086344
1.0
7.600000000000000000e+01 
67.0
9.58726439095
4.68384750537
18.387245806
1.0
7.700000000000000000e+01 
68.0
9.54740361556
4.04873521551
18.3686443919
1.0
7.800000000000000000e+01 
69.0
9.51230221693
3.43002280785
18.364432591
1.0
7.900000000000000000e+01 
70.0
9.49164912355
3.10269415853
18.3631613114
1.0
8.000000000000000000e+01 
71.0
9.47912136922
2.75735240693
18.9065586051
1.0
8.100000000000000000e+01 
72.0
9.47898987192
2.74581085729
19.4326025547
1.0
8.200000000000000000e+01 
73.0
9.47886332438
2.75204604967
19.9636173116
1.0
8.300000000000000000e+01 
74.0
9.4813977641
2.75128665844
20.4848319896
1.0
8.400000000000000000e+01 
75.0
9.48112446572
2.75111517675
21.0198225391
1.0
8.500000000000000000e+01 
76.0
9.47890836039
2.74430238078
21.8213217004
1.0
8.600000000000000000e+01 
77.0
9.48170825783
2.73974847093
22.3576793434
1.0
8.700000000000000000e+01 
78.0
9.48114166032
2.74183033655
22.8790803994
1.0
8.800000000000000000e+01 
79.0
9.47983544093
2.73440259126
23.403867573
1.0
8.900000000000000000e+01 
80.0
9.48017161552
2.73605006755
23.6668988244
1.0
9.000000000000000000e+01 
81.0
9.48171347719
2.72866233912
25.792234132
1.0
9.100000000000000000e+01 
82.0
9.48514789322
2.7242029712
26.3295052883
1.0
9.200000000000000000e+01 
83.0
9.48193283476
2.72524104281
26.8602425046
1.0
9.300000000000000000e+01 
84.0
9.48303932576
2.72235123307
27.1308977787
1.0
9.400000000000000000e+01 
85.0
9.48625522885
2.72076060645
27.395428665
1.0
9.500000000000000000e+01 
86.0
9.48584339266
2.72154041334
27.6736146824
1.0
9.600000000000000000e+01 
87.0
9.49180234714
2.72029344275
27.9402318095
1.0
9.700000000000000000e+01 
88.0
9.49155940896
2.71711862757
28.2134303291
1.0
9.800000000000000000e+01 
89.0
9.49161692371
2.71738229982
28.4618974966
1.0
9.900000000000000000e+01 
90.0
9.48550185591
2.71920250557
28.721708151
1.0
1.000000000000000000e+02 
91.0
9.48671914936
2.71470033677
29.2546209772
1.0
1.010000000000000000e+02 
92.0
9.48672454785
2.71540690387
29.7893675369
1.0
1.020000000000000000e+02 
93.0
9.48708197313
2.71375834491
30.0764177122
1.0
1.030000000000000000e+02 
94.0
9.48726757214
2.71130995164
30.3315625544
1.0
1.040000000000000000e+02 
95.0
9.4871605318
2.71186015729
30.8678514949
1.0
1.050000000000000000e+02 
96.0
9.00046176398
3.09370711229
31.02059555
1.0
1.060000000000000000e+02 
97.0
8.50587554647
3.50338999886
32.1075250684
1.0
1.070000000000000000e+02 
98.0
8.18575009023
3.99212285172
32.7544956572
1.0
1.080000000000000000e+02 
99.0
7.51559840428
5.13054064438
32.6022289024
1.0
1.090000000000000000e+02 
100.0
7.05278559221
5.78580857499
32.1261415357
1.0
1.100000000000000000e+02 
101.0
6.54530806936
6.40030826643
31.6776628446
1.0
1.110000000000000000e+02 
102.0
5.97992702897
6.97654301305
31.1902578622
1.0
1.120000000000000000e+02 
103.0
5.68932661634
7.23425785772
30.9607183496
1.0
1.130000000000000000e+02 
104.0
5.0558937525
7.71844963874
30.4978923937
1.0
1.140000000000000000e+02 
105.0
4.36914369858
8.15077873523
30.0572046695
1.0
1.150000000000000000e+02 
106.0
3.65122663062
8.52612673026
29.5668857065
1.0
1.160000000000000000e+02 
107.0
2.89908773063
8.83627333378
29.0688408945
1.0
1.170000000000000000e+02 
108.0
2.32859417517
9.02167330917
28.7156436141
1.0
1.180000000000000000e+02 
109.0
1.54570771998
9.21073640982
28.1954612961
1.0
1.190000000000000000e+02 1.200000000000000000e+02 
110.0
10.0810406703
9.44632125014
27.4946457565
1.0
1.210000000000000000e+02 
111.0
9.23268205569
9.42049157012
26.9809045265
1.0
1.220000000000000000e+02 
112.0
7.40653009302
9.38823592526
26.8295990086
1.0
1.230000000000000000e+02 
113.0
6.58719525967
9.35183759824
26.3637796661
1.0
1.240000000000000000e+02 
114.0
4.71563111354
9.17457791167
26.0457770369
1.0
1.250000000000000000e+02 
115.0
4.11352833609
9.07889699201
25.7130106547
1.0
1.260000000000000000e+02 1.270000000000000000e+02 4.410000000000000000e+02 4.420000000000000000e+02 
116.0
1.89741566408
8.59478437947
25.2018748206
1.0
1.280000000000000000e+02 1.290000000000000000e+02 
117.0
9.63528783167
7.54842934512
25.1152126692
1.0
1.300000000000000000e+02 1.310000000000000000e+02 
118.0
6.74789073566
6.47288780987
24.5855317317
1.0
1.320000000000000000e+02 1.330000000000000000e+02 4.430000000000000000e+02 
119.0
3.34406842284
4.98118576989
24.3107495806
1.0
1.340000000000000000e+02 1.350000000000000000e+02 
120.0
0.0172783204436
3.36346399766
24.0967864801
1.0
1.360000000000000000e+02 1.370000000000000000e+02 
121.0
8.02722213139
1.77197988849
23.9063012891
1.0
1.380000000000000000e+02 1.390000000000000000e+02 
122.0
5.11341169212
0.0771774993252
23.8084262122
1.0
1.400000000000000000e+02 1.410000000000000000e+02 4.440000000000000000e+02 
123.0
2.15733639913
9.26987465952
23.4963919081
1.0
1.420000000000000000e+02 1.430000000000000000e+02 
124.0
10.906404418
7.53982705328
23.3301529015
1.0
1.440000000000000000e+02 
125.0
9.13815538102
6.29197064
23.4326437586
1.0
1.450000000000000000e+02 
126.0
7.61975086898
5.26616538504
23.577707618
1.0
1.460000000000000000e+02 
127.0
7.11096133731
4.9299705942
23.6419096488
1.0
1.470000000000000000e+02 
128.0
6.07204077604
4.27326536572
23.7534813367
1.0
1.480000000000000000e+02 
129.0
5.2758642577
3.79735728436
23.8738306758
1.0
1.490000000000000000e+02 
130.0
4.75325223814
3.49904698438
23.9487838824
1.0
1.500000000000000000e+02 
131.0
4.48773936712
3.34893089596
23.995643494
1.0
1.510000000000000000e+02 
132.0
3.94675255484
3.04952257384
24.0684764505
1.0
1.520000000000000000e+02 
133.0
3.66956540871
2.90850791459
24.1190246894
1.0
1.530000000000000000e+02 
134.0
3.42514389115
2.79502700469
24.7145129666
1.0
1.540000000000000000e+02 
135.0
3.1552906408
2.70273542734
25.2824472002
1.0
1.550000000000000000e+02 
136.0
2.54694046758
2.5370053475
25.4440554807
1.0
1.560000000000000000e+02 
137.0
1.93497066633
2.38942174049
25.5822264056
1.0
1.570000000000000000e+02 
138.0
1.61459505131
2.3172042522
25.632217863
1.0
1.580000000000000000e+02 
139.0
1.00982513229
2.19059395627
25.7538919402
1.0
1.590000000000000000e+02 
140.0
0.393201567808
2.08193683686
25.8505809093
1.0
1.600000000000000000e+02 
141.0
0.0118636698221
2.0215970228
26.217731392
1.0
1.610000000000000000e+02 
142.0
0.0316662822556
2.03155698691
26.7324915408
1.0
1.620000000000000000e+02 
143.0
10.122002154
2.0560200201
27.131433565
1.0
1.630000000000000000e+02 
144.0
8.20207312615
2.13761744222
27.458648092
1.0
1.640000000000000000e+02 
145.0
6.94262474071
2.24344174304
27.6729467669
1.0
1.650000000000000000e+02 
146.0
5.6984768318
2.37873408309
27.8562680532
1.0
1.660000000000000000e+02 
147.0
4.44311303304
2.55350931967
28.060934054
1.0
1.670000000000000000e+02 
148.0
2.91221581084
2.81500861459
28.2695963402
1.0
1.680000000000000000e+02 1.690000000000000000e+02 
149.0
0.453559222346
3.34637805005
28.6368042393
1.0
1.700000000000000000e+02 1.710000000000000000e+02 
150.0
8.76273072989
4.14489267313
29.0151805436
1.0
1.720000000000000000e+02 
151.0
6.69792678278
4.85367219952
29.1586047412
1.0
1.730000000000000000e+02 
152.0
4.65135587971
5.58123627216
28.781736559
1.0
1.740000000000000000e+02 
153.0
3.045190663
5.97802907439
28.5079669757
1.0
1.750000000000000000e+02 
154.0
1.21875769107
6.39939782958
28.5042518305
1.0
1.760000000000000000e+02 
155.0
10.8898771061
6.70719023845
28.2210677557
1.0
1.770000000000000000e+02 
156.0
9.75670649589
6.90646782432
28.1191742111
1.0
1.780000000000000000e+02 
157.0
8.83235028438
7.05824005197
28.111266666
1.0
1.790000000000000000e+02 
158.0
7.50493523082
7.26437798832
27.8134684742
1.0
1.800000000000000000e+02 
159.0
6.38050885775
7.39475001588
27.7637045079
1.0
1.810000000000000000e+02 
160.0
5.45489127984
7.49526994004
27.7870676103
1.0
1.820000000000000000e+02 
161.0
4.51348900245
7.60104359073
27.7774142118
1.0
1.830000000000000000e+02 
162.0
3.57644990149
7.70447804672
27.7665752703
1.0
1.840000000000000000e+02 
163.0
2.33044350894
7.84098250219
27.7250085857
1.0
1.850000000000000000e+02 
164.0
1.06664224262
7.97073235446
27.6552109664
1.0
1.860000000000000000e+02 
165.0
10.8025806828
8.08115266803
27.5877741643
1.0
1.870000000000000000e+02 
166.0
9.54794289461
8.18151760354
27.5267287355
1.0
1.880000000000000000e+02 
167.0
8.59543864719
8.25239302965
27.4803193248
1.0
1.890000000000000000e+02 
168.0
7.96564481134
8.29194205841
27.4307471449
1.0
1.900000000000000000e+02 
169.0
7.01644119059
8.35205525718
27.3965863039
1.0
1.910000000000000000e+02 
170.0
6.07038883648
8.40851680832
27.3296823824
1.0
1.920000000000000000e+02 
171.0
5.12998158088
8.45756001749
27.3113509735
1.0
1.930000000000000000e+02 
172.0
4.1794880591
8.50286378156
27.2458673395
1.0
1.940000000000000000e+02 
173.0
3.55732141861
8.52662672536
27.2176479172
1.0
1.950000000000000000e+02 
174.0
3.24036780903
8.53977376302
27.2161482976
1.0
1.960000000000000000e+02 
175.0
2.29159586897
8.5706861971
27.1282901365
1.0
1.970000000000000000e+02 
176.0
1.34663043051
8.58777908702
27.1051798399
1.0
1.980000000000000000e+02 
177.0
0.395635600035
8.59005908646
27.0755645183
1.0
1.990000000000000000e+02 
178.0
10.4523780034
8.57777238641
27.0599175254
1.0
2.000000000000000000e+02 
179.0
9.8194197317
8.56527659424
27.0069377672
1.0
2.010000000000000000e+02 
180.0
8.87038303593
8.55416396553
26.9862600459
1.0
2.020000000000000000e+02 
181.0
7.9129333495
8.54510715584
26.9540034559
1.0
2.030000000000000000e+02 
182.0
6.96380653462
8.53438925034
26.9267706914
1.0
2.040000000000000000e+02 
183.0
5.70764037218
8.51412816855
26.8777126681
1.0
2.050000000000000000e+02 
184.0
4.76219116346
8.4918628465
26.8794419522
1.0
2.060000000000000000e+02 
185.0
3.81320472931
8.46856369237
26.8505491116
1.0
2.070000000000000000e+02 
186.0
2.8640506428
8.44175875339
26.8192974674
1.0
2.080000000000000000e+02 
187.0
1.60053771201
8.40090712556
26.8090913515
1.0
2.090000000000000000e+02 
188.0
0.333606963101
8.35067443356
26.8113824174
1.0
2.100000000000000000e+02 
189.0
10.3847072809
8.30680690708
26.8032105077
1.0
2.110000000000000000e+02 
190.0
9.43621288306
8.26983631995
26.7814008705
1.0
2.120000000000000000e+02 
191.0
8.48033217082
8.23916378995
26.7851637653
1.0
2.130000000000000000e+02 
192.0
7.21221744251
8.2029672964
26.7954140849
1.0
2.140000000000000000e+02 
193.0
6.26925919484
8.18110154363
26.8666440189
1.0
2.150000000000000000e+02 
194.0
5.32614952723
8.1691363081
26.8886246619
1.0
2.160000000000000000e+02 
195.0
4.06030254024
8.15592110716
26.8956772041
1.0
2.170000000000000000e+02 
196.0
3.10720001084
8.14666724916
26.9094098752
1.0
2.180000000000000000e+02 
197.0
1.52554558518
8.1344233051
26.9018489715
1.0
2.190000000000000000e+02 
198.0
0.257041334618
8.11858805924
26.9425726602
1.0
2.200000000000000000e+02 
199.0
9.68085896229
8.10642905856
27.0056371837
1.0
2.210000000000000000e+02 
200.0
8.72808406925
8.10938931613
27.0465650633
1.0
2.220000000000000000e+02 
201.0
7.77235028648
8.11854432797
27.1040777994
1.0
2.230000000000000000e+02 
202.0
6.82318767836
8.13795825816
27.1544700601
1.0
2.240000000000000000e+02 
203.0
5.86475618497
8.16464165651
27.2235271831
1.0
2.250000000000000000e+02 
204.0
4.60841793742
8.21568876437
27.3581302465
1.0
2.260000000000000000e+02 
205.0
3.66464505298
8.27138324588
27.4558999419
1.0
2.270000000000000000e+02 
206.0
2.72376158009
8.33935189161
27.5668378898
1.0
2.280000000000000000e+02 
207.0
2.10498881868
8.38873238322
27.6631228433
1.0
2.290000000000000000e+02 
208.0
1.49125584211
8.44770290325
27.7220928908
1.0
2.300000000000000000e+02 
209.0
0.854296412068
8.51215924613
27.7932966075
1.0
2.310000000000000000e+02 
210.0
0.543889829663
8.54563067049
27.8366055955
1.0
2.320000000000000000e+02 
211.0
10.9297392106
8.61347178906
27.9175695491
1.0
2.330000000000000000e+02 
212.0
10.5481606605
8.65608431339
28.2979765703
1.0
2.340000000000000000e+02 
213.0
10.5845818027
8.63795513148
28.804917045
1.0
2.350000000000000000e+02 
214.0
10.3170742726
8.71877158079
29.1179935542
1.0
2.360000000000000000e+02 
215.0
9.70400503876
8.90913912104
29.1778235587
1.0
2.370000000000000000e+02 
216.0
9.11279101457
9.08610253253
29.2493931024
1.0
2.380000000000000000e+02 
217.0
8.52070510183
9.2796099371
29.3220147658
1.0
2.390000000000000000e+02 
218.0
7.91884498021
9.50301711494
29.4145792282
1.0
2.400000000000000000e+02 
219.0
7.34586667367
9.74316649893
29.5476256094
1.0
2.410000000000000000e+02 
220.0
7.06010479251
9.86909471793
29.5801741425
1.0
2.420000000000000000e+02 
221.0
7.0169917247
9.88004225685
30.2135196421
1.0
2.430000000000000000e+02 
222.0
7.02076057281
9.88246054376
30.4687627568
1.0
2.440000000000000000e+02 
223.0
6.57233885798
10.216979739
30.8639094769
1.0
2.450000000000000000e+02 
224.0
5.59442571954
10.9969382502
31.0431665478
1.0
2.460000000000000000e+02 
225.0
5.13071126027
0.38248688699
31.1908342055
1.0
2.470000000000000000e+02 
226.0
4.00796410646
1.4114494483
31.427740088
1.0
2.480000000000000000e+02 
227.0
2.74544186407
2.71637680491
31.7506306255
1.0
2.490000000000000000e+02 
228.0
1.72589304827
3.86609761753
31.9845306113
1.0
2.500000000000000000e+02 
229.0
0.394637253131
5.55006825251
32.2822374234
1.0
2.510000000000000000e+02 2.520000000000000000e+02 
230.0
9.98566306445
7.5541830413
32.5258810792
1.0
2.530000000000000000e+02 
231.0
8.75332820727
9.2523576968
32.6899809717
1.0
2.540000000000000000e+02 2.550000000000000000e+02 
232.0
7.19990982072
0.557121621015
32.7800500455
1.0
2.560000000000000000e+02 
233.0
6.419061633
1.87185640546
32.832948778
1.0
2.570000000000000000e+02 
234.0
5.65141267997
3.19400239646
32.9117790362
1.0
2.580000000000000000e+02 
235.0
4.74672889892
4.80875119391
32.9858423423
1.0
2.590000000000000000e+02 
236.0
3.87037926184
6.44542632906
33.0715660285
1.0
2.600000000000000000e+02 
237.0
2.87396795499
8.35837589421
33.124007499
1.0
2.610000000000000000e+02 
238.0
2.31207474782
9.45564134929
33.1463283595
1.0
2.620000000000000000e+02 
239.0
1.50988037897
0.106429936194
33.1753028446
1.0
2.630000000000000000e+02 2.640000000000000000e+02 
240.0
0.485829137231
2.37192482283
33.2508729276
1.0
2.650000000000000000e+02 
241.0
10.5528731199
4.32128402836
33.3217255094
1.0
2.660000000000000000e+02 
242.0
10.034619375
5.44858611821
33.3910515072
1.0
2.670000000000000000e+02 
243.0
9.40736964626
6.86301133362
33.482648238
1.0
2.680000000000000000e+02 
244.0
8.78592799308
8.26486457029
33.5524431493
1.0
2.690000000000000000e+02 
245.0
8.40308806649
9.09523128498
33.5840036631
1.0
2.700000000000000000e+02 
246.0
8.00576659643
9.93069777177
33.64218339
1.0
2.710000000000000000e+02 
247.0
7.52211210095
0.0802685130125
33.6601378326
1.0
2.720000000000000000e+02 
248.0
7.06280404308
1.23096191641
33.7474140299
1.0
2.730000000000000000e+02 
249.0
6.7421988343
2.11158810401
33.7843395362
1.0
2.740000000000000000e+02 
250.0
6.52606094954
2.69038876073
33.8300636597
1.0
2.750000000000000000e+02 
251.0
6.31422776599
3.26541828346
33.8493167472
1.0
2.760000000000000000e+02 
252.0
6.20516588927
3.56303475303
33.8899996787
1.0
2.770000000000000000e+02 
253.0
5.99999776972
4.14664925915
33.926593882
1.0
2.780000000000000000e+02 
254.0
5.80902902697
4.74279559698
34.0085016215
1.0
2.790000000000000000e+02 
255.0
5.61878835153
5.33105769715
34.0942006923
1.0
2.800000000000000000e+02 
256.0
5.52891081555
5.62945298324
34.1329509159
1.0
2.810000000000000000e+02 
257.0
5.43927254423
5.9192243261
34.1656254889
1.0
2.820000000000000000e+02 
258.0
5.3411976668
6.26811953916
34.5417955264
1.0
2.830000000000000000e+02 
259.0
5.35869052788
6.220591241
35.0385412388
1.0
2.840000000000000000e+02 
260.0
5.33277825076
6.57204797476
35.5681091908
1.0
2.850000000000000000e+02 
261.0
5.30008635058
7.19141410448
35.6915963467
1.0
2.860000000000000000e+02 
262.0
5.2761988464
7.81862593821
35.8039887115
1.0
2.870000000000000000e+02 
263.0
5.26984810095
8.13262087719
35.8546198386
1.0
2.880000000000000000e+02 
264.0
5.25768573605
8.7683479261
35.9164278695
1.0
2.890000000000000000e+02 
265.0
5.25866254747
9.16469376764
0.269321005555
1.0
2.900000000000000000e+02 
266.0
5.26358994997
9.129006045
0.777889487342
1.0
2.910000000000000000e+02 
267.0
5.30701922796
9.38252610272
1.08639032728
1.0
2.920000000000000000e+02 
268.0
5.42251369032
10.0294215254
1.18294730616
1.0
2.930000000000000000e+02 
269.0
5.60322004257
10.9641548848
1.30480185821
1.0
2.940000000000000000e+02 
270.0
5.73147801285
0.595124294966
1.39569207999
1.0
2.950000000000000000e+02 
271.0
5.8612493917
1.20172132524
1.47437780768
1.0
2.960000000000000000e+02 
272.0
6.00018989982
1.80494743129
1.58073186358
1.0
2.970000000000000000e+02 
273.0
6.01136728235
1.88638033015
2.14946739431
1.0
2.980000000000000000e+02 
274.0
6.13605083448
2.14804451664
2.70499999963
1.0
2.990000000000000000e+02 
275.0
6.84923774157
3.55716253684
2.99550256075
1.0
3.000000000000000000e+02 
276.0
7.57560429458
4.87672117234
3.20119655273
1.0
3.010000000000000000e+02 
277.0
8.7232727058
6.68303560702
3.54827910828
1.0
3.020000000000000000e+02 
278.0
9.79814565117
8.18537007152
3.94595714251
1.0
3.030000000000000000e+02 
279.0
10.9607269382
9.40739563344
4.35649259836
1.0
3.040000000000000000e+02 3.050000000000000000e+02 
280.0
2.39658398537
0.269011685647
4.58753048026
1.0
3.060000000000000000e+02 3.070000000000000000e+02 
281.0
4.59193609815
2.40280032642
4.5125573321
1.0
3.080000000000000000e+02 3.090000000000000000e+02 
282.0
6.74076606572
4.59303179463
4.30352176635
1.0
3.100000000000000000e+02 3.110000000000000000e+02 
283.0
8.57504873035
6.62742236423
4.09157876078
1.0
3.120000000000000000e+02 3.130000000000000000e+02 
284.0
0.0297481355169
9.52886827159
3.77016326951
1.0
3.140000000000000000e+02 3.150000000000000000e+02 
285.0
2.34678807145
0.968285381811
3.57551764257
1.0
3.160000000000000000e+02 3.170000000000000000e+02 
286.0
3.72316216003
3.01198457085
3.3875816051
1.0
3.180000000000000000e+02 3.190000000000000000e+02 
287.0
5.96623133533
6.66915455295
3.1442427181
1.0
3.200000000000000000e+02 
288.0
6.33172149874
7.37492467881
2.63654419022
1.0
3.210000000000000000e+02 3.220000000000000000e+02 
289.0
7.54826369747
10.1025860845
2.08697698498
1.0
3.230000000000000000e+02 3.240000000000000000e+02 
290.0
8.46021025355
1.78170289974
2.09066983641
1.0
3.250000000000000000e+02 
291.0
8.71189311252
2.56740657405
1.60027422481
1.0
3.260000000000000000e+02 
292.0
9.12147573951
4.50647705792
1.35243359904
1.0
3.270000000000000000e+02 
293.0
9.4120183635
5.92850000011
1.13942939533
1.0
3.280000000000000000e+02 
294.0
9.51105811573
6.55909510291
0.754109022158
1.0
3.290000000000000000e+02 
295.0
9.63135930215
8.01505638633
0.443286645763
1.0
3.300000000000000000e+02 
296.0
9.66031544321
9.47909176002
0.203416770091
1.0
3.310000000000000000e+02 
297.0
9.58987836072
10.3342145159
35.9995080788
1.0
3.320000000000000000e+02 
298.0
9.44735363525
0.576612390635
35.8488477855
1.0
3.330000000000000000e+02 
299.0
9.34687967975
2.22930229822
35.6470553152
1.0
3.340000000000000000e+02 
300.0
9.23837607313
4.11686596949
35.487296901
1.0
3.350000000000000000e+02 
301.0
9.08562167778
6.01944273435
35.3673218871
1.0
3.360000000000000000e+02 
302.0
8.93177288949
7.59199660612
35.2808903246
1.0
3.370000000000000000e+02 
303.0
8.74317962514
9.11052715193
35.2815568481
1.0
3.380000000000000000e+02 
304.0
8.46598519211
10.9417380823
35.3010429477
1.0
3.390000000000000000e+02 
305.0
8.27610458414
1.51892966312
35.3453862619
1.0
3.400000000000000000e+02 
306.0
8.13028652281
3.09689214662
35.3794269407
1.0
3.410000000000000000e+02 
307.0
7.96361055412
4.98863056577
35.4281110358
1.0
3.420000000000000000e+02 
308.0
7.81986354436
6.88269433239
35.5052855103
1.0
3.430000000000000000e+02 
309.0
7.7543279786
7.82639161807
35.5472806555
1.0
3.440000000000000000e+02 
310.0
7.6321647803
9.72716665998
35.6464885963
1.0
3.450000000000000000e+02 
311.0
7.54325655456
0.319581189516
35.6734674605
1.0
3.460000000000000000e+02 
312.0
7.44882795389
2.21565983354
35.7182149219
1.0
3.470000000000000000e+02 
313.0
7.37712105541
3.803016415
35.7048904757
1.0
3.480000000000000000e+02 
314.0
7.29521658235
5.70100384927
35.6971714211
1.0
3.490000000000000000e+02 
315.0
7.22419621203
7.29060976879
35.6293979373
1.0
3.500000000000000000e+02 
316.0
7.12827560265
8.87237853618
35.5046139245
1.0
3.510000000000000000e+02 
317.0
6.95508222558
0.0606961134546
35.3635621851
1.0
3.520000000000000000e+02 
318.0
6.77294960134
1.95397681175
35.2825026356
1.0
3.530000000000000000e+02 
319.0
6.60770733193
3.51405986043
35.2378508745
1.0
3.540000000000000000e+02 
320.0
6.43890899603
5.07152170994
35.2125498934
1.0
3.550000000000000000e+02 
321.0
6.29945336778
6.33158138485
35.2639560658
1.0
3.560000000000000000e+02 
322.0
6.20425510417
7.27111460921
35.3151647006
1.0
3.570000000000000000e+02 
323.0
6.08558713728
8.54195243074
35.4124489407
1.0
3.580000000000000000e+02 
324.0
6.00784673705
9.48480794531
35.458683214
1.0
3.590000000000000000e+02 
325.0
5.9364549356
10.4297869397
35.5275842845
1.0
3.600000000000000000e+02 
326.0
5.85783814857
0.693824268878
35.6097927892
1.0
3.610000000000000000e+02 
327.0
5.79530940543
1.95457735192
35.7182817726
1.0
3.620000000000000000e+02 
328.0
5.74132363723
3.21561863265
35.769398113
1.0
3.630000000000000000e+02 
329.0
5.70610854798
4.17060162517
35.7741868981
1.0
3.640000000000000000e+02 
330.0
5.67390590638
5.12448710845
35.8083757548
1.0
3.650000000000000000e+02 
331.0
5.64292855655
6.07980954655
35.8318769875
1.0
3.660000000000000000e+02 
332.0
5.62373636225
6.70534140148
35.911359673
1.0
3.670000000000000000e+02 
333.0
5.61066782314
7.65453982149
35.982889012
1.0
3.680000000000000000e+02 
334.0
5.60672788826
8.29044610471
0.0283012853439
1.0
3.690000000000000000e+02 
335.0
5.60742833015
8.62062402142
0.0744507042917
1.0
3.700000000000000000e+02 
336.0
5.61440077583
9.25962804636
0.131752026283
1.0
3.710000000000000000e+02 
337.0
5.62823411044
9.88719280863
0.18756716875
1.0
3.720000000000000000e+02 
338.0
5.64722541459
10.5301387528
0.233187871991
1.0
3.730000000000000000e+02 
339.0
5.65858113973
10.8454338041
0.258842939924
1.0
3.740000000000000000e+02 
340.0
5.68168859098
0.481085860768
0.281423557213
1.0
3.750000000000000000e+02 
341.0
5.67457133152
0.45655785752
1.11322594516
1.0
3.760000000000000000e+02 
342.0
5.66577677869
0.456045796634
1.6376255228
1.0
3.770000000000000000e+02 
343.0
5.66405626878
0.459421732297
2.18026665104
1.0
3.780000000000000000e+02 
344.0
5.66496440666
0.464962141573
2.96154562767
1.0
3.790000000000000000e+02 
345.0
5.94293716904
0.978029069856
3.03341826433
1.0
3.800000000000000000e+02 
346.0
6.23535770262
1.50619620758
3.0764496884
1.0
3.810000000000000000e+02 
347.0
6.5391913558
2.05136084129
3.15248767031
1.0
3.820000000000000000e+02 
348.0
6.69287148686
2.31884816363
3.68177814655
1.0
3.830000000000000000e+02 
349.0
6.6910942405
2.31806900391
4.21346811809
1.0
3.840000000000000000e+02 
350.0
7.26288800404
2.96722838842
4.31500347141
1.0
3.850000000000000000e+02 
351.0
7.688142065
3.41401527156
4.45851049241
1.0
3.860000000000000000e+02 
352.0
8.12592741202
3.85210292643
4.58975523699
1.0
3.870000000000000000e+02 
353.0
8.5715228673
4.27888968524
4.69265649334
1.0
3.880000000000000000e+02 
354.0
9.23223288732
4.88218264924
4.83203278148
1.0
3.890000000000000000e+02 
355.0
9.46496460897
5.08997622717
5.38413249722
1.0
3.900000000000000000e+02 
356.0
9.47369950821
5.10184275135
6.19325654313
1.0
3.910000000000000000e+02 
357.0
10.8111704122
5.76232649741
6.4969935413
1.0
3.920000000000000000e+02 
358.0
1.23325067963
6.32120794275
6.84970476617
1.0
3.930000000000000000e+02 3.940000000000000000e+02 
359.0
4.17382957539
7.25961301348
7.18633763779
1.0
3.950000000000000000e+02 3.960000000000000000e+02 
360.0
7.77826307492
8.27026829009
7.24709120214
1.0
3.970000000000000000e+02 3.980000000000000000e+02 
361.0
0.665721460544
9.24077374802
7.10606235593
1.0
3.990000000000000000e+02 4.000000000000000000e+02 4.010000000000000000e+02 
362.0
4.01026617225
1.43583318695
17.9738651798
1.0
4.040000000000000000e+02 
363.0
3.11209879793
0.0410026235203
18.0581199238
1.0
4.050000000000000000e+02 
364.0
3.09591541366
8.82269137289
18.1083347825
1.0
4.060000000000000000e+02 
365.0
3.05950551141
6.60307504913
18.1820989266
1.0
4.070000000000000000e+02 
366.0
3.02327418465
5.02022010775
18.2177724804
1.0
4.080000000000000000e+02 
367.0
2.97738053837
3.75587184575
18.3059825322
1.0
4.090000000000000000e+02 
368.0
2.91922035352
2.49379299339
18.3765205719
1.0
4.100000000000000000e+02 
369.0
2.86645700363
1.5509040598
18.4470854431
1.0
4.110000000000000000e+02 
370.0
2.80379221295
0.601640616966
18.4757542393
1.0
4.120000000000000000e+02 
371.0
2.71465216913
10.3379372759
18.5594297125
1.0
4.130000000000000000e+02 
372.0
2.66150626203
9.71112397257
18.5804337954
1.0
4.140000000000000000e+02 
373.0
2.61185981286
9.08403561611
18.5957757582
1.0
4.150000000000000000e+02 
374.0
2.52993025584
8.13375159535
18.6742945467
1.0
4.160000000000000000e+02 
375.0
2.4687500729
7.51070716507
18.7399210064
1.0
4.170000000000000000e+02 
376.0
2.40148192845
6.87827433738
18.805212519
1.0
4.180000000000000000e+02 
377.0
2.28927162588
5.94049221435
18.8760974611
1.0
4.190000000000000000e+02 
378.0
2.12160633917
4.68465995049
19.0605060549
1.0
4.200000000000000000e+02 
379.0
1.9703341518
3.75181259161
19.1722257917
1.0
4.210000000000000000e+02 
380.0
0.125933666051
9.59244310865
19.1027775684
1.0
4.230000000000000000e+02 
381.0
1.91572301884
3.62909734895
19.2693133705
1.0
4.280000000000000000e+02 
382.0
1.73558056531
2.86031290664
19.7124915259
1.0
4.290000000000000000e+02 
383.0
1.42555151684
1.90369329629
20.3038031185
1.0
4.300000000000000000e+02 
384.0
1.02017130854
0.959855459491
20.8622181997
1.0
4.310000000000000000e+02 
385.0
0.501637438918
10.9781472825
21.5062186829
1.0
4.320000000000000000e+02 5.320000000000000000e+02 
386.0
10.6337668627
9.09805555511
21.96051316
1.0
4.330000000000000000e+02 4.340000000000000000e+02 
387.0
9.22386528857
7.20773951032
21.9718168191
1.0
4.350000000000000000e+02 4.360000000000000000e+02 
388.0
7.09859423544
4.5849843157
21.9958064489
1.0
4.370000000000000000e+02 4.380000000000000000e+02 
389.0
5.51679052975
2.71225891387
22.1663618182
1.0
4.390000000000000000e+02 4.400000000000000000e+02 5.330000000000000000e+02 
390.0
10.9614055152
7.29803197457
23.5222539112
1.0
4.450000000000000000e+02 4.460000000000000000e+02 
391.0
8.48767959815
5.85930486883
24.1636844226
1.0
4.470000000000000000e+02 5.340000000000000000e+02 
392.0
7.57252489015
5.43341850113
24.7569540549
1.0
4.480000000000000000e+02 4.490000000000000000e+02 
393.0
5.32445742985
4.63790755254
25.34139378
1.0
4.500000000000000000e+02 
394.0
3.27539932918
4.23729770559
25.9441269154
1.0
4.510000000000000000e+02 4.520000000000000000e+02 
395.0
0.480453055553
3.87956882652
26.4917975853
1.0
4.530000000000000000e+02 5.350000000000000000e+02 
396.0
9.2862311382
3.72852093399
26.5613895188
1.0
4.540000000000000000e+02 4.550000000000000000e+02 
397.0
6.74735261021
3.5861214033
26.7918723459
1.0
4.560000000000000000e+02 4.570000000000000000e+02 
398.0
4.10833860273
3.63312196284
27.2521246679
1.0
4.580000000000000000e+02 5.360000000000000000e+02 
399.0
2.43455337828
3.70852453173
27.605052701
1.0
4.590000000000000000e+02 4.600000000000000000e+02 
400.0
10.4347855669
4.14690545408
28.4167754242
1.0
4.610000000000000000e+02 4.620000000000000000e+02 
401.0
8.14831923776
4.71867145098
28.9043033679
1.0
4.630000000000000000e+02 
402.0
6.97417485306
5.13487513406
29.5549784892
1.0
4.640000000000000000e+02 5.370000000000000000e+02 
403.0
5.08702112171
5.95178289533
29.8066681824
1.0
4.650000000000000000e+02 
404.0
4.38468328973
6.32591487427
30.2940453458
1.0
4.660000000000000000e+02 
405.0
2.08156416161
4.44967641385
10.8722951578
1.0
4.670000000000000000e+02 4.680000000000000000e+02 5.450000000000000000e+02 5.460000000000000000e+02 
406.0
2.18425267237
0.6322443738
11.6722951578
1.0
4.690000000000000000e+02 4.700000000000000000e+02 4.710000000000000000e+02 5.470000000000000000e+02 5.480000000000000000e+02 5.490000000000000000e+02 
407.0
2.30229998621
6.56948843579
12.0132919028
1.0
4.720000000000000000e+02 4.730000000000000000e+02 5.500000000000000000e+02 5.510000000000000000e+02 
408.0
2.2212162359
3.07458815252
12.3103891658
1.0
4.740000000000000000e+02 4.750000000000000000e+02 5.520000000000000000e+02 
409.0
2.00668828469
10.5907171524
12.4621062376
1.0
4.760000000000000000e+02 4.770000000000000000e+02 5.530000000000000000e+02 
410.0
1.71624168055
7.12675852382
12.5795614614
1.0
4.780000000000000000e+02 4.790000000000000000e+02 
411.0
1.50436619572
4.59981458341
12.5217106686
1.0
4.800000000000000000e+02 4.810000000000000000e+02 
412.0
1.27379394271
1.78390421972
12.4586484537
1.0
4.820000000000000000e+02 4.830000000000000000e+02 5.540000000000000000e+02 
413.0
1.14076198374
9.90728149441
12.0735900857
1.0
4.840000000000000000e+02 4.850000000000000000e+02 5.550000000000000000e+02 
414.0
1.15374536846
7.08407616817
11.7442072054
1.0
4.860000000000000000e+02 5.560000000000000000e+02 
415.0
1.25384263641
4.86868289791
11.4718805697
1.0
4.870000000000000000e+02 4.880000000000000000e+02 5.570000000000000000e+02 
416.0
1.48490659982
2.3635480262
11.1326097265
1.0
4.890000000000000000e+02 4.900000000000000000e+02 
417.0
1.83903929942
10.8781182815
10.7422154953
1.0
4.910000000000000000e+02 
418.0
2.20089000169
9.03172960762
10.4745816584
1.0
4.920000000000000000e+02 4.930000000000000000e+02 5.580000000000000000e+02 
419.0
2.83538078656
6.62238734354
10.0103812235
1.0
4.940000000000000000e+02 4.950000000000000000e+02 5.590000000000000000e+02 
420.0
3.98037258313
3.00988778943
10.7161585626
1.0
4.960000000000000000e+02 4.970000000000000000e+02 
421.0
4.55993951822
10.407078529
11.3844719422
1.0
4.980000000000000000e+02 4.990000000000000000e+02 
422.0
4.94718226108
6.41068324211
11.2602155102
1.0
5.000000000000000000e+02 5.010000000000000000e+02 5.020000000000000000e+02 
423.0
5.1643303742
1.78442153689
11.9034859135
1.0
5.030000000000000000e+02 5.040000000000000000e+02 5.050000000000000000e+02 
424.0
4.95693437217
7.87583294486
12.5116275754
1.0
5.060000000000000000e+02 5.070000000000000000e+02 
425.0
4.50480426566
4.37961310782
13.0515041189
1.0
3.700000000000000000e+01 
426.0
4.11881247275
2.21231808619
13.6863413265
1.0
5.090000000000000000e+02 5.100000000000000000e+02 
427.0
3.37543100804
10.5133596081
14.1764090899
1.0
5.110000000000000000e+02 
428.0
2.70830613916
9.01283823413
14.6659740496
1.0
5.120000000000000000e+02 
429.0
2.17988462684
7.9187154427
14.9402193982
1.0
5.130000000000000000e+02 
430.0
1.66881903108
7.05042919809
15.5262904893
1.0
5.140000000000000000e+02 
431.0
1.0486003908
6.23996006427
16.0797405642
1.0
5.150000000000000000e+02 
432.0
0.230129157515
5.39247290278
16.7886830876
1.0
5.160000000000000000e+02 
433.0
10.6186710133
4.88593749011
17.2255181648
1.0
5.170000000000000000e+02 
434.0
9.61481464531
4.22008858984
17.9622422876
1.0
5.180000000000000000e+02 
435.0
8.51643830853
3.6742698464
18.3563723921
1.0
5.190000000000000000e+02 
436.0
6.83876878916
2.91284504994
18.2856864836
1.0
5.200000000000000000e+02 
437.0
5.16598336108
2.12048225512
18.101216283
1.0
5.210000000000000000e+02 
438.0
3.79705112358
1.40889097874
18.013012136
1.0
5.220000000000000000e+02 
439.0
2.16345943815
0.551213567099
18.0615223498
1.0
5.230000000000000000e+02 
440.0
0.788050135705
10.8640564289
18.2104069992
1.0
5.240000000000000000e+02 5.250000000000000000e+02 
441.0
9.58962023176
9.84751363194
18.4878768096
1.0
5.260000000000000000e+02 
442.0
8.39015313215
9.25888679786
18.6907848002
1.0
5.270000000000000000e+02 
443.0
6.99587938902
8.44787248522
19.0527095218
1.0
5.280000000000000000e+02 
444.0
5.47041615648
7.89527767126
19.2533333308
1.0
5.290000000000000000e+02 
445.0
3.64060879815
7.4305443619
19.517890291
1.0
5.300000000000000000e+02 
446.0
2.61351866105
6.74172459008
30.1565740921
1.0
5.380000000000000000e+02 
447.0
1.4300999146
7.45438405238
30.6265597562
1.0
5.390000000000000000e+02 
448.0
0.49795485789
8.1945817524
31.3100759221
1.0
5.400000000000000000e+02 
449.0
10.6889206585
9.00263690986
31.9964014931
1.0
5.410000000000000000e+02 
450.0
10.0013598721
9.74165312004
32.7424832392
1.0
5.420000000000000000e+02 
451.0
9.44979719907
10.3660010132
33.326488826
1.0
5.430000000000000000e+02 
452.0
8.707156613
0.622218718223
34.1667373713
1.0
5.440000000000000000e+02 
453
10.5114975319
8.45730738086
16.1310199746
6.75
5.600000000000000000e+02 5.610000000000000000e+02 
454
10.4905256263
5.93466367102
16.9310199746
8.25
5.620000000000000000e+02 5.630000000000000000e+02 
455
10.3719176367
1.81258678075
17.1290733595
8.8
5.640000000000000000e+02 6.530000000000000000e+02 
456
10.2185268791
10.8358197834
17.8457776157
6.35
5.650000000000000000e+02 6.540000000000000000e+02 
457
9.85596741209
8.98937338137
18.5203626539
10.75
5.660000000000000000e+02 5.670000000000000000e+02 
458
8.96570320776
5.47504791653
18.6314177592
9.35
5.680000000000000000e+02 5.690000000000000000e+02 
459
8.03141566155
2.04610524784
18.6429145903
3.85
5.700000000000000000e+02 
460
7.60556330411
0.759996404724
19.2550984622
1.0
5.710000000000000000e+02 5.720000000000000000e+02 
461
6.66512559752
9.43443477106
19.123313362
1.0
5.730000000000000000e+02 5.740000000000000000e+02 
462
5.64822616141
6.82339877502
19.2148474894
1.0
5.750000000000000000e+02 5.760000000000000000e+02 
463
4.599938516
4.4913201132
19.8391628838
1.0
5.770000000000000000e+02 5.780000000000000000e+02 
464
2.48893456456
1.94220235884
20.3482124488
1.0
5.790000000000000000e+02 
465
1.8320726405
1.03313633267
20.8361881298
1.0
5.800000000000000000e+02 5.810000000000000000e+02 
466
0.0461122782443
10.1196862708
21.4677200665
1.0
5.820000000000000000e+02 
467
10.1297514747
9.3315580252
22.1133724826
1.0
5.830000000000000000e+02 
468
8.34087056744
8.17148345374
22.5067975321
1.0
5.840000000000000000e+02 
469
7.30010218741
7.59397124305
23.2116256757
1.0
5.850000000000000000e+02 
470
6.55403385
7.28814676544
23.6971044564
1.0
5.860000000000000000e+02 
471
5.7959233803
7.04198284668
24.2111687954
1.0
5.870000000000000000e+02 
472
4.99324914067
6.85810711745
24.6853221012
1.0
5.880000000000000000e+02 
473
4.38686552026
6.76280192091
25.031962903
1.0
5.890000000000000000e+02 
474
3.56347976528
6.70008508722
25.5192421092
1.0
5.900000000000000000e+02 
475
2.94305796909
6.68811371348
25.8933945852
1.0
5.910000000000000000e+02 
476
2.11568240747
6.72777236072
26.3520858858
1.0
5.920000000000000000e+02 
477
1.69966103861
6.77211653265
26.593148233
1.0
5.930000000000000000e+02 
478
1.30431499399
6.82184509013
26.8591998193
1.0
5.940000000000000000e+02 
479
0.687850292256
6.92165615724
26.7357448591
1.0
5.950000000000000000e+02 
480
10.7450310023
7.03549411945
26.5086857071
1.0
5.960000000000000000e+02 
481
10.1285476073
7.09309533348
26.35810017
1.0
5.970000000000000000e+02 
482
9.49689051314
7.13821999957
26.1934433858
1.0
5.980000000000000000e+02 
483
8.55129955877
7.17517817982
25.9615409599
1.0
5.990000000000000000e+02 
484
8.23165852807
7.17895846149
25.9063980792
1.0
6.000000000000000000e+02 
485
6.9736655299
7.17403685905
25.727551939
1.0
6.010000000000000000e+02 
486
5.71484969596
7.15137260657
25.724434894
1.0
6.020000000000000000e+02 
487
5.08197995375
7.13680590914
25.7138184273
1.0
6.030000000000000000e+02 
488
4.46111378732
7.12555812173
25.7175800031
1.0
6.040000000000000000e+02 
489
3.51017362437
7.10826954079
25.7483687897
1.0
6.050000000000000000e+02 
490
2.56408360922
7.09720342092
25.7856051259
1.0
6.060000000000000000e+02 
491
1.60744353661
7.09321897344
25.8645920601
1.0
6.070000000000000000e+02 
492
0.978178100056
7.09776729973
25.9089435494
1.0
6.080000000000000000e+02 
493
0.34625693589
7.10663957943
25.997691792
1.0
6.090000000000000000e+02 
494
10.7054322133
7.12601829819
26.0414716751
1.0
6.100000000000000000e+02 
495
10.0730363168
7.14682035611
26.0814497483
1.0
6.110000000000000000e+02 
496
9.44465602433
7.17193248116
26.1600552374
1.0
6.120000000000000000e+02 
497
8.8052576856
7.20448310308
26.2164579736
1.0
6.130000000000000000e+02 
498
7.86094532424
7.26061985864
26.2460202331
1.0
6.140000000000000000e+02 
499
6.90992325555
7.32609073486
26.3654621973
1.0
1.900000000000000000e+02 
500
5.96767173817
7.40146772119
26.4008765919
1.0
6.160000000000000000e+02 
501
5.01681879092
7.48734168917
26.481272793
1.0
6.170000000000000000e+02 
502
4.06686341175
7.58372891965
26.5139145269
1.0
6.180000000000000000e+02 
503
3.44481752452
7.64790418981
26.5721190984
1.0
6.190000000000000000e+02 
504
2.50930304713
7.7507755572
26.6017489249
1.0
6.200000000000000000e+02 
505
1.86373190351
7.82472435808
26.6340231538
1.0
6.210000000000000000e+02 
506
0.617685750766
7.9795399565
26.7057476423
1.0
6.220000000000000000e+02 
507
10.3716922388
8.14085117937
26.7381696482
1.0
6.230000000000000000e+02 
508
5
5
18
1.0
6.240000000000000000e+02 
509
7.56189561074
7.92630880543
26.061715466
1.0
6.250000000000000000e+02 
510
5.65923658379
7.99956824527
27.0197368221
1.0
6.260000000000000000e+02 
511
5.02129297624
8.00099685207
27.0620886271
1.0
6.270000000000000000e+02 
512
4.19574780785
8.03229072153
27.5377733325
1.0
6.280000000000000000e+02 
513
3.38222202107
8.12630097542
28.0123636305
1.0
6.290000000000000000e+02 
514
2.37772205361
8.3204967
28.5728107577
1.0
6.300000000000000000e+02 
515
1.40569077558
8.61232807327
29.2100506039
1.0
6.310000000000000000e+02 6.320000000000000000e+02 
516
10.2145101594
9.44902968638
29.5617245703
1.0
6.330000000000000000e+02 
517
8.32405704193
10.057192123
30.1262758736
1.0
6.340000000000000000e+02 6.350000000000000000e+02 
518
6.0911780557
0.312893275522
30.6045652867
1.0
6.360000000000000000e+02 6.370000000000000000e+02 
519
4.03597480313
1.96709980913
31.3161279329
1.0
6.380000000000000000e+02 
520
3.46489386745
2.53139115018
31.7962643126
1.0
6.390000000000000000e+02 6.400000000000000000e+02 
521
1.70083409379
4.70831165292
32.5356379586
1.0
6.410000000000000000e+02 
522
1.17103747751
5.55816803008
33.0995292722
1.0
6.420000000000000000e+02 
523
0.674342890305
6.65946632752
33.8416868867
1.0
6.430000000000000000e+02 
524
0.410435836889
7.44585452025
34.3345990574
1.0
6.440000000000000000e+02 6.450000000000000000e+02 
525
10.8907656211
9.96108246322
34.3681206926
1.0
6.460000000000000000e+02 6.470000000000000000e+02 
526
10.5822498195
1.64411790901
34.5913580061
1.0
6.480000000000000000e+02 
527
10.3332996344
3.35296269956
35.2421295661
1.0
6.490000000000000000e+02 
528
10.0987833166
5.51788772845
35.2936092283
1.0
6.500000000000000000e+02 
529
9.91880029152
7.40653585562
35.4375274708
1.0
6.510000000000000000e+02 
530
9.71397925168
9.43049966945
35.6575283219
1.0
6.520000000000000000e+02 
-
459
459
