0
-0.14356360186004768
-0.4227001258534916
-0.9219189337622823
0
0.000000000000000000e+00 

0
-1
-1
1
-0.1424861885790791
-0.4028795470593085
1.511941851476645
1
1.000000000000000000e+00 
0.000000000000000000e+00 
0
-1
-1
2
-0.1412370579934043
-0.3828686310569541
1.5049916011886872
2
2.000000000000000000e+00 
1.000000000000000000e+00 
0
-1
-1
3
-0.13982975898297118
-0.3629685391455896
1.4944912692019803
3
3.000000000000000000e+00 
2.000000000000000000e+00 
0
-1
-1
4
-0.13825084450822822
-0.34338222626884213
1.4883408568045717
4
4.000000000000000000e+00 
3.000000000000000000e+00 
0
-1
-1
5
-0.13655204495311168
-0.3237557994986475
1.481340365532313
5
5.000000000000000000e+00 
4.000000000000000000e+00 
0
-1
-1
6
-0.1351919587475519
-0.30896839838587564
1.4787397971640348
6
6.000000000000000000e+00 
5.000000000000000000e+00 
0
-1
-1
7
-0.13335008738033627
-0.28905359935423125
1.4787391537160897
7
7.000000000000000000e+00 
6.000000000000000000e+00 
0
-1
-1
8
-0.13165260887500907
-0.26947757962435404
1.4909384374362735
8
8.000000000000000000e+00 
7.000000000000000000e+00 
0
-1
-1
9
-0.13006606944660667
-0.24974150763139524
1.4926876507971438
9
9.000000000000000000e+00 
8.000000000000000000e+00 
0
-1
-1
10
-0.12855220954683677
-0.22999972801480545
1.4952867964887475
10
1.000000000000000000e+01 
9.000000000000000000e+00 
0
-1
-1
11
-0.12679669750642036
-0.2051619594849343
1.5005358774107767
11
1.100000000000000000e+01 
1.000000000000000000e+01 
0
-1
-1
12
-0.1251533422671619
-0.1805671356081627
1.5075348966641595
12
1.200000000000000000e+01 
1.100000000000000000e+01 1.020000000000000000e+02 
0
-1
-1
13
-0.12314650488571424
-0.14696758475724947
1.5627876338408861
13
1.300000000000000000e+01 
1.200000000000000000e+01 
0
-1
-1
14
-0.12260501776469082
-0.1301231999987834
1.5917133687235514
14
1.400000000000000000e+01 
1.300000000000000000e+01 
0
-1
-1
15
-0.12258254908854493
-0.10827382942745396
1.6284889933361943
15
1.500000000000000000e+01 
1.400000000000000000e+01 
0
-1
-1
16
-0.12285125176931463
-0.09658246552040761
1.6609144970161263
16
1.600000000000000000e+01 
1.500000000000000000e+01 
0
-1
-1
17
-0.124489711773145
-0.08130515082769832
1.7850398694188416
17
1.700000000000000000e+01 1.030000000000000000e+02 
1.600000000000000000e+01 
0
-1
-1
18
-0.12874200482226855
-0.06294936478890012
1.9229810745088787
18
1.800000000000000000e+01 
1.700000000000000000e+01 
0
-1
-1
19
-0.13234577944365994
-0.05167519283611957
2.0208392470222956
19
1.900000000000000000e+01 
1.800000000000000000e+01 
0
-1
-1
20
-0.1367521709455949
-0.04087412919963902
2.1125473642737593
20
2.000000000000000000e+01 
1.900000000000000000e+01 
0
-1
-1
21
-0.14392847224117797
-0.027695947632880902
2.2243554431204418
21
2.100000000000000000e+01 
2.000000000000000000e+01 
0
-1
-1
22
-0.1546027027797286
-0.013020576295855771
2.3693135005294526
22
2.200000000000000000e+01 
2.100000000000000000e+01 
0
-1
-1
23
-0.16690059209417443
-0.00022022509447556723
2.5168715535443633
23
2.300000000000000000e+01 
2.200000000000000000e+01 
0
-1
-1
24
-0.2014056849164949
0.024703022503518274
2.601729619251543
24
2.400000000000000000e+01 
2.300000000000000000e+01 
0
-1
-1
25
-0.22935143930393753
0.04143830018522389
2.752787714746393
25
2.500000000000000000e+01 
2.400000000000000000e+01 
0
-1
-1
26
-0.26613802957868776
0.058201805622220076
2.90119585709954
26
2.600000000000000000e+01 
2.500000000000000000e+01 
0
-1
-1
27
-0.3085040618795131
0.06875780720023447
3.0600040633230847
27
2.700000000000000000e+01 
2.600000000000000000e+01 
0
-1
-1
28
-0.32195047681230393
0.07125250436505201
-3.1043729568426324
28
2.800000000000000000e+01 
2.700000000000000000e+01 
0
-1
-1
29
-0.3682313429795133
0.07024376625594146
-2.9392645722441335
29
2.900000000000000000e+01 
2.800000000000000000e+01 
0
-1
-1
30
-0.38434460942045195
0.0681067049207505
-2.807356073425517
30
3.000000000000000000e+01 
2.900000000000000000e+01 
0
-1
-1
31
-0.4027875211436247
0.06224228834848378
-2.639647443942973
31
3.100000000000000000e+01 
3.000000000000000000e+01 
0
-1
-1
32
-0.4144904207313974
0.05715005162415525
-2.531288667576833
32
3.200000000000000000e+01 
3.100000000000000000e+01 
0
-1
-1
33
-0.4514982296906956
0.03383506698518973
-2.5076797283635726
33
3.300000000000000000e+01 
3.200000000000000000e+01 
0
-1
-1
34
-0.48648704873764104
0.01083881546838273
-2.4587206106272745
34
3.400000000000000000e+01 
3.300000000000000000e+01 
0
-1
-1
35
-0.5073852525602363
-0.006555626715400848
-2.3364112990104897
35
3.500000000000000000e+01 
3.400000000000000000e+01 
0
-1
-1
36
-0.5317282154146723
-0.028973261176859184
-2.311001778504446
36
3.600000000000000000e+01 
3.500000000000000000e+01 
0
-1
-1
37
-0.5517863645502222
-0.04885702977816549
-2.26204203447851
37
3.700000000000000000e+01 
3.600000000000000000e+01 
0
-1
-1
38
-0.5738163887949652
-0.07352819167495904
-2.2034820527088876
38
3.800000000000000000e+01 
3.700000000000000000e+01 
0
-1
-1
39
-0.5969583357859365
-0.1034192114021683
-2.139621819406448
39
3.900000000000000000e+01 
3.800000000000000000e+01 
0
-1
-1
40
-0.6129922955814272
-0.12631788605044714
-2.095911321243646
40
4.000000000000000000e+01 
3.900000000000000000e+01 
0
-1
-1
41
-0.6378714284453161
-0.16748390334239766
-2.0399505453804996
41
4.100000000000000000e+01 
4.000000000000000000e+01 
0
-1
-1
42
-0.6653624660676529
-0.2200153494790682
-1.927339479489514
42
4.200000000000000000e+01 
4.100000000000000000e+01 
0
-1
-1
43
-0.6752959767026668
-0.2538910521393348
-1.7133781117795568
43
4.300000000000000000e+01 
4.200000000000000000e+01 
0
-1
-1
44
-0.6842194115093058
-0.31255630579530047
-1.6303664310186028
44
4.400000000000000000e+01 
4.300000000000000000e+01 
0
-1
-1
45
-0.6890499566259116
-0.3670399457730945
-1.583954426555305
45
4.500000000000000000e+01 
4.400000000000000000e+01 
0
-1
-1
46
-0.6882995712004847
-0.38716858753715044
-1.4328920883393474
46
4.600000000000000000e+01 
4.500000000000000000e+01 
0
-1
-1
47
-0.6835503153871043
-0.430136930996456
-1.4274294069405418
47
4.700000000000000000e+01 
4.600000000000000000e+01 
0
-1
-1
48
-0.6776930191562818
-0.4724722825599283
-1.382816373566626
48
4.800000000000000000e+01 
4.700000000000000000e+01 
0
-1
-1
49
-0.6680166670694456
-0.512606295813852
-1.2178029800797125
49
4.900000000000000000e+01 
4.800000000000000000e+01 
0
-1
-1
50
-0.6474104936034869
-0.5629845679476713
-1.1155392190113813
50
5.000000000000000000e+01 
4.900000000000000000e+01 
0
-1
-1
51
-0.6391506719188338
-0.5757826666051231
-0.9714250835763598
51
5.100000000000000000e+01 
5.000000000000000000e+01 
0
-1
-1
52
-0.6131668515691684
-0.6088547262382151
-0.8228605676847749
52
5.200000000000000000e+01 
5.100000000000000000e+01 
0
-1
-1
53
-0.5986069782340453
-0.6210116879631189
-0.6734956659529493
53
5.300000000000000000e+01 
5.200000000000000000e+01 
0
-1
-1
54
-0.5706562987022873
-0.6399432907575451
-0.5747303737127222
54
5.400000000000000000e+01 
5.300000000000000000e+01 
0
-1
-1
55
-0.5531265016913804
-0.6478933744886324
-0.4166146870192732
55
5.500000000000000000e+01 
5.400000000000000000e+01 
0
-1
-1
56
-0.5406030765624641
-0.650965106751695
-0.30214860265744076
56
5.600000000000000000e+01 
5.500000000000000000e+01 
0
-1
-1
57
-0.5277249814447398
-0.6524990800553738
-0.18158211814651987
57
5.700000000000000000e+01 
5.600000000000000000e+01 
0
-1
-1
58
-0.5141937137145332
-0.6526261567454019
-0.0732652317435247
58
5.800000000000000000e+01 
5.700000000000000000e+01 
0
-1
-1
59
-0.5039716032609998
-0.6512394763004394
0.019352057555067772
59
5.900000000000000000e+01 
5.800000000000000000e+01 
0
-1
-1
60
-0.4904568851151718
-0.6486444326889398
0.13026975001311691
60
6.000000000000000000e+01 
5.900000000000000000e+01 
0
-1
-1
61
-0.4802949191124326
-0.6451731530936721
0.22638784515614277
61
6.100000000000000000e+01 
6.000000000000000000e+01 
0
-1
-1
62
-0.46706696407279447
-0.6397991270119051
0.34260634177417393
62
6.200000000000000000e+01 
6.100000000000000000e+01 
0
-1
-1
63
-0.4606419521038587
-0.6355902810248812
0.4107752379261068
63
6.300000000000000000e+01 
6.200000000000000000e+01 
0
-1
-1
64
-0.45308275717491286
-0.6304492822330384
0.4554445309455679
64
6.400000000000000000e+01 
6.300000000000000000e+01 
0
-1
-1
65
-0.4438370238232297
-0.6245479293303943
0.4521142174482563
65
6.500000000000000000e+01 
6.400000000000000000e+01 
0
-1
-1
66
-0.43003940893219905
-0.6168288316001329
0.4339342933407495
66
6.600000000000000000e+01 
6.500000000000000000e+01 
0
-1
-1
67
-0.42079999051717193
-0.6111663011269444
0.4314547538307488
67
6.700000000000000000e+01 
6.600000000000000000e+01 
0
-1
-1
68
-0.41148869330032767
-0.6055470191095026
0.4237255934387365
68
6.800000000000000000e+01 
6.700000000000000000e+01 
0
-1
-1
69
-0.39742316421963175
-0.5982180666608634
0.40469680601101593
69
6.900000000000000000e+01 
6.800000000000000000e+01 
0
-1
-1
70
-0.3927111324283346
-0.5945627708021337
0.4126683847341004
70
7.000000000000000000e+01 
6.900000000000000000e+01 
0
-1
-1
71
-0.37416560223119055
-0.5855083106626026
0.4084403221504159
71
7.100000000000000000e+01 
7.000000000000000000e+01 
0
-1
-1
72
-0.35581992596389966
-0.5762202163339014
0.4295126101752779
72
7.200000000000000000e+01 
7.100000000000000000e+01 
0
-1
-1
73
-0.34650025590904543
-0.5703592505728681
0.4531852401150974
73
7.300000000000000000e+01 
7.200000000000000000e+01 
0
-1
-1
74
-0.33754597996031055
-0.5644148086992248
0.47600820268678123
74
7.400000000000000000e+01 
7.300000000000000000e+01 
0
-1
-1
75
-0.3240528703634451
-0.5559085134988386
0.5083814880382651
75
7.500000000000000000e+01 
7.400000000000000000e+01 
0
-1
-1
76
-0.3108126869475425
-0.5470193290156707
0.5399050857701424
76
7.600000000000000000e+01 
7.500000000000000000e+01 
0
-1
-1
77
-0.29783598834103353
-0.5376571780398562
0.5775789849583284
77
7.700000000000000000e+01 
7.600000000000000000e+01 
0
-1
-1
78
-0.2892267282260421
-0.5304434345923115
0.6091031741777115
78
7.800000000000000000e+01 
7.700000000000000000e+01 
0
-1
-1
79
-0.28087457631604174
-0.5229283405278325
0.6484776415267315
79
7.900000000000000000e+01 
7.800000000000000000e+01 
0
-1
-1
80
-0.272753821044663
-0.5151729277468754
0.6817523746528278
80
8.000000000000000000e+01 
7.900000000000000000e+01 
0
-1
-1
81
-0.26485828335665484
-0.5072029381146846
0.7124273607787011
81
8.100000000000000000e+01 
8.000000000000000000e+01 
0
-1
-1
82
-0.257175489410966
-0.4988929947987383
0.7544525867293219
82
8.200000000000000000e+01 
8.100000000000000000e+01 
0
-1
-1
83
-0.24965389203383742
-0.4902487089015377
0.7895280389596301
83
8.300000000000000000e+01 
8.200000000000000000e+01 
0
-1
-1
84
-0.23887699796675133
-0.4779881942725871
0.8237037035828589
84
8.400000000000000000e+01 
8.300000000000000000e+01 
0
-1
-1
85
-0.22851734300732562
-0.4651782744270349
0.8674795663994199
85
8.500000000000000000e+01 
8.400000000000000000e+01 
0
-1
-1
86
-0.21868794825233984
-0.4521588209539823
0.9069056129262856
86
8.600000000000000000e+01 
8.500000000000000000e+01 
0
-1
-1
87
-0.20917405984323337
-0.43854980474374344
0.9445318284268045
87
8.700000000000000000e+01 
8.600000000000000000e+01 
0
-1
-1
88
-0.20011304119389595
-0.4246542962201527
0.9795581979408847
88
8.800000000000000000e+01 
8.700000000000000000e+01 
0
-1
-1
89
-0.1943900001284809
-0.4146402666723079
1.013734706315478
89
8.900000000000000000e+01 
8.800000000000000000e+01 
0
-1
-1
90
-0.1862859874669407
-0.40026666821966295
1.0531113382353043
90
9.000000000000000000e+01 
8.900000000000000000e+01 
0
-1
-1
91
-0.18109004466026257
-0.38973975414203876
1.090788078253746
91
9.100000000000000000e+01 
9.000000000000000000e+01 
0
-1
-1
92
-0.17156326552098822
-0.3703502874349518
1.1284149108238517
92
9.200000000000000000e+01 
9.100000000000000000e+01 
0
-1
-1
93
-0.16274201175246011
-0.350711560249437
1.1721418203293839
93
9.300000000000000000e+01 
9.200000000000000000e+01 
0
-1
-1
94
-0.15659462050921563
-0.3352861318300686
1.2028187911158423
94
9.400000000000000000e+01 
9.300000000000000000e+01 
0
-1
-1
95
-0.14917385499841446
-0.31486682995364274
1.2517958075214026
6
9.500000000000000000e+01 
9.400000000000000000e+01 
0
-1
-1
96
-0.14273674714224627
-0.29424847658052455
1.2990728539077017
7
9.600000000000000000e+01 
9.500000000000000000e+01 
0
-1
-1
97
-0.14119522305211166
-0.2874970704627344
1.3349999146904066
95
9.700000000000000000e+01 
9.600000000000000000e+01 
0
-1
-1
98
-0.1374626807699736
-0.2713436852176304
1.3813769743694972
8
9.800000000000000000e+01 
9.700000000000000000e+01 
0
-1
-1
99
-0.13536981670054593
-0.25989178870124025
1.4234040175592
9
9.900000000000000000e+01 
9.800000000000000000e+01 
0
-1
-1
100
-0.13194895364090226
-0.23846563326952275
1.4531810290174976
10
1.000000000000000000e+02 
9.900000000000000000e+01 
0
-1
-1
101
-0.12775345205653482
-0.20694207824336458
1.4838079936751516
11
1.010000000000000000e+02 
1.000000000000000000e+02 
0
-1
-1
102
-0.12598747504847363
-0.19028138829874794
1.5066348966641598
96
1.020000000000000000e+02 
1.010000000000000000e+02 
0
-1
-1
103
-0.1326503767543531
-0.05258777345198644
1.8573155661886673
97
1.040000000000000000e+02 
1.030000000000000000e+02 
0
-1
-1
104
-0.13891405826570252
-0.03369442263807077
1.8958828983194638
98
1.050000000000000000e+02 
1.040000000000000000e+02 
0
-1
-1
105
-0.144112680698691
-0.019459488703484257
1.9270784726874262
99
1.060000000000000000e+02 
1.050000000000000000e+02 
0
-1
-1
106
-0.14951119288276915
-0.0056743395627948095
1.9471099731017745
100
1.070000000000000000e+02 
1.060000000000000000e+02 
0
-1
-1
107
-0.15339126892968732
0.003709562071083896
1.9656631609944988
101
1.080000000000000000e+02 
1.070000000000000000e+02 
0
-1
-1
108
-0.15731768722050482
0.012802344620766173
1.9816832612984703
102
1.090000000000000000e+02 
1.080000000000000000e+02 
0
-1
-1
109
-0.1613623830989842
0.021733284770333434
2.000671827281043
103
1.100000000000000000e+02 
1.090000000000000000e+02 
0
-1
-1
110
-0.1635345616422499
0.02635211868326273
2.0107472335183036
104
1.110000000000000000e+02 
1.100000000000000000e+02 
0
-1
-1
111
-0.1679735068902449
0.03526136070943192
2.0384809615087844
105
1.120000000000000000e+02 
1.110000000000000000e+02 
0
-1
-1
112
-0.17257357349306832
0.04403187700768581
2.059826274351689
106
1.130000000000000000e+02 
1.120000000000000000e+02 
0
-1
-1
113
-0.1749612056482676
0.048429153462959326
2.06857186838482
107
1.140000000000000000e+02 
1.130000000000000000e+02 
0
-1
-1
114
-0.1773790738174289
0.05280972109064287
2.0754571430094972
108
1.150000000000000000e+02 
1.140000000000000000e+02 
0
-1
-1
115
-0.17976448033633285
0.05703645852850488
2.0849086900588647
109
1.160000000000000000e+02 
1.150000000000000000e+02 
0
-1
-1
116
-0.18474703766919703
0.06553685835630435
2.107202088524361
110
1.170000000000000000e+02 
1.160000000000000000e+02 
0
-1
-1
117
-0.18997187350884037
0.07394923360170738
2.132832251982361
111
1.180000000000000000e+02 
1.170000000000000000e+02 
0
-1
-1
118
-0.1953397156919697
0.08215162583856546
2.156586701778899
112
1.190000000000000000e+02 
1.180000000000000000e+02 
0
-1
-1
119
-0.19814278418513098
0.08629529216717552
2.1658081802367075
113
1.200000000000000000e+02 
1.190000000000000000e+02 
0
-1
-1
120
-0.20091226078965088
0.09027991432365651
2.1784265166745653
114
1.210000000000000000e+02 
1.200000000000000000e+02 
0
-1
-1
121
-0.20183500482264294
0.0914654739908386
2.2329038451556293
115
1.220000000000000000e+02 
1.210000000000000000e+02 
0
-1
-1
122
-0.2017465154490684
0.09134634879703085
2.3217317267199675
116
1.230000000000000000e+02 
1.220000000000000000e+02 
0
-1
-1
123
-0.20174713505604272
0.09134842259866356
2.369153676931848
117
1.240000000000000000e+02 
1.230000000000000000e+02 
0
-1
-1
124
-0.20174776345338102
0.09135028074124263
2.4666159135616637
118
1.250000000000000000e+02 
1.240000000000000000e+02 
0
-1
-1
125
-0.2130280449848937
0.0998941260236605
2.5032366018870036
119
1.260000000000000000e+02 
1.250000000000000000e+02 
0
-1
-1
126
-0.22513796604648628
0.1084905417910573
2.5336741788400317
120
1.270000000000000000e+02 
1.260000000000000000e+02 
0
-1
-1
127
-0.23347047622421802
0.11402144804772868
2.560333533032015
121
1.280000000000000000e+02 
1.270000000000000000e+02 
0
-1
-1
128
-0.2545910625481248
0.126921367998442
2.614636059827655
122
1.290000000000000000e+02 
1.280000000000000000e+02 
0
-1
-1
129
-0.27208884000159833
0.13639760063567957
2.6624998687141357
123
1.300000000000000000e+02 
1.290000000000000000e+02 
0
-1
-1
130
-0.2987779869783886
0.1490752173175966
2.721851907346873
124
1.310000000000000000e+02 
1.300000000000000000e+02 
0
-1
-1
131
-0.34512058702224635
0.16713664159676184
2.7999040707508747
125
1.320000000000000000e+02 
1.310000000000000000e+02 
0
-1
-1
132
-0.3733989126826775
0.1763736783879531
2.8405550458252558
126
1.330000000000000000e+02 
1.320000000000000000e+02 
0
-1
-1
133
-0.42568777228737953
0.191191193626431
2.8769822053122525
127
1.340000000000000000e+02 
1.330000000000000000e+02 
0
-1
-1
134
-0.4595193466619299
0.19996243835332783
2.8938338285296528
128
1.350000000000000000e+02 
1.340000000000000000e+02 
0
-1
-1
135
-0.4836548067348989
0.20587985907572792
2.9018507194314083
129
1.360000000000000000e+02 
1.350000000000000000e+02 
0
-1
-1
136
-0.5125376250267564
0.21257997428485442
2.922962341828432
130
1.370000000000000000e+02 
1.360000000000000000e+02 
0
-1
-1
137
-0.5417955192821741
0.21874220146264434
2.938791265561308
131
1.380000000000000000e+02 
1.370000000000000000e+02 
0
-1
-1
138
-0.5756471173411757
0.22565408351352623
2.938960800299502
132
1.390000000000000000e+02 
1.380000000000000000e+02 
0
-1
-1
139
-0.5999258930062791
0.23071157010286078
2.932928357490646
133

1.390000000000000000e+02 
0
-1
-1
-
139
138
