0.019849885283248114
2.4383979817367805
2.433860952792061
1
0
0.2
0.020049934935662598
-0.0035053616416620414
-0.006950000000000234
2
1
0.39999999999999997
0.01994988730560922
-0.004820169173674227
-0.010499999999999954
3
2
0.6
0.01964997613032242
-0.004164503730571756
-0.006149999999999878
4
3
0.8000000000000002
0.019699964467832867
-0.00392195355349223
-0.006999999999999673
5
4
1.0000000000000002
0.014849998807875023
-0.0023166666742482356
-0.0025999999999997137
6
5
1.1500000000000004
0.01999999863632644
-0.00021462499043733985
-0.0
7
6
1.3500000000000005
0.019649700863461267
0.005509413137775976
0.012199999999999989
8
7
1.5500000000000007
0.019799975918016258
-0.000414015146815494
0.0017499999999999183
9
8
1.7500000000000009
0.019799991048383495
0.0015140152451240674
0.0025999999999997137
10
9
1.950000000000001
0.024899993835489645
0.0048950804071226095
0.005249999999999755
11
10
2.2
0.02464993997754606
0.0034858012114531434
0.006999999999999673
12
11
2.4499999999999993
0.02984973115428464
0.005226554923047466
0.009599999999999831
13
12
2.7499999999999982
0.014949964611246022
0.003770569228114251
0.00609999999999955
14
13
2.8999999999999977
0.019949846769519917
0.007641972415394882
0.013949999999999907
15
14
3.099999999999997
0.009799954422531518
0.006518877454524397
0.009599999999999831
16
15
3.1999999999999966
0.013494833889129856
0.06463176179718078
0.10129999999999972
17
16
3.399999999999996
0.017041297352056065
0.06902759536260694
0.11514999999999986
18
17
3.649999999999995
0.010097896104718437
0.050036109685845265
0.07505000000000006
19
18
3.7999999999999945
0.009998183057707328
0.04439285890635114
0.06889999999999974
20
19
3.949999999999994
0.013446022001471096
0.05605322705661342
0.08899999999999997
21
20
4.149999999999993
0.016739646992018364
0.07130045275448493
0.12215000000000042
22
21
4.399999999999992
0.01653907273631225
0.07505312953194254
0.12475000000000014
23
22
4.6499999999999915
0.04159718324038541
0.06082681772343568
0.062049999999999716
24
23
5.09999999999999
0.031762013760933364
0.0764869487929345
0.12824999999999953
25
24
5.4999999999999885
0.039803852673757044
0.028766894709984392
0.1255999999999995
26
25
5.999999999999987
0.043375258841239224
0.06216105975867592
0.13600000000000012
27
26
6.549999999999985
0.013595190733337089
0.060220081702826445
0.09600000000000009
28
27
6.749999999999984
0.04650699526066466
0.048050913687647245
0.14230000000000054
29
28
7.349999999999982
0.01674126039256223
0.06367549821854546
0.10909999999999975
30
29
7.599999999999981
0.02013324276554058
0.08418066545009584
0.14489999999999892
31
30
7.89999999999998
0.013746023993415788
0.054029061182852445
0.08555000000000046
32
31
8.09999999999998
0.04488997547879306
0.008799831792645207
0.0008000000000008001
33
32
8.599999999999987
0.04304917520371513
0.005405295806727217
0.02614999999999945
34
33
9.049999999999994
0.02853866823066533
0.08210084090109326
0.09950000000000081
35
34
9.399999999999999
0.03449991855953642
-0.0003738412358114118
0.0025999999999992696
36
35
9.750000000000004
0.029699320383508566
0.015365822178146082
0.02615000000000034
37
36
10.050000000000008
0.03459789093730609
0.018719886875360636
0.03575000000000017
38
37
10.400000000000013
0.039397023254345846
0.023413233239345743
0.041049999999999365
39
38
10.800000000000018
0.02959948427293317
0.013752464482108984
0.02090000000000103
40
39
11.100000000000023
0.049798633476202565
0.021666778100490447
0.033149999999999125
41
40
11.60000000000003
0.06103581148042705
0.02226687444621156
0.08980000000000032
42
41
12.250000000000039
0.03716017905781958
0.1049802156682702
0.19115000000000038
43
42
12.750000000000046
0.061233470439153344
0.01691765083865171
0.06020000000000003
44
43
13.450000000000056
0.05659640628254993
-0.0054658409451455725
0.023600000000000065
45
44
14.050000000000065
0.022031778657184045
0.06390612040872234
0.12824999999999953
46
45
14.350000000000069
0.04509956830653594
-0.01260134602287355
-0.017349999999999532
47
46
14.800000000000075
0.04459854821028906
0.008103630654847649
0.02179999999999982
48
47
15.250000000000082
0.04309801022342926
0.05806351938567733
0.14219999999999988
49
48
15.750000000000089
0.05613833542762026
0.04307562080835403
0.07945000000000046
50
49
16.400000000000098
0.016789367073532402
0.07265651392655581
0.12130000000000063
51
50
16.6500000000001
0.043483398405130866
0.060008158103570075
0.12575000000000003
52
51
17.20000000000011
0.020137184110209896
0.07334791301827881
0.12654999999999994
53
52
17.500000000000114
0.03474767606232245
0.05360328250306523
0.07594999999999974
54
53
17.90000000000012
0.01998661096134046
0.08248805737312903
0.13529999999999998
55
54
18.200000000000124
0.0133457777246165
0.05808830938225462
0.09165000000000045
56
55
18.400000000000126
0.013194990779457832
0.062060305304109775
0.09774999999999956
57
56
18.60000000000013
0.01354642627983514
0.05454357357756123
0.08550000000000058
58
57
18.800000000000132
0.01009811103685179
0.04567811112434139
0.06979999999999986
59
58
18.950000000000134
0.013396005776645823
0.05570390040591455
0.08809999999999985
60
59
19.150000000000137
0.010147880540222334
0.04844065629573091
0.0732999999999997
61
60
19.30000000000014
0.013544853791099895
0.056130547691845084
0.09340000000000016
62
61
19.500000000000142
0.00669946393177364
0.03270000000000001
0.04535
63
62
19.600000000000144
0.008099964185406879
0.02422222022432588
0.02185000000000001
64
63
19.700000000000145
0.009949693437378409
-0.01833944804645954
-0.026150000000000007
65
64
19.800000000000146
0.014848983906326774
-0.026349986246903184
-0.040999999999999995
66
65
19.95000000000015
0.009849788711387442
-0.018783249206444932
-0.025300000000000003
67
66
20.05000000000015
0.009899727104659995
-0.023125000000000007
-0.030550000000000008
68
67
20.15000000000015
0.014949139526081314
-0.0290180754030506
-0.041850000000000005
69
68
20.300000000000153
0.004900000000000002
-0.01485000000000003
-0.01485000000000003
70
69
20.350000000000154
0.01974959805391652
-0.019001016330300047
-0.02705000000000002
71
70
20.550000000000157
0.019649989052269886
-1.0177953038592591e-05
-0.0017499999999994742
72
71
20.75000000000016
0.01
0.0008499999999997954
0.0008499999999997954
73
72
20.85000000000016
0.009700000000000004
0.0
-0.0
74
73
20.950000000000163
0.014899961605939628
0.00634530073779338
0.009549999999999947
75
74
21.100000000000165
0.014849938603563461
0.004633330531089719
0.008700000000000152
76
75
21.250000000000167
0.014849884058395019
0.009563801208114953
0.01485000000000003
77
76
21.40000000000017
0.009999953492187316
0.005680500094566554
0.008700000000000152
78
77
21.50000000000017
0.009949953730616298
0.013545980042041546
0.016549999999999926
79
78
21.600000000000172
0.009899953952660698
0.007400000000000004
0.010450000000000001
80
79
21.700000000000173
0.00984996606456581
0.005211675096298683
0.007849999999999996
81
80
21.800000000000175
0.009899905254057376
0.014824999999999998
0.019200000000000002
82
81
21.900000000000176
0.009999938756187541
0.00871499985709693
0.012250000000000004
83
82
22.000000000000178
0.014849873040566133
0.005546119802005131
0.011349999999999999
84
83
22.15000000000018
0.01494992308575978
0.017180268319987188
0.02095000000000001
85
84
22.300000000000182
0.014749781350581217
0.00935609163098644
0.01659999999999999
86
85
22.450000000000184
0.01499993834589669
0.0116166678324187
0.014799999999999994
87
86
22.600000000000186
0.014949966540279724
0.009617391323678143
0.012199999999999989
88
87
22.75000000000019
0.009850000000000001
0.011350000000000027
0.011349999999999999
89
88
22.85000000000019
0.014799863008707689
0.011629394597212517
0.01654999999999998
90
89
23.000000000000192
0.009999904383160738
0.010343749163344934
0.014850000000000002
91
90
23.100000000000193
0.019849782572473537
0.010218905295931807
0.01479999999999998
92
91
23.300000000000196
0.01974954903969646
0.010042240261843721
0.020899999999999974
93
92
23.5000000000002
0.014799921508134568
0.0034420584625657336
0.007849999999999996
94
93
23.6500000000002
0.019899429778006725
0.016175377484164782
0.02614999999999998
95
94
23.850000000000204
0.019749450092077635
0.017256108308112417
0.024449999999999972
96
95
24.050000000000207
0.005050000000000001
0.0131
0.0131
97
96
24.100000000000207
0.014699323777405068
0.011637755262403404
0.023550000000000015
98
97
24.25000000000021
0.0097495904965276
0.010448473395966829
0.019199999999999995
99
98
24.35000000000021
0.019799938755298528
0.0036824501455234304
0.006950000000000012
100
99
24.550000000000214
0.02989991001749687
0.004339131617360215
0.007799999999999974
101
100
24.850000000000218
0.014849999999999999
-0.0
-0.0
102
101
25.00000000000022
0.009749999119661554
0.0013315384619320136
0.0008999999999999564
12.0
102
25.10000000000022
0.029849454718786125
0.06270034269496061
0.07225881471783069
103
17.0
26.200000000000237
0.01989977909737044
0.0337095639501257
0.038550633088688224
104
103
26.40000000000024
0.015149814061101647
0.02519987636097243
0.031179083548067865
105
104
26.550000000000242
0.014799953620793813
0.017114229486683286
0.02001524253778908
106
105
26.700000000000244
0.010149965037735607
0.015950980342622767
0.018537187150090784
107
106
26.800000000000246
0.009899953952660696
0.012954380317660608
0.016004380317660605
108
107
26.900000000000247
0.009799906220852755
0.014553506628690371
0.018973149770636688
109
108
27.00000000000025
0.0051
0.010060316178424511
0.010060316178424511
110
109
27.05000000000025
0.009949864183129367
0.022467729269388226
0.027718985789729533
111
110
27.15000000000025
0.009899840647646313
0.01554129180186603
0.021330939496779777
112
111
27.250000000000252
0.005
0.008731609793605433
0.008731609793605433
113
112
27.300000000000253
0.005000000000000001
0.006871698960344563
0.006871698960344563
114
113
27.350000000000254
0.004849999999999999
0.009438398602676479
0.009438398602676479
115
114
27.400000000000254
0.009849816746040367
0.01621165985609707
0.02228069500503338
116
115
27.500000000000256
0.009899815811071142
0.019517921825376927
0.02561792182537692
117
116
27.600000000000257
0.009799817690550184
0.017580440178367684
0.02374268584830208
118
117
27.70000000000026
0.005000000000000001
0.009210207003885973
0.009210207003885973
119
118
27.75000000000026
0.00485
0.012607571179270138
0.012607571179270138
120
119
27.80000000000026
0.0015000000000000002
0.05446708195082506
0.05446708195082506
121
120
27.85000000000026
0.0001505961054050781
3.1125892632220076
0.08881816507639018
122
121
27.950000000000262
0.0
-2.3304375641256865
0.047412773823441334
123
122
28.000000000000263
0.0
-2.3772467288266617
0.09745360912246603
124
123
28.100000000000264
0.014149193970707871
0.026821780977161147
0.03661261720949627
125
124
28.250000000000266
0.01484953342852295
0.021101962534246343
0.030430068499124108
126
125
28.40000000000027
0.009999884903901583
0.021996414594814162
0.026652413489879123
127
126
28.50000000000027
0.024747421312992228
0.032984399389546226
0.05429615784159747
128
127
28.750000000000274
0.019898109014854223
0.03063984086144389
0.04785801469477935
129
128
28.950000000000276
0.029546334870670623
0.03565421953177239
0.059346821366906166
130
129
29.25000000000028
0.0497371595732218
0.04812412364097396
0.07804752452090113
131
130
29.750000000000288
0.029748156797105837
0.025979476810476854
0.040646915473215195
132
131
30.050000000000292
0.05434732560688477
0.024906073796267414
0.03642367965485427
133
132
30.6000000000003
0.03494971623331791
0.010939927039256503
0.016848723363165785
134
133
30.950000000000305
0.024849964689813264
0.007330868820363712
0.008014571071111032
135
134
31.20000000000031
0.029649534068992074
0.011800513972918925
0.02110988256271451
136
135
31.500000000000313
0.02989963397768062
0.011048177352143806
0.01582776385622875
137
136
31.800000000000317
0.03454995547491477
0.0013889254401067141
0.00016895479986978046
138
137
32.15000000000031
0.024799941903111713
-0.0027395995562442543
-0.006032442808856064
139
138
32.4000000000003
