4.999569334356465
4.995214852003658
17.99030252591307
0
4.998545380124541
4.983607088190636
17.954812640522903
1
4.9974880026796376
4.969341279073967
17.926452344769444
2
4.996525937863168
4.956080995657354
17.879334991190255
3
4.995692941228848
4.944355550459472
17.86268516660277
4
4.9949396875737655
4.933216879145613
17.839589250881428
5
4.9944196165788375
4.9252351867758115
17.838970251935855
6
4.993773967484588
4.914738519885846
17.8483713997881
7
4.993190368408942
4.904979000587875
17.9138458334137
8
4.992522331381124
4.895036358492744
17.926545159099362
9
4.991873486136291
4.885317092468304
17.940447047553402
10
4.991057225227459
4.873913262149601
17.965196594488
11
4.990105160102938
4.863482281836523
18.00145137057919
12
4.988666636167767
4.851662828098348
18.03927761390512
13
4.988043870915953
4.846129087389016
18.064766658788685
14
4.987098488187115
4.83889926638371
18.12599340868198
15
4.9866116774889
4.834415652752782
18.165636860761783
16
4.983601341274164
4.817337883223632
18.686714854469876
17
4.980442614803745
4.813941993178608
19.26437120168793
18
4.976456821474426
4.799194274578302
19.640007662417933
19
4.973367454734328
4.794984096827769
19.99288906735198
20
4.9681509878098495
4.786392268781252
20.429812526477583
21
4.958614150043037
4.77404442918664
21.052331581960928
22
4.947355661955762
4.75774384587412
21.677359887489384
23
4.926088010591848
4.7544855634614285
21.979402328652426
24
4.901966447962892
4.7336692063816015
22.617591911786672
25
4.8695166497774345
4.716116767536578
23.26512778012124
26
4.827297813066388
4.687823626374529
23.952270276382038
27
4.812863661613787
4.681085525910909
24.43513952667322
28
4.762739927506032
4.658518675079939
25.16046481786603
29
4.747375564632998
4.649527260264243
25.704949913771173
30
4.7208230948957794
4.644292654179631
26.436272525168448
31
4.705300013202058
4.6395565448368625
26.866592484367153
32
4.6653226956205796
4.642374031900071
26.8825599813029
33
4.632201452727466
4.647188850789517
27.01464314114715
34
4.598710989818574
4.640746313998141
27.493695994939237
35
4.557654067332952
4.62425485935368
27.50759226107347
36
4.528880895868147
4.616342951403442
27.6256797644058
37
4.500688281068581
4.621071844745589
27.786894038078984
38
4.46807459419987
4.629762796815375
27.982247645035248
39
4.442541132389602
4.635735371628308
28.073105902513348
40
4.402350292995175
4.649711047064581
28.225098205544825
41
4.365861944768554
4.6550478009565435
28.691073067017115
42
4.342310375980124
4.666152589930773
29.648146757052313
43
4.310540490425292
4.686583042737992
29.971990572461735
44
4.2743027057907215
4.716110174387769
30.091162269987123
45
4.263160736448846
4.725000429336857
30.732275114492367
46
4.241464036530852
4.748388880771245
30.6436077482887
47
4.214756751552965
4.776478746984839
30.754657135366273
48
4.191352462300303
4.804175604992392
31.45921950766485
49
4.166195557477255
4.841062881366233
31.861150474039164
50
4.160646582996601
4.85171013416891
32.47994244403748
51
4.14635637516672
4.882141178373137
33.136341725520516
52
4.149438932270159
4.892139655733314
33.76406535372461
53
4.128837393431476
4.927326826954964
34.14043320446077
54
4.1331109195134506
4.939528641404
34.8209474723524
55
4.12686394640789
4.951550852081537
0.2749441650033144
56
4.134262772739169
4.960325375783723
0.7683814734390844
57
4.128630398991626
4.971703264211701
1.1952140418953219
58
4.134693068901861
4.979033367057987
1.5378944993191204
59
4.136210917732053
4.989008736834228
1.9921482556512724
60
4.136198955045456
4.996734750846898
2.351873679861515
61
4.147189534787898
5.006405317948079
2.825831337184469
62
4.144787552651498
5.011189438439525
3.057499948479064
63
4.146873254447213
5.016706336587373
3.146379413066687
64
4.147393815324152
5.023246572472351
3.001613589436997
65
4.1476749864748275
5.032732911600635
2.812875905514918
66
4.151140439697391
5.039682064161788
2.698888932989495
67
4.157643105579147
5.04811039330329
2.5511575113562066
68
4.168702770801294
5.061801743394427
2.337498887122334
69
4.169182343388681
5.065558552735272
2.259064241663073
70
4.168076863311633
5.077565981539676
2.1236806307048086
71
4.166635589243809
5.088482730397266
2.111184527205452
72
4.166026742296661
5.093726572817154
2.114877396112581
73
4.1654829862692075
5.098794119540198
2.1122766965724
74
4.16554011745513
5.107254571858455
2.1561445799441024
75
4.166860505457694
5.116428313135685
2.1929428520667824
76
4.1704147106761305
5.126622804274233
2.256268720351172
77
4.173822365067391
5.1348528262557185
2.2939829186625316
78
4.179166389773969
5.144590804522079
2.3717214193166813
79
4.184992205496571
5.154047810162816
2.4199841652813854
80
4.190193936836073
5.162739048992192
2.4562418020539507
81
4.195320000456042
5.171249677975642
2.5543522623967205
82
4.20047276975597
5.179910301646801
2.6158625598568377
83
4.207151314619453
5.192518749686839
2.676254702328673
84
4.2116245728714965
5.201979502835429
2.7763066802685095
85
4.215994096923022
5.2110800167966245
2.8620161854380015
86
4.218734022411574
5.218154975536039
2.926091139517631
87
4.22222457708153
5.225597981164731
2.981795220130046
88
4.225069911468316
5.23087611783998
3.0321713778844392
89
4.229404973981415
5.2386152270063
3.111601476425953
90
4.233183185318101
5.244488552031239
3.1831034323867105
91
4.242465047181526
5.257932059984644
3.244894009572751
92
4.2511489050051745
5.270755021875002
3.348745760780819
93
4.259327210010846
5.281793086954022
3.381448590167528
94
4.271788262813496
5.29790014520549
3.508653807528324
6
4.284349061899401
5.312966182707494
3.626056126105138
7
4.287550972101652
5.31688480208293
3.697601367894074
95
4.294644984732086
5.325597927658848
3.811884692445944
8
4.299453110868519
5.331704150167459
3.910727113461295
9
4.312419659528742
5.343321963866162
3.9352067684352416
10
4.329324910780066
5.359853198570459
3.970384088451283
11
4.337526217767223
5.3678967047028605
3.967609155687639
96
3.9992512087979515
3.9317383542161446
17.88364985539554
97
3.9982253072884566
3.9200116946032004
17.967422805936604
98
3.997186640882056
3.911401129347367
18.061637616841796
99
3.996117829170216
3.9042752901004256
18.104311538645412
100
3.9953461666439676
3.899727120851111
18.16651060442372
101
3.9945501176997897
3.894421915683912
18.216617963904362
102
3.993426059188727
3.887434283667832
18.285795053196537
103
3.992868151790235
3.8827996341296913
18.324996423826168
104
3.9914264119287273
3.8728678369907907
18.447697222815737
105
3.989509326347952
3.8621141570851414
18.54473583936695
106
3.988472562542725
3.8571761326297596
18.5843904636981
107
3.9874904300800624
3.852893687083915
18.61649962621678
108
3.986545898752337
3.849412231473883
18.66447518185032
109
3.9851219520674777
3.8437928258877117
18.775974713275193
110
3.9836416103856545
3.841109002522236
18.89904328587362
111
3.9821371100703624
3.8387092348074914
19.00637909463062
112
3.9811551910588214
3.8373220444699756
19.043684356196223
113
3.980221191889945
3.835732371533277
19.101388359707407
114
3.9805047017306086
3.8364563401234575
19.388823734557874
115
3.979217897863885
3.8293570007402336
19.855617864778992
116
3.9792163189330587
3.831500080824421
20.1047907906379
117
3.9790840395263087
3.8290761215777476
20.61912041985581
118
3.972362427416149
3.8149084144408008
20.787225706358598
119
3.965496142039897
3.8110573028071606
20.942470097529288
120
3.961225067158421
3.8104423896137902
21.067762250678193
121
3.9491179219294636
3.7974314873315533
21.308654466120682
122
3.9348841362735705
3.776970198332406
21.53797741478725
123
3.9159670825664454
3.76067535345648
21.836461399173892
124
3.890793554079062
3.75157984492121
22.187061607293195
125
3.8676048800996954
3.731954000290181
22.372253599354895
126
3.8258964918879403
3.698487592836198
22.54263409395562
127
3.8009319365880563
3.680649776914337
22.626002743665467
128
3.7839251081077405
3.669424559114563
22.662859265581424
129
3.7645596470073963
3.6568870802274205
22.769486568324005
130
3.744331146523593
3.6453476349729588
22.839070022276132
131
3.720501271573247
3.6313401906094516
22.837727113897287
132
3.704365724582617
3.6206348597346034
22.8094307244547
133
-
139
0
