0
5.5
5.5
17.162428152680715
1.5
0.000000000000000000e+00 
1
4.9988303280882125
4.986889993601135
17.962428152680715
1.5
1.000000000000000000e+00 
2
4.997758108527364
4.973013569628727
17.938152287689025
1.5
2.000000000000000000e+00 
3
4.996759107169222
4.95936646683057
17.916800091737656
1.5
3.000000000000000000e+00 
4
4.9958928868301555
4.947328699278904
17.880484287669248
1.5
4.000000000000000000e+00 
5
4.995117268527765
4.93588502244966
17.855216660916614
1.5
5.000000000000000000e+00 
6
4.994586751440765
4.9278821098490075
17.835627075078165
1.5
6.000000000000000000e+00 9.500000000000000000e+01 
7
4.993933937668096
4.917338116382481
17.840668468462308
1.5
7.000000000000000000e+00 9.600000000000000000e+01 
8
4.9933243845244695
4.907338518249751
17.90672742190022
1.5
8.000000000000000000e+00 9.800000000000000000e+01 
9
4.992683465814837
4.897539301744207
17.912307185390148
1.5
9.000000000000000000e+00 9.900000000000000000e+01 
10
4.992031639135188
4.887599445724703
17.934928527683752
1.5
1.000000000000000000e+01 1.000000000000000000e+02 
11
4.991217491192875
4.876091406595419
17.96477984740128
1.5
1.100000000000000000e+01 1.010000000000000000e+02 
12
4.990256072660219
4.865428485982923
17.98190529304949
1.5
1.200000000000000000e+01 
13
4.98887403143901
4.853555361603168
18.035421338775954
1.5
1.300000000000000000e+01 
14
4.988244668354653
4.847878754645536
18.059997495044236
1.5
1.400000000000000000e+01 
15
4.987386795647373
4.840816169046177
18.097168333240546
1.5
1.500000000000000000e+01 
16
4.986853202554614
4.8365459212456585
18.137647454501273
1.5
1.600000000000000000e+01 
17
4.984509447275751
4.82241176153949
18.55765224313982
2.45000000000001
1.700000000000000000e+01 
18
4.981383594034865
4.816483050630491
19.149560481559888
1.5
1.800000000000000000e+01 
19
4.978190047879906
4.805045825740145
19.51045141617302
1.5
1.900000000000000000e+01 
20
4.974669624426403
4.794900655650791
19.862187351208043
1.5
2.000000000000000000e+01 
21
4.969600895137023
4.790884737280342
20.327975660030724
1.5
2.100000000000000000e+01 
22
4.9607647568714235
4.773257450783736
20.918575211234085
1.5
2.200000000000000000e+01 
23
4.95039023015603
4.761964734191208
21.56857865923221
1.5
2.300000000000000000e+01 
24
4.928366246130045
4.754606168689859
21.981099068737542
1.5
2.400000000000000000e+01 
25
4.906151076230176
4.7368956277742615
22.624617556875776
1.5
2.500000000000000000e+01 
26
4.87212952137478
4.717765396919406
23.138753409254537
1.5
2.600000000000000000e+01 
27
4.831594514161855
4.688009089183445
23.856283604681792
1.5
2.700000000000000000e+01 
28
4.814808798657885
4.683331066215843
24.326450473327405
1.5
2.800000000000000000e+01 
29
4.767268551849713
4.659398746101465
25.05049369622564
1.5
2.900000000000000000e+01 
30
4.750894711949285
4.651929310317511
25.59053626358873
1.5
3.000000000000000000e+01 
31
4.724429733372251
4.645830396596428
26.299282686171594
1.5
3.100000000000000000e+01 
32
4.711020394429074
4.640184565067222
26.771203179026205
1.5
3.200000000000000000e+01 
33
4.668038004087846
4.642477896563418
26.747069093583725
1.5
3.300000000000000000e+01 
34
4.634122449866295
4.646937136898689
26.91526123707129
1.5
3.400000000000000000e+01 
35
4.605357869922938
4.643196616973708
27.518379439181217
1.5
3.500000000000000000e+01 
36
4.563077188471182
4.626347955857453
27.509924329264418
1.5
3.600000000000000000e+01 
37
4.5332003280282445
4.6169244687361894
27.59740134887197
1.5
3.700000000000000000e+01 
38
4.5046591353293834
4.619662770166898
27.768031117800007
1.5
3.800000000000000000e+01 
39
4.472257327687648
4.628756721069304
27.955839915407143
1.5
3.900000000000000000e+01 
40
4.44694530321745
4.634526802898266
28.05987899631118
1.5
4.000000000000000000e+01 
41
4.406219346345367
4.648381654589958
28.213136370179924
1.5
4.100000000000000000e+01 
42
4.366368234798869
4.656331152597359
28.531482828952495
1.5
4.200000000000000000e+01 
43
4.343336969406162
4.6659678627792305
29.52276287811862
1.5
4.300000000000000000e+01 
44
4.312398176185612
4.6853791859843685
29.829720163285153
1.5
4.400000000000000000e+01 
45
4.276144411774794
4.714525475190969
29.985095578102914
1.5
4.500000000000000000e+01 
46
4.26425866912788
4.724186433363516
30.59227449729987
1.5
4.600000000000000000e+01 
47
4.244034462717352
4.745688343004419
30.64113210644854
1.5
4.700000000000000000e+01 
48
4.217685384304831
4.773207066670507
30.760888126635393
1.5
4.800000000000000000e+01 
49
4.191927162826377
4.80261122452625
31.408111752313594
1.5
4.900000000000000000e+01 
50
4.16943563999763
4.836596351404881
31.884516168378404
1.5
5.000000000000000000e+01 
51
4.158909649703109
4.851934569233692
32.372225074351334
1.5
5.100000000000000000e+01 
52
4.149177951050303
4.878590224243772
33.02666286073943
1.5
5.200000000000000000e+01 
53
4.150240758209002
4.889069044549032
33.65676877720096
1.5
5.300000000000000000e+01 
54
4.130903954476887
4.924145099016825
34.02480349058244
1.5
5.400000000000000000e+01 
55
4.134766037477195
4.936003937046764
34.712064110508976
1.5
5.500000000000000000e+01 
56
4.1269739910377865
4.948826034416681
0.16526248980469038
1.5
5.600000000000000000e+01 
57
4.133131649709416
4.957806981495942
0.6560288519985489
1.5
5.700000000000000000e+01 
58
4.1291777514781876
4.969226571421293
1.0950134228770456
1.5
5.800000000000000000e+01 
59
4.131201554679538
4.976776521266505
1.4108843838849947
1.5
5.900000000000000000e+01 
60
4.137662609692577
4.986802028325294
1.880335331512025
1.5
6.000000000000000000e+01 
61
4.13441633338638
4.994211833646662
2.2328681774658112
1.5
6.100000000000000000e+01 
62
4.146079201253713
5.003913197986362
2.6885580187647893
1.5
6.200000000000000000e+01 
63
4.146098672053547
5.008750878992265
2.926775502815104
1.5
6.300000000000000000e+01 
64
4.144139216326573
5.01311522205917
3.196797718130341
1.5
6.400000000000000000e+01 
65
4.147628016238394
5.020041343713906
3.085256239993665
1.5
6.500000000000000000e+01 
66
4.146550982216378
5.029699645782801
2.881247886917982
1.5
6.600000000000000000e+01 
67
4.149373099740215
5.03623126574978
2.7593791356339676
1.5
6.700000000000000000e+01 
68
4.153597205249205
5.0434479891585635
2.6233076470900962
1.5
6.800000000000000000e+01 
69
4.166496581385661
5.0576082871499635
2.400482670121834
1.5
6.900000000000000000e+01 
70
4.168702770801294
5.061801743394427
2.337498887122334
1.5
7.000000000000000000e+01 
71
4.1685178029104275
5.074837543270388
2.1440840769918283
1.5
7.100000000000000000e+01 
72
4.166937991136948
5.0857895202027485
2.127159082701204
1.5
7.200000000000000000e+01 
73
4.166243675273325
5.091147232676502
2.116876995242744
1.5
7.300000000000000000e+01 
74
4.16573123450466
5.0962048445821155
2.1135464178420063
1.5
7.400000000000000000e+01 
75
4.16550609103815
5.10446773086898
2.1344786819696346
1.5
7.500000000000000000e+01 
76
4.166591989788882
5.113436889189721
2.1607507087116855
1.5
7.600000000000000000e+01 
77
4.169119326697414
5.12319391443805
2.227639411572472
1.5
7.700000000000000000e+01 
78
4.172175929276069
5.130810429971842
2.26427018358558
1.5
7.800000000000000000e+01 
79
4.1759200638696665
5.13939153911966
2.3457982535257784
1.5
7.900000000000000000e+01 
80
4.1822162447653355
5.149407813647223
2.390395213820072
1.5
8.000000000000000000e+01 
81
4.187708362512483
5.158467724442472
2.429831405074711
1.5
8.100000000000000000e+01 
82
4.192643634272304
5.167044343841885
2.5107760100431067
1.5
8.200000000000000000e+01 
83
4.197888624076284
5.175646610654202
2.579417291117357
1.5
8.300000000000000000e+01 
84
4.205068180340053
5.18851109848618
2.6269885327726197
1.5
8.400000000000000000e+01 
85
4.210045919912005
5.198808767452505
2.7600589340234296
1.5
8.500000000000000000e+01 
86
4.214710600921964
5.208137598686266
2.8160428984783925
1.5
8.600000000000000000e+01 
87
4.21781345250266
5.215844947654357
2.9162200074529143
1.5
8.700000000000000000e+01 
88
4.221061334408859
5.223152532334607
2.9702832720305268
1.5
8.800000000000000000e+01 
89
4.223364033416269
5.22795719637468
3.041989288804303
1.5
8.900000000000000000e+01 
90
4.227771628446431
5.235853213059556
3.093305425392172
1.5
9.000000000000000000e+01 
91
4.2311501054733425
5.241457767088561
3.141004264844514
1.5
9.100000000000000000e+01 
92
4.240339505146684
5.254811574576405
3.2381492208085607
1.5
9.200000000000000000e+01 
93
4.248578733841036
5.267144766247509
3.2957857253800027
1.5
9.300000000000000000e+01 
94
4.256762835501577
5.27826287849576
3.3546772225693964
1.5
9.400000000000000000e+01 
95
4.284349061899401
5.312966182707494
3.626056126105138
1.5
9.700000000000000000e+01 
96
4.334823513200424
5.365203598327533
3.9677478979030347
1.5
1.020000000000000000e+02 
97
3.999502852396205
3.934627939843498
17.86138109811867
1.5
1.030000000000000000e+02 
98
3.9984925964015066
3.9230405259953285
17.961200967273186
1.5
1.040000000000000000e+02 
99
3.997549278080819
3.914270253831047
18.034744847624346
1.5
1.050000000000000000e+02 
100
3.9964720523672064
3.9066087239366354
18.095522274605475
1.5
1.060000000000000000e+02 
101
3.995758484785953
3.901925765058013
18.148156934987302
1.5
1.070000000000000000e+02 
102
3.994968050307115
3.897256816361578
18.192005116593574
1.5
1.080000000000000000e+02 
103
3.993978372261709
3.8911560014447115
18.246530509240202
1.5
1.090000000000000000e+02 
104
3.993426059188727
3.887434283667832
18.285795053196537
1.5
1.100000000000000000e+02 
105
3.9922656575953708
3.8781706935362905
18.39885079690616
1.5
1.110000000000000000e+02 
106
3.9904543666920835
3.8673244889970997
18.485560994885258
1.5
1.120000000000000000e+02 
107
3.989509326347952
3.8621141570851414
18.54473583936695
1.5
1.130000000000000000e+02 
108
3.988472562542725
3.8571761326297596
18.5843904636981
1.5
1.140000000000000000e+02 
109
3.9874904300800624
3.852893687083915
18.61649962621678
1.5
1.150000000000000000e+02 
110
3.985844368885381
3.8462335670457755
18.710983477534427
1.5
1.160000000000000000e+02 
111
3.984424321201592
3.842416841636311
18.83838528090437
1.5
1.170000000000000000e+02 
112
3.983129568480895
3.8397056462656636
18.94806741103247
1.5
1.180000000000000000e+02 
113
3.9821371100703624
3.8387092348074914
19.00637909463062
1.5
1.190000000000000000e+02 
114
3.9811551910588214
3.8373220444699756
19.043684356196223
1.5
1.200000000000000000e+02 
115
3.980221191889945
3.835732371533277
19.101388359707407
1.5
1.210000000000000000e+02 
116
3.9797172688950644
3.8324583704830966
19.583811595603628
1.5
1.220000000000000000e+02 
117
3.979217897863885
3.8293570007402336
19.855617864778992
1.5
1.230000000000000000e+02 
118
3.979049446827463
3.832707805349269
20.357073400420937
1.5
1.240000000000000000e+02 
119
3.974216274998227
3.8169166046308423
20.76264929439501
1.5
1.250000000000000000e+02 
120
3.967710194076375
3.811899134813183
20.89920631334702
1.5
1.260000000000000000e+02 
121
3.9636441033690044
3.810947473605677
21.028208555841587
1.5
1.270000000000000000e+02 
122
3.9520551651895808
3.8006165841027775
21.24453977486331
1.5
1.280000000000000000e+02 
123
3.9383221477677353
3.782770626116622
21.496969750239703
1.5
1.290000000000000000e+02 
124
3.9186657915256493
3.7622221688424142
21.783061168680028
1.5
1.300000000000000000e+02 
125
3.893749129817385
3.75328331948392
22.166535118358986
1.5
1.310000000000000000e+02 
126
3.8716103295382274
3.7355685068797957
22.352995554378964
1.5
1.320000000000000000e+02 
127
3.8295712206306813
3.7010511441921183
22.537905766636513
1.5
1.330000000000000000e+02 
128
3.8043104358520674
3.683115266990044
22.606548111939457
1.5
1.340000000000000000e+02 
129
3.7873965461227916
3.6719229389985832
22.66154237743987
1.5
1.350000000000000000e+02 
130
3.7676790700607645
3.6589401692594263
22.742155961769903
1.5
1.360000000000000000e+02 
131
3.747859219664792
3.6473033084650384
22.84091501775296
1.5
1.370000000000000000e+02 
132
3.7237910131887
3.6333847558357153
22.8452017013174
1.5
1.380000000000000000e+02 
133
3.707581260352603
3.6229690876727645
22.816906395938098
1.5
1.390000000000000000e+02 
-
133
133
