0
-0.6448495714758227
-0.681981000812487
-1.0661303492673506
0
0.000000000000000000e+00 

0
-1
-1
1
-0.6372264822044127
-0.6432235707555806
1.3764806035060781
1
1.000000000000000000e+00 
0.000000000000000000e+00 
0
-1
-1
2
-0.6294193905899732
-0.6043499518613511
1.3686806034782677
2
2.000000000000000000e+00 
1.000000000000000000e+00 
0
-1
-1
3
-0.6230699419279135
-0.575337752400873
1.3425306034414155
3
3.000000000000000000e+00 
2.000000000000000000e+00 
0
-1
-1
4
-0.6172983688744005
-0.5511677095264926
1.3259306033956928
4
4.000000000000000000e+00 
3.000000000000000000e+00 
0
-1
-1
5
-0.6123190674459871
-0.5320558680233799
1.3102806033413015
5
5.000000000000000000e+00 
4.000000000000000000e+00 
0
-1
-1
6
-0.6056110606701277
-0.5082327115098128
1.2901806032784757
6
6.000000000000000000e+00 
5.000000000000000000e+00 
0
-1
-1
7
-0.5998812020818733
-0.489228022305563
1.2709806032074806
7
7.000000000000000000e+00 
6.000000000000000000e+00 
0
-1
-1
8
-0.5876676413697292
-0.4517183655223961
1.2396806031286085
8
8.000000000000000000e+00 
7.000000000000000000e+00 
0
-1
-1
9
-0.5775933196355739
-0.42367338000536525
1.2179306030421824
9
9.000000000000000000e+00 
8.000000000000000000e+00 
0
-1
-1
10
-0.5688271685995105
-0.39867096978936
1.2789806029485513
10
1.000000000000000000e+01 
9.000000000000000000e+00 
0
-1
-1
11
-0.5657122815473059
-0.38559134423944
1.3732806028480897
11
1.100000000000000000e+01 
1.000000000000000000e+01 
0
-1
-1
12
-0.5638479026662786
-0.3723264442530625
1.4666806027411967
12
1.200000000000000000e+01 
1.100000000000000000e+01 
0
-1
-1
13
-0.5632808943766887
-0.3589935037146715
1.565280602628294
13
1.300000000000000000e+01 
1.200000000000000000e+01 
0
-1
-1
14
-0.5647085731704682
-0.33850735056229037
1.6952806025098228
14
1.400000000000000000e+01 1.010000000000000000e+02 
1.300000000000000000e+01 1.000000000000000000e+02 
0
-1
-1
15
-0.575647816209601
-0.31924172584213395
2.2897401659471077
15
1.500000000000000000e+01 1.030000000000000000e+02 
1.400000000000000000e+01 1.020000000000000000e+02 
0
-1
-1
16
-0.573702748863024
-0.3085781169737513
2.2633326565364196
16
1.600000000000000000e+01 
1.500000000000000000e+01 
0
-1
-1
17
-0.5969598106051515
-0.27753569897451114
2.300218792650688
17
1.700000000000000000e+01 
1.600000000000000000e+01 1.040000000000000000e+02 
0
-1
-1
18
-0.6265531718562414
-0.2316985242163952
2.3029429720413397
18
1.800000000000000000e+01 
1.700000000000000000e+01 
0
-1
-1
19
-0.6524207574357523
-0.1983158445024073
2.3597981297859345
19
1.900000000000000000e+01 
1.800000000000000000e+01 
0
-1
-1
20
-0.6943754454358806
-0.1531547199015504
2.4366532875256177
20
2.000000000000000000e+01 
1.900000000000000000e+01 
0
-1
-1
21
-0.749712717652516
-0.1001486762280845
2.4394084452606593
21
2.100000000000000000e+01 
2.000000000000000000e+01 
0
-1
-1
22
-0.7817080091510539
-0.06591400681062533
2.402863602991344
22
2.200000000000000000e+01 
2.100000000000000000e+01 
0
-1
-1
23
-0.8119130367154244
-0.030157384923918187
2.3435687607179694
23
2.300000000000000000e+01 
2.200000000000000000e+01 
0
-1
-1
24
-0.8402692549762074
0.00715033333238893
2.2930739184408466
24
2.400000000000000000e+01 
2.300000000000000000e+01 
0
-1
-1
25
-0.8730736898701988
0.05379850517021688
2.2398290761602953
25
2.500000000000000000e+01 
2.400000000000000000e+01 
0
-1
-1
26
-0.9065172495078673
0.10588839582825711
2.2041842338766475
26
2.600000000000000000e+01 
2.500000000000000000e+01 
0
-1
-1
27
-0.933494103574461
0.15101965940081402
2.1851393915902433
27
2.700000000000000000e+01 
2.600000000000000000e+01 
0
-1
-1
28
-0.9624075172531104
0.20038455349228199
2.1783945493014256
28
2.800000000000000000e+01 1.050000000000000000e+02 
2.700000000000000000e+01 
0
-1
-1
29
-1.003234727849283
0.26366351697196067
2.28329970673527
29
2.900000000000000000e+01 
2.800000000000000000e+01 
0
-1
-1
30
-1.0349173094448316
0.30152221450307415
2.4318048643061685
30
3.000000000000000000e+01 
2.900000000000000000e+01 
0
-1
-1
31
-1.058633830461601
0.3254698018834698
2.567160021876836
31
3.100000000000000000e+01 
3.000000000000000000e+01 
0
-1
-1
32
-1.0810718956995244
0.3431852175835075
2.6423651794479035
32
3.200000000000000000e+01 
3.100000000000000000e+01 
0
-1
-1
33
-1.1028618328217594
0.3577441948623033
2.8118203370199977
33
3.300000000000000000e+01 
3.200000000000000000e+01 
0
-1
-1
34
-1.1326241686808172
0.3706076341414063
2.89747549459374
34
3.400000000000000000e+01 
3.300000000000000000e+01 
0
-1
-1
35
-1.1754487130705122
0.3839356008182082
3.0162306521697415
35
3.500000000000000000e+01 
3.400000000000000000e+01 
0
-1
-1
36
-1.2042265704971102
0.3917750975483569
3.049485809748605
36
3.600000000000000000e+01 
3.500000000000000000e+01 
0
-1
-1
37
-1.2431674652363371
0.39919365568735793
3.1158909673309214
37
3.700000000000000000e+01 
3.600000000000000000e+01 
0
-1
-1
38
-1.2841141194177519
0.4018140862463151
-3.0519891822623215
38
3.800000000000000000e+01 
3.700000000000000000e+01 
0
-1
-1
39
-1.3097673976785345
0.40309706045914556
-2.9593840246713876
39
3.900000000000000000e+01 
3.800000000000000000e+01 
0
-1
-1
40
-1.3560552210842323
0.39444805703630703
-2.7629288670753227
40
4.000000000000000000e+01 
3.900000000000000000e+01 
0
-1
-1
41
-1.3901585370771419
0.3832492873894556
-2.6345237094736014
41
4.100000000000000000e+01 
4.000000000000000000e+01 
0
-1
-1
42
-1.4069234117459004
0.3760277862454251
-2.476418551865721
42
4.200000000000000000e+01 
4.100000000000000000e+01 
0
-1
-1
43
-1.4330063833334918
0.35977293415630884
-2.3994133942511997
43
4.300000000000000000e+01 
4.200000000000000000e+01 
0
-1
-1
44
-1.4418273051685904
0.3540402982741241
-2.2779582366295834
44
4.400000000000000000e+01 
4.300000000000000000e+01 
0
-1
-1
45
-1.4582859691761252
0.33754471351653276
-2.2533530790004366
45
4.500000000000000000e+01 
4.400000000000000000e+01 
0
-1
-1
46
-1.4704551310891256
0.32423317492603193
-2.109247921363354
46
4.600000000000000000e+01 
4.500000000000000000e+01 
0
-1
-1
47
-1.4790677171637268
0.310147822159771
-1.94859276371796
47
4.700000000000000000e+01 
4.600000000000000000e+01 
0
-1
-1
48
-1.4848042228438385
0.2948929600401376
-1.7931376060639017
48
4.800000000000000000e+01 
4.700000000000000000e+01 
0
-1
-1
49
-1.487274351881156
0.27873971331646286
-1.6219324484008601
49
4.900000000000000000e+01 
4.800000000000000000e+01 
0
-1
-1
50
-1.4866399196563675
0.26573788194810494
-1.4795272907285457
50
5.000000000000000000e+01 
4.900000000000000000e+01 
0
-1
-1
51
-1.482236117029729
0.2463573693640017
-1.2952721330466992
51
5.100000000000000000e+01 
5.000000000000000000e+01 
0
-1
-1
52
-1.474010453620403
0.22612507578063912
-1.2262169753550944
52
5.200000000000000000e+01 
5.100000000000000000e+01 
0
-1
-1
53
-1.458616867652595
0.1722191273956204
-1.3290118176535362
53
5.300000000000000000e+01 
5.200000000000000000e+01 
0
-1
-1
54
-1.4404836986965757
0.09299015840527391
-1.2983566599418626
54
5.400000000000000000e+01 
5.300000000000000000e+01 
0
-1
-1
55
-1.4215553505552272
0.03494745270709164
-1.2065515022199456
55
5.500000000000000000e+01 
5.400000000000000000e+01 
0
-1
-1
56
-1.3990591972290096
-0.016855052651816957
-1.1286963444876876
56
5.600000000000000000e+01 
5.500000000000000000e+01 
0
-1
-1
57
-1.3751189470835108
-0.06259221893997646
-1.0693411867450286
57
5.700000000000000000e+01 
5.600000000000000000e+01 
0
-1
-1
58
-1.3512431449362103
-0.1026060096808771
-1.0369360289919392
58
5.800000000000000000e+01 
5.700000000000000000e+01 
0
-1
-1
59
-1.3311991456346681
-0.13326009881879022
-1.0132308712284235
59
5.900000000000000000e+01 
5.800000000000000000e+01 
0
-1
-1
60
-1.3062620340623454
-0.17279728404167632
-1.0480757134545189
60
6.000000000000000000e+01 
5.900000000000000000e+01 
0
-1
-1
61
-1.2859265434766773
-0.2090547271262307
-1.0986205556702957
61
6.100000000000000000e+01 
6.000000000000000000e+01 
0
-1
-1
62
-1.2693600799113764
-0.24166569004699648
-1.1422153978758558
62
6.200000000000000000e+01 
6.100000000000000000e+01 
0
-1
-1
63
-1.2562168193487673
-0.2702293627379631
-1.1848602400713344
63
6.300000000000000000e+01 
6.200000000000000000e+01 
0
-1
-1
64
-1.2446154311753468
-0.29929516412220875
-1.2352550822568957
64
6.400000000000000000e+01 
6.300000000000000000e+01 
0
-1
-1
65
-1.2349322409580046
-0.3292512236728262
-1.2960999244327331
65
6.500000000000000000e+01 
6.400000000000000000e+01 
0
-1
-1
66
-1.226521451617642
-0.36421907085991034
-1.3779447665990736
66
6.600000000000000000e+01 
6.500000000000000000e+01 
0
-1
-1
67
-1.2208072028535084
-0.4047712648643237
-1.4563396087561684
67
6.700000000000000000e+01 
6.600000000000000000e+01 
0
-1
-1
68
-1.2166426808415138
-0.42075124335364344
-1.2912844509042984
68
6.800000000000000000e+01 
6.700000000000000000e+01 
0
-1
-1
69
-1.2003310838514833
-0.46617824354923326
-1.1236292930437697
69
6.900000000000000000e+01 
6.800000000000000000e+01 
0
-1
-1
70
-1.172711436658707
-0.5235826231728815
-1.1262241351749152
70
7.000000000000000000e+01 
6.900000000000000000e+01 
0
-1
-1
71
-1.1388174625659024
-0.5848702753134276
-0.9925689772980884
71
7.100000000000000000e+01 
7.000000000000000000e+01 
0
-1
-1
72
-1.1009687074342285
-0.6377503829909139
-0.8528138194136694
72
7.200000000000000000e+01 
7.100000000000000000e+01 
0
-1
-1
73
-1.0631204200280044
-0.6759840047924424
-0.7007586615220556
73
7.300000000000000000e+01 
7.200000000000000000e+01 
0
-1
-1
74
-1.0161775572278233
-0.7107107197754409
-0.5504535036236669
74
7.400000000000000000e+01 
7.300000000000000000e+01 
0
-1
-1
75
-0.9785174933353953
-0.7296311000671729
-0.39414834571893875
75
7.500000000000000000e+01 
7.400000000000000000e+01 
0
-1
-1
76
-0.9510941617157034
-0.7356401413316689
-0.30759318780832556
76
7.600000000000000000e+01 
7.500000000000000000e+01 
0
-1
-1
77
-0.936155873427605
-0.736433711012179
-0.21843802989229544
77
7.700000000000000000e+01 
7.600000000000000000e+01 
0
-1
-1
78
-0.9189256178888296
-0.7355785057004349
-0.07693287197132849
78
7.800000000000000000e+01 
7.700000000000000000e+01 
0
-1
-1
79
-0.9013612195050246
-0.7323875179403214
0.05672228595408116
79
7.900000000000000000e+01 
7.800000000000000000e+01 
0
-1
-1
80
-0.8810255905071203
-0.7264363388363313
0.21657744388343136
80
8.000000000000000000e+01 
7.900000000000000000e+01 
0
-1
-1
81
-0.8673260732049143
-0.7193788495736508
0.3257826018162109
81
8.100000000000000000e+01 
8.000000000000000000e+01 
0
-1
-1
82
-0.8478806203656182
-0.7081129577869982
0.48643775975190245
82
8.200000000000000000e+01 
8.100000000000000000e+01 
0
-1
-1
83
-0.8298871632094851
-0.6943071250944262
0.586992917689984
83
8.300000000000000000e+01 
8.200000000000000000e+01 
0
-1
-1
84
-0.8040552425518057
-0.6751889346057609
0.5862980756299315
84
8.400000000000000000e+01 
8.300000000000000000e+01 
0
-1
-1
85
-0.777889396870656
-0.6561437666275307
0.5629032335712183
85
8.500000000000000000e+01 
8.400000000000000000e+01 
0
-1
-1
86
-0.7558408121501936
-0.64015389662854
0.5586583915133191
86
8.600000000000000000e+01 
8.500000000000000000e+01 
0
-1
-1
87
-0.7296721729457869
-0.6212056878460147
0.5841135494557113
87
8.700000000000000000e+01 
8.600000000000000000e+01 
0
-1
-1
88
-0.7083403691758342
-0.6041363684020431
0.6287687073978766
88
8.800000000000000000e+01 
8.700000000000000000e+01 
0
-1
-1
89
-0.6758167992290217
-0.5770665580779504
0.6996238653393008
89
8.900000000000000000e+01 
8.800000000000000000e+01 
0
-1
-1
90
-0.6563124162738565
-0.5572925251129394
0.763479023279479
90
9.000000000000000000e+01 
8.900000000000000000e+01 
0
-1
-1
91
-0.6356072839984042
-0.5338791368196121
0.8587841812179139
91
9.100000000000000000e+01 
9.000000000000000000e+01 
0
-1
-1
92
-0.6190694636827171
-0.5116238534961424
0.9173893391541208
92
9.200000000000000000e+01 
9.100000000000000000e+01 
0
-1
-1
93
-0.6002761990766308
-0.4842513353841934
0.9830444970876233
93
9.300000000000000000e+01 
9.200000000000000000e+01 
0
-1
-1
94
-0.5960241887279069
-0.47498612831010495
1.051249655017963
94
9.400000000000000000e+01 
9.300000000000000000e+01 
0
-1
-1
95
-0.5921422630350524
-0.4654399464903095
1.118604812944693
8
9.500000000000000000e+01 
9.400000000000000000e+01 
0
-1
-1
96
-0.5850333794378274
-0.4485560520233052
1.1580099708673846
9
9.600000000000000000e+01 
9.500000000000000000e+01 
0
-1
-1
97
-0.5755238307442178
-0.4250713580908331
1.2314151287856263
10
9.700000000000000000e+01 
9.600000000000000000e+01 
0
-1
-1
98
-0.5700725629736745
-0.4053512121306009
1.3694702866990247
11
9.800000000000000000e+01 
9.700000000000000000e+01 
0
-1
-1
99
-0.5676745017780809
-0.3917713263829536
1.4612754446072076
12
9.900000000000000000e+01 
9.800000000000000000e+01 
0
-1
-1
100
-0.5639350424442471
-0.3618701382310391
1.5355806025098229
13
1.000000000000000000e+02 
9.900000000000000000e+01 
0
-1
-1
101
-0.5701480610462049
-0.3232402800160191
2.321639560662412
14
1.020000000000000000e+02 
1.010000000000000000e+02 
0
-1
-1
102
-0.5800893008064658
-0.2956448568482253
2.0319758180935574
95
1.040000000000000000e+02 
1.030000000000000000e+02 
0
-1
-1
103
-0.965894110327845
0.20581063396786625
2.1329947729627614
96
1.060000000000000000e+02 
1.050000000000000000e+02 
0
-1
-1
104
-0.9924855370729152
0.2476796365182636
2.144345485185279
97
1.070000000000000000e+02 
1.060000000000000000e+02 
0
-1
-1
105
-1.014292976881893
0.2809731660469939
2.1556957788427056
98
1.080000000000000000e+02 
1.070000000000000000e+02 
0
-1
-1
106
-1.0282442083651653
0.30147581593134376
2.179295891382842
99
1.090000000000000000e+02 
1.080000000000000000e+02 
0
-1
-1
107
-1.042630320039979
0.3214915873761678
2.2019959701969336
100
1.100000000000000000e+02 
1.090000000000000000e+02 
0
-1
-1
108
-1.0515837247670805
0.3334011342533012
2.222996004668228
101
1.110000000000000000e+02 
1.100000000000000000e+02 
0
-1
-1
109
-1.0637951338118494
0.3488594177523646
2.2474460412284856
102
1.120000000000000000e+02 
1.110000000000000000e+02 
0
-1
-1
110
-1.0732527113607093
0.36024312637042605
2.2700960624638666
103
1.130000000000000000e+02 
1.120000000000000000e+02 
0
-1
-1
111
-1.079795244996737
0.3677395157360761
2.292796073909007
104
1.140000000000000000e+02 
1.130000000000000000e+02 
0
-1
-1
112
-1.0864115427364274
0.3751038276243396
2.306746083671154
105
1.150000000000000000e+02 
1.140000000000000000e+02 
0
-1
-1
113
-1.0871177185302625
0.3758113186876717
2.451646096449467
106
1.160000000000000000e+02 
1.150000000000000000e+02 
0
-1
-1
114
-1.0908622092768332
0.3783070723897323
2.553696107204191
107
1.170000000000000000e+02 
1.160000000000000000e+02 
0
-1
-1
115
-1.0992497130189598
0.383659791082666
2.5763961131661275
108
1.180000000000000000e+02 
1.170000000000000000e+02 
0
-1
-1
116
-1.1036227698980237
0.38637987765742765
2.5851461156549256
109
1.190000000000000000e+02 
1.180000000000000000e+02 
0
-1
-1
117
-1.1118899178806207
0.3913572023848719
2.6052461202118087
110
1.200000000000000000e+02 
1.190000000000000000e+02 
0
-1
-1
118
-1.1203615426916822
0.39628363421601387
2.619246124291418
111
1.210000000000000000e+02 
1.200000000000000000e+02 
0
-1
-1
119
-1.1291157018423963
0.4011170049932793
2.642796127920351
112
1.220000000000000000e+02 
1.210000000000000000e+02 
0
-1
-1
120
-1.13353745170686
0.40345112716914616
2.6558961294750363
113
1.230000000000000000e+02 
1.220000000000000000e+02 
0
-1
-1
121
-1.1376314176172841
0.4055491409537024
2.706546132360722
114
1.240000000000000000e+02 
1.230000000000000000e+02 
0
-1
-1
122
-1.1378170168297677
0.4056236585651999
2.804296134985576
115
1.250000000000000000e+02 
1.240000000000000000e+02 
0
-1
-1
123
-1.1565417443364359
0.4104947577973295
2.901996141044128
116
1.260000000000000000e+02 
1.250000000000000000e+02 
0
-1
-1
124
-1.1853244863368095
0.4164650311694966
2.9631461470933456
117
1.270000000000000000e+02 
1.260000000000000000e+02 
0
-1
-1
125
-1.2149324653419398
0.4205870444273884
3.032096151831935
118
1.280000000000000000e+02 
1.270000000000000000e+02 
0
-1
-1
126
-1.249691206290942
0.4229936817437103
3.1036461560359783
119
1.290000000000000000e+02 
1.280000000000000000e+02 
0
-1
-1
127
-1.2944134575388357
0.42238684757715117
-3.073939147279228
120
1.300000000000000000e+02 
1.290000000000000000e+02 
0
-1
-1
128
-1.3384661750052156
0.4173449056661843
-2.998839144674781
121
1.310000000000000000e+02 
1.300000000000000000e+02 
0
-1
-1
129
-1.3778759745131892
0.41111478050577605
-2.9770391431031307
122

1.310000000000000000e+02 
0
-1
-1
-
129
128
