0.03949999842238931
2.442718547720319
2.4426109527920614
1
0
0.39999999999999997
0.03964982883310531
-0.003880327542534534
-0.007799999999999585
2
1
0.8000000000000002
0.029698875685675558
-0.013341647003633827
-0.02615000000000034
3
2
1.1000000000000003
0.024849588111880302
-0.0061351804854705705
-0.016599999999999948
4
3
1.3500000000000005
0.019749833660903493
-0.010003291166032824
-0.015650000000000386
5
4
1.5500000000000007
0.02474954834198855
-0.013952940756354337
-0.02010000000000023
6
5
1.800000000000001
0.019849672366442656
-0.012213992452999811
-0.019199999999999662
7
6
2.000000000000001
0.03944800909561198
-0.014968801295801804
-0.03130000000000033
8
7
2.3999999999999995
0.02979954991122624
-0.013749244705353991
-0.02175000000000038
9
8
2.6999999999999984
0.02649463953792016
0.015645577662262156
0.06104999999999983
10
9
2.9999999999999973
0.01344541287516029
0.0580225712385789
0.0942999999999996
11
10
3.1999999999999966
0.013395278324536117
0.05788058974186594
0.09339999999999993
12
11
3.399999999999996
0.013344991662673606
0.06161444365843982
0.09860000000000024
13
12
3.599999999999995
0.02053584032492741
0.07509316109680109
0.12999999999999945
14
13
3.899999999999994
0.028191762430767767
0.0736645049140141
0.08549999999999969
15
14
4.249999999999993
0.025222651600219633
0.06072995372058809
0.13350000000000062
16
15
4.599999999999992
0.04849607180777102
0.0010282408329138626
-0.010399999999999299
17
16
5.09999999999999
0.03959968522468563
-0.0019412317255502742
0.006100000000000438
18
17
5.4999999999999885
0.0397981377505554
0.018388209592365534
0.03489999999999993
19
18
5.899999999999987
0.05944303664163212
0.0315852172187947
0.05489999999999995
20
19
6.499999999999985
0.0745963022799886
0.004575475477831326
-0.01920000000000055
21
20
7.249999999999982
0.04469349993998346
-0.028352279683131254
-0.058499999999999996
22
21
7.699999999999981
0.0444881191861403
-0.044308049939234095
-0.08125000000000027
23
22
8.14999999999998
0.04439009547235272
-0.03928075625305061
-0.0724499999999999
24
23
8.599999999999987
0.05443737077639652
-0.038963705904405455
-0.07520000000000104
25
24
9.149999999999995
0.059192360659007084
-0.033680544366894605
-0.05760000000000032
26
25
9.750000000000004
0.04979626833361292
-0.023785131308237784
-0.04099999999999948
27
26
10.25000000000001
0.05439830495890588
-0.0182604024352071
-0.028699999999999726
28
27
10.800000000000018
0.07259314246789365
0.022197188941203816
0.08294999999999941
29
28
11.60000000000003
0.04702909868663985
0.06692205860307343
0.1265499999999995
30
29
12.150000000000038
0.03167343497779169
0.03773240395363686
0.1133999999999995
31
30
12.550000000000043
0.02699835506656769
0.05006535336183271
0.0532499999999998
32
31
12.850000000000048
0.02491668568383554
0.06972836734616195
0.14749999999999952
33
32
13.200000000000053
0.03174745295437709
0.058546551281343895
0.06370000000000031
34
33
13.550000000000058
0.04451129447867775
0.047779637020576526
0.0968
35
34
14.050000000000065
0.029699811177391088
0.0070916675507559646
0.011299999999999866
36
35
14.350000000000069
0.03974674569685786
0.02007709741617303
0.04445000000000032
37
36
14.750000000000075
0.041590805097160635
0.07333915524829582
0.0933499999999996
38
37
15.200000000000081
0.026393559293332203
0.023617496728003395
0.0706500000000001
39
38
15.500000000000085
0.048513256369353074
0.09688195189811566
0.1744999999999992
40
39
16.100000000000094
0.03778972252500931
0.04821568464062986
0.10644999999999971
41
40
16.5500000000001
0.020533487058107057
0.07505046583359665
0.13615000000000022
42
41
16.850000000000104
0.03333679435491265
-0.0019194175252592593
0.05505000000000049
43
42
17.25000000000011
0.013344857574349916
0.06357065391200312
0.09949999999999903
44
43
17.450000000000113
0.02644679620274634
0.02656307472685704
0.002650000000000041
45
44
17.750000000000117
0.021279795203711087
0.059146210873721294
0.12215000000000042
46
45
18.05000000000012
0.020033519611911063
0.08085919061754776
0.13869999999999916
47
46
18.350000000000126
0.019984680024006274
0.07550883039366862
0.13350000000000062
48
47
18.65000000000013
0.020082501609676763
0.08928504898656797
0.14925000000000033
49
48
18.950000000000134
0.0166902929693656
0.07333074174260368
0.12044999999999995
50
49
19.200000000000138
0.023375539499284757
0.09281926834220044
0.1623000000000001
51
50
19.550000000000143
0.025097609278586192
0.053879229790399386
0.047100000000000364
52
51
19.850000000000147
0.059456426186779696
-0.07169721461088052
-0.12475000000000058
53
52
20.450000000000156
0.08474459209597184
-0.011796969156883996
0.008700000000000152
54
53
21.300000000000168
0.06438595000421678
0.03767810307924435
0.06984999999999975
55
54
21.950000000000177
0.05964358279934721
0.03306913695104008
0.05590000000000028
56
55
22.550000000000185
0.054646501208855655
0.020537161298794793
0.03739999999999988
57
56
23.100000000000193
0.049499837152698116
0.009343237065905008
0.010449999999999626
58
57
23.6000000000002
0.03944993293122242
0.0026025985471687108
0.0017500000000003624
59
58
24.000000000000206
0.04959103739918733
-0.02335704936755345
-0.05679999999999996
60
59
24.500000000000213
0.04454171580285477
-0.042497426936557225
-0.07249999999999979
61
60
24.95000000000022
0.03964347569734735
-0.03653843766657072
-0.06555
62
61
25.350000000000225
0.03459437695579405
-0.03653386564215033
-0.06460000000000043
63
62
25.70000000000023
0.03454277790710808
-0.040778492727216786
-0.07235000000000014
64
63
26.050000000000235
0.03484115570009758
-0.05074062138344981
-0.08279999999999976
65
64
26.40000000000024
0.03943151112014947
-0.054124871750736325
-0.10380000000000056
66
65
26.800000000000246
0.044531794436495284
-0.05648554268296646
-0.10034999999999972
67
66
27.250000000000252
0.01998342512196566
0.08528440144793059
0.14309999999999956
68
67
27.550000000000257
0.05155799984421815
0.05148514602093002
0.1457000000000006
69
68
28.200000000000266
0.06678886664287413
-0.00921995172637935
-0.024550000000000516
70
69
28.900000000000276
0.07299560435882597
0.050532820991570304
0.1117000000000008
71
70
29.700000000000287
0.06771415102105484
0.02565951933062749
0.1177999999999999
72
71
30.450000000000298
0.056059160651825694
0.029998731841025972
0.13009999999999966
73
72
31.100000000000307
0.06017114442796626
0.030254667543225366
0.1283500000000002
74
73
31.800000000000317
0.0433860927418465
0.024259990067475812
0.1343500000000004
75
74
32.3500000000003
0.02849387305252841
0.068828866440243
0.06459999999999955
76
75
32.70000000000028
0.014993439669291045
0.025974235014186497
0.0671999999999997
77
76
32.90000000000027
0.016839873575142706
0.07134228754935368
0.11955000000000027
78
77
33.150000000000254
0.0169412678414467
0.06951922223525564
0.11169999999999991
79
78
33.40000000000024
0.019834679647366748
0.07956064870759416
0.13790000000000013
80
79
33.70000000000022
0.01349634142197924
0.057670993139313786
0.08725000000000005
81
80
33.90000000000021
0.020283547686438346
0.0790328649115688
0.13870000000000005
82
81
34.200000000000195
0.02009566381467656
0.0631165686002122
0.07859999999999978
83
82
34.45000000000018
0.0295498116160808
-0.015656083960203127
-0.022649999999999615
84
83
34.75000000000016
0.029797408974447267
-0.02290293370991403
-0.04535
85
84
35.050000000000146
0.024699428027680846
-0.019606099201050498
-0.026200000000000223
86
85
35.30000000000013
0.029749953095648853
0.0018953785760613684
0.0034999999999998366
87
86
35.600000000000115
0.02464942163125274
0.01166468334889803
0.022700000000000387
88
87
35.8500000000001
0.039545663069603595
0.025793587911308258
0.04889999999999972
89
88
36.25000000000008
0.024798618628076002
0.028137846773188535
0.04190000000000005
90
89
36.500000000000064
0.028143670206435566
0.03508628099947497
0.07334999999999958
91
90
36.80000000000005
0.024449371258103873
0.025559499246763373
0.03665000000000074
92
91
37.05000000000003
0.02984665626414444
0.0211451109880727
0.043699999999999406
93
92
37.350000000000016
0.006649503335696934
0.03374923438937322
0.04625000000000029
94
93
37.45000000000001
0.006699632504403617
0.03476865099915273
0.045399999999999996
95
94
37.550000000000004
0.014699991226276792
0.01775612236746546
0.017450000000000007
96
95
37.699999999999996
0.021696300899931475
0.013114578201936872
0.051449999999999996
97
96
37.94999999999998
0.016740828435355282
0.0692315424141573
0.11610000000000004
98
97
38.19999999999997
0.010048123209294395
0.0464450674632354
0.06985000000000002
99
98
38.34999999999996
0.026396459716418835
0.013420182841125061
0.05235000000000001
100
99
38.64999999999994
0.02337558977736058
0.09026831321366002
0.1597
14.0
100
38.99999999999992
0.01009852179204144
0.8163972860735684
0.8369284241340391
101
14.0
39.14999999999991
0.006799686929469457
-0.041217033107429746
-0.03189939471530412
15.0
101
39.24999999999991
0.005000000000000001
9.125438962254151e-05
9.125438962254151e-05
102
15.0
39.799999999999876
0.024749862621086503
0.26349196727776913
0.2682429745571304
17.0
102
40.04999999999986
0.006449704233002346
-0.03646956439161153
-0.045399776473896036
103
28.0
46.54999999999949
0.049599570376723544
0.0036380542148877204
0.011350712090242077
104
103
47.049999999999464
0.03979979351510256
0.006336722349295165
0.011350293528365807
105
104
47.44999999999944
0.024799103354711277
0.012591646739848361
0.02360011241454396
106
105
47.69999999999943
0.024649367750332277
0.014692395685691029
0.02270007869220869
107
106
47.94999999999941
0.0148996903281345
0.013442154733220857
0.021000034353354735
108
107
48.099999999999405
0.019699671345367785
0.016388612104366374
0.024450036446483914
109
108
48.29999999999939
0.014799817684136317
0.016591237594338892
0.022650021125989017
110
109
48.449999999999385
0.009949904797183993
0.018259056145749852
0.02270001134033217
111
110
48.54999999999938
0.009899923773376706
0.009945716325801435
0.013950009662116347
112
111
48.64999999999937
0.0009996141199674876
0.04851818062864277
0.14490001268324226
113
112
48.799999999999365
0.0045
0.1020500106647857
0.1020500106647857
114
113
48.949999999999356
0.009949965913933222
0.019877141103795015
0.02270000587729193
115
114
49.04999999999935
0.00515
0.008750002409596114
0.008750002409596114
116
115
49.09999999999935
0.009649844645822038
0.014513217865258277
0.02010000448326288
117
116
49.19999999999934
0.0097999062110871
0.009625004011697857
0.014000004011697875
118
117
49.299999999999336
0.00999983897230717
0.01787500356684646
0.023550003566846556
119
118
49.39999999999933
0.005
0.013100001498528524
0.013100001498528524
120
119
49.44999999999933
0.004600241320209148
0.012126811095965806
0.0506500028355501
121
120
49.54999999999932
0.0002
0.05325000258082335
0.09775000258082356
122
121
49.64999999999932
0.01934794647488413
0.082794897439606
0.09770000602069473
123
122
49.8999999999993
0.02939541473385529
0.03507139321576869
0.06115000601759224
124
123
50.199999999999285
0.0298935347371008
0.0401159697658926
0.06895000471324275
125
124
50.49999999999927
0.03484195717630072
0.040368491869032574
0.0715500041850099
126
125
50.84999999999925
0.044726368151610754
0.05151461856596162
0.10560000385168289
127
126
51.29999999999922
0.044340310059277514
0.04630309406653277
0.07510000259809901
128
127
51.7499999999992
0.0398992074704879
0.014034666298587961
0.02180000157164974
129
128
52.149999999999174
