0
5.5
5.5
17.19625766940286
1.5
0.000000000000000000e+00 
1
4.997596183498727
4.97264013987405
17.996257669402862
1.5
1.000000000000000000e+00 
2
4.995350987832035
4.944930200183125
17.960376793569107
1.5
2.000000000000000000e+00 
3
4.994079249396615
4.928038123455579
17.863048109891405
1.5
3.000000000000000000e+00 
4
4.993240831096288
4.915475274569276
17.821441295711995
1.5
4.000000000000000000e+00 
5
4.992502518682836
4.902309013967688
17.744059751703343
1.5
5.000000000000000000e+00 
6
4.991687650780325
4.882705852861698
17.639844910735487
1.5
6.000000000000000000e+00 
7
4.990701860810181
4.864497985563083
17.57460894691238
1.5
7.000000000000000000e+00 
8
4.98947183246303
4.825806489069256
17.428188170882198
1.5
8.000000000000000000e+00 9.500000000000000000e+01 
9
4.9897839322454205
4.801583085684719
17.305225442781065
1.5
9.000000000000000000e+00 9.600000000000000000e+01 
10
4.990324567297439
4.7790523504208196
17.456227883918448
1.5
1.000000000000000000e+01 9.700000000000000000e+01 
11
4.989647459494269
4.76962402401728
17.958687108010594
1.5
1.100000000000000000e+01 9.800000000000000000e+01 
12
4.988113448387468
4.762167452085925
18.426491055557193
1.5
1.200000000000000000e+01 9.900000000000000000e+01 
13
4.985327246383285
4.746562673009986
18.913694196765363
1.5
1.300000000000000000e+01 1.000000000000000000e+02 
14
4.978926693479422
4.728685521206357
19.57268923727785
1.5
1.400000000000000000e+01 1.010000000000000000e+02 
15
4.968673112915676
4.714933644061542
20.122454429116708
1.5
1.500000000000000000e+01 
16
4.9568080713685685
4.692704909101072
20.66151693740447
1.5
1.600000000000000000e+01 
17
4.932581928607758
4.665260077624277
20.737435541493024
1.5
1.700000000000000000e+01 
18
4.915135580783162
4.640253127899389
20.73971839497829
1.5
1.800000000000000000e+01 
19
4.892859875965424
4.622354132707013
20.898867556189494
1.5
1.900000000000000000e+01 
20
4.855226724622607
4.594268116540195
21.14153841013485
12.799999999999844
2.000000000000000000e+01 
21
4.808720630069984
4.549578476039653
21.10914006931509
9.099999999999856
2.100000000000000000e+01 
22
4.776960471266541
4.523056133871526
20.84784129456405
5.249999999999915
2.200000000000000000e+01 
23
4.748377587535187
4.490503304885257
20.45622612773629
5.749999999999913
2.300000000000000000e+01 
24
4.721689246259303
4.459094754742988
20.106808858581523
4.749999999999938
2.400000000000000000e+01 
25
4.6966934703195475
4.413528134922805
19.753595166381544
6.69999999999991
2.500000000000000000e+01 
26
4.654723115984858
4.384974808390542
19.444070835681636
5.6999999999999345
2.600000000000000000e+01 
27
4.633688430295973
4.352776669284739
19.246475112601054
7.649999999999906
2.700000000000000000e+01 
28
4.623425770833588
4.308920248603925
19.112968694585426
17.149999999999906
2.800000000000000000e+01 
29
4.605801728493335
4.259316502964359
19.539567873945124
1.5
2.900000000000000000e+01 
30
4.5882999495751235
4.239844127742778
20.16017908492532
1.5
3.000000000000000000e+01 
31
4.573096134225113
4.21825758542357
20.623515221284855
1.5
3.100000000000000000e+01 
32
4.56140882313261
4.211158088019807
20.98866180521847
1.5
3.200000000000000000e+01 
33
4.546749084866171
4.198325074202077
21.61817397468222
1.5
3.300000000000000000e+01 
34
4.527129637062986
4.193426963163704
22.04753364510562
1.5
3.400000000000000000e+01 
35
4.499658971733403
4.1742404522163055
22.53083895095584
1.5
3.500000000000000000e+01 
36
4.480486423656681
4.164231095455632
22.58683499967686
1.5
3.600000000000000000e+01 
37
4.453345360822718
4.1492672571688605
22.751390513657213
1.5
3.700000000000000000e+01 
38
4.42042193374062
4.143126410589518
23.245668772889065
1.5
3.800000000000000000e+01 
39
4.39970714384215
4.132790221351557
23.484649944141907
1.5
3.900000000000000000e+01 
40
4.357799575074128
4.129229148133461
24.384419251506902
1.5
4.000000000000000000e+01 
41
4.331942075332786
4.125487177399799
24.91684791681654
1.5
4.100000000000000000e+01 
42
4.3173404535623225
4.128664130018489
25.570437836053788
1.5
4.200000000000000000e+01 
43
4.29585240728127
4.133440871903102
25.8967128049671
1.5
4.300000000000000000e+01 
44
4.28354839282081
4.136948801191749
26.379973469997484
1.5
4.400000000000000000e+01 
45
4.2707546095047615
4.144733967454717
26.544883384717235
1.5
4.500000000000000000e+01 
46
4.2543967181151725
4.150881880465785
27.023348465727953
1.5
4.600000000000000000e+01 
47
4.244114727165645
4.159396778436026
27.709869398749603
1.5
4.700000000000000000e+01 
48
4.228300626651103
4.168592302031918
28.37942737351502
1.5
4.800000000000000000e+01 
49
4.21785610345596
4.1811856846064845
29.136674205345745
1.5
4.900000000000000000e+01 
50
4.21342072292904
4.193304511837229
29.728640723471887
1.5
5.000000000000000000e+01 
51
4.203495445493941
4.210699701847066
30.54533691870288
1.5
5.100000000000000000e+01 
52
4.193645155900006
4.226411032812444
30.944424599502135
1.5
5.200000000000000000e+01 
53
4.168249338264958
4.266373951390257
30.309399611323286
1.5
5.300000000000000000e+01 
54
4.118945138954549
4.300656276894012
30.3050528807359
1.5
5.400000000000000000e+01 
55
4.0844645659906655
4.344100828847624
30.637264329818123
1.5
5.500000000000000000e+01 
56
4.054704020436094
4.366187773582416
30.88810953543755
1.5
5.600000000000000000e+01 
57
4.0291370703098774
4.380660545292725
31.082216041354737
1.5
5.700000000000000000e+01 
58
4.005390079922149
4.399451541520806
31.14352779292682
1.5
5.800000000000000000e+01 
59
3.9847666603984955
4.416000281900854
31.168537860944507
1.5
5.900000000000000000e+01 
60
3.956137503643471
4.440907984762952
30.927451168539363
1.5
6.000000000000000000e+01 
61
3.9284073680170914
4.466254736594492
30.58531539760105
1.5
6.100000000000000000e+01 
62
3.9025257460718477
4.4892718750291305
30.26377667292291
1.5
6.200000000000000000e+01 
63
3.872508776159914
4.508032848854622
29.96929567081203
1.5
6.300000000000000000e+01 
64
3.8446354331961157
4.525904792253207
29.61459665233101
1.5
6.400000000000000000e+01 
65
3.81606910628219
4.539598916092861
29.199259442865873
1.5
6.500000000000000000e+01 
66
3.7783553245766983
4.557144715347729
28.724040351549355
1.5
6.600000000000000000e+01 
67
3.7360245699846937
4.565976688715188
28.202866770706557
1.5
6.700000000000000000e+01 
68
3.71471489236555
4.568999005883583
28.78810200476657
1.5
6.800000000000000000e+01 
69
3.667717161981763
4.58888788088233
29.520326484930802
1.5
6.900000000000000000e+01 
70
3.600154470798315
4.600652836691527
29.542580138369665
1.5
7.000000000000000000e+01 
71
3.5389964898026083
4.618694351964824
30.072642631655985
1.5
7.100000000000000000e+01 
72
3.4952263544171585
4.6483510500688485
30.552161380176287
1.5
7.200000000000000000e+01 
73
3.463137658261446
4.673030300529529
31.15649573506408
1.5
7.300000000000000000e+01 
74
3.440353752901416
4.701456106672839
31.944009915893428
1.5
7.400000000000000000e+01 
75
3.421045328028537
4.725638725502907
32.499062885976926
1.5
7.500000000000000000e+01 
76
3.413553496868942
4.737091086473378
33.010292985998355
1.5
7.600000000000000000e+01 
77
3.4071004046063287
4.746200130611355
33.184598466369145
1.5
7.700000000000000000e+01 
78
3.409017887861017
4.755151678551051
33.77997104276432
1.5
7.800000000000000000e+01 
79
3.4091302871297993
4.759215481394341
34.37378773870229
1.5
7.900000000000000000e+01 
80
3.411177318263337
4.768263105428154
0.036774966024035516
1.5
8.000000000000000000e+01 
81
3.4139966561742057
4.776081879476336
0.5065195839600758
1.5
8.100000000000000000e+01 
82
3.4186645088481296
4.782153805291227
1.1842887731343725
1.5
8.200000000000000000e+01 
83
3.426279824072453
4.794006239974849
1.6873289336499684
1.5
8.300000000000000000e+01 
84
3.4372252700449515
4.811500402394172
1.5929562204477627
1.5
8.400000000000000000e+01 
85
3.445149198722974
4.832076693273975
1.4012270768301804
1.5
8.500000000000000000e+01 
86
3.4495097438405162
4.847106267286777
1.2158407906518507
1.5
8.600000000000000000e+01 
87
3.45317255538834
4.866843306307758
1.2367450590840892
1.5
8.700000000000000000e+01 
88
3.457420161600565
4.884925314929334
1.315651434692028
1.5
8.800000000000000000e+01 
89
3.4658921566692156
4.9147775375324185
1.5417504212251965
1.5
8.900000000000000000e+01 
90
3.471053022137453
4.931350823866833
1.7577660985843533
1.5
9.000000000000000000e+01 
91
3.4779953547914637
4.949133787553209
2.0536470852655104
1.5
9.100000000000000000e+01 
92
3.484754962817613
4.964336909217793
2.2704533441230974
1.5
9.200000000000000000e+01 
93
3.495401522534906
4.986634685157054
2.4862621522335044
1.5
9.300000000000000000e+01 
94
3.498421140389973
4.992411797167485
2.642922644683472
1.5
9.400000000000000000e+01 
95
3.9820697248784613
3.9438998426485536
20.021681321984385
1.5
1.020000000000000000e+02 
96
3.913126820152617
3.796215576047139
18.633873730523995
1.5
1.030000000000000000e+02 
97
3.8967098146949226
3.7454731139737794
18.588945246634403
1.5
1.040000000000000000e+02 
98
3.88901094058161
3.7116912318827806
18.672135673141888
1.5
1.050000000000000000e+02 
99
3.8840957964274025
3.6944125073369483
18.77244975657657
1.5
1.060000000000000000e+02 
100
3.8775344208744915
3.6828689377605386
18.88595755235584
1.5
1.070000000000000000e+02 
101
3.8737975361160624
3.676162028461821
18.96244959064488
1.5
1.080000000000000000e+02 
102
3.8678206422741166
3.6677785832591745
19.076125592169646
1.5
1.090000000000000000e+02 
103
3.86331193160332
3.6581857924952246
19.183810512874306
1.5
1.100000000000000000e+02 
104
3.8596184130132096
3.6506496909173407
19.28347414412962
1.5
1.110000000000000000e+02 
105
3.855836907903271
3.6406531183555852
19.348972641335777
1.5
1.120000000000000000e+02 
106
3.8533092368423105
3.635573548449849
19.879303871512946
1.5
1.130000000000000000e+02 
107
3.8473569519071713
3.63250724358514
20.66349759545642
1.5
1.140000000000000000e+02 
108
3.8405281174177768
3.6216261075596634
20.778924889236453
1.5
1.150000000000000000e+02 
109
3.8358591067428787
3.618121182696041
20.798804080875428
1.5
1.160000000000000000e+02 
110
3.8280701374005117
3.6120331176947422
20.887318346422717
1.5
1.170000000000000000e+02 
111
3.8212007751141677
3.606824964805801
20.965950840477973
1.5
1.180000000000000000e+02 
112
3.814380287097359
3.6016467569748407
21.070777728303753
1.5
1.190000000000000000e+02 
113
3.8108061329242036
3.5985768663254305
21.124634868089473
1.5
1.200000000000000000e+02 
114
3.8046582147155226
3.591470497687112
21.261521295045103
1.5
1.210000000000000000e+02 
115
3.805160230787017
3.590024019903934
21.73324811935827
1.5
1.220000000000000000e+02 
116
3.7861801489570963
3.577393666196077
22.423836931333316
1.5
1.230000000000000000e+02 
117
3.7609212305406903
3.5591582021533057
22.700858746847654
1.5
1.240000000000000000e+02 
118
3.734454783468278
3.5458351839018816
23.04073168179542
1.5
1.250000000000000000e+02 
119
3.705515743165958
3.5282804610342025
23.394084783355037
1.5
1.260000000000000000e+02 
120
3.6578991888750085
3.509097990304692
23.891451046903185
1.5
1.270000000000000000e+02 
121
3.621874137368896
3.4954057468878688
24.287498184657323
1.5
1.280000000000000000e+02 
122
3.5771879867531196
3.4862403299438265
24.437437660872263
1.5
1.290000000000000000e+02 
-
122
122
