4.999556014772813
4.995066855497419
17.999999999999996
0
4.997262973412181
4.968962962953794
17.996210744697553
1
4.995130581381046
4.941897875059383
17.962857847075544
2
4.993892282482055
4.92559356446411
17.84759232250469
3
4.9930728047885475
4.912727137638333
17.780523761275436
4
4.992349271709792
4.898956539784938
17.725530944253197
5
4.991427114406881
4.878192672720684
17.644982359166516
6
4.990587084558022
4.859577209114702
17.553872776972973
7
4.989427315940491
4.82119878951813
17.39535830563024
8
4.9899220715700014
4.797899749999939
17.279878590833125
9
4.990086119613647
4.773096518386541
17.59864784634328
10
4.989409360535079
4.77126184899963
18.07991515798902
11
4.987248674042744
4.755743140394082
18.539753698277995
12
4.984500529334715
4.74687026024987
19.04245073972531
13
4.977669095508919
4.724027761406606
19.688620041452623
14
4.966832855806478
4.713741356320962
20.097526719596985
15
4.955276551462847
4.689727054721091
20.78172966886084
16
4.9303903860042855
4.662289935118716
20.731114785096004
17
4.912651480297943
4.6375451209795715
20.76457046805112
18
4.889626808818063
4.620370355071415
20.927353895656182
19
4.852212392024489
4.591726096436437
21.18522618162879
20
4.805039197768902
4.5468907758841155
21.085386966794765
21
4.774191764455658
4.519030441352687
20.807980553269633
22
4.745036922345883
4.487120841459539
20.414376182356087
23
4.718884115058046
4.455012323932335
20.06331793311695
24
4.694637762057954
4.4104742699559045
19.710365545497005
25
4.651691405913909
4.382554643491876
19.434395468021734
26
4.6326516531932915
4.3486529712512985
19.244512501620637
27
4.622760605687734
4.305115209490719
19.10397467163205
28
4.603342407666502
4.25732852641635
19.52031092871204
29
4.586514064074938
4.236091821634951
20.153089371197517
30
4.5711335987859885
4.217420263430002
20.73342913285738
31
4.559361597304429
4.208729280760154
20.985359699522235
32
4.544492564159566
4.197475707715396
21.74207962896477
33
4.524414802317734
4.191292479556788
22.04662480836175
34
4.4964824083110155
4.172632828962939
22.5299137722892
35
4.477079890210772
4.162552120710778
22.58494608840812
36
4.449109728733916
4.1477605105473945
22.80803830132622
37
4.416240720322822
4.141269447012696
23.253559256079157
38
4.398180879558161
4.131428793359817
23.614925654939785
39
4.357359150831413
4.128250594427683
24.48373648368001
40
4.3269159820664935
4.126959380201848
25.023279458848414
41
4.31618233663797
4.129342504374834
25.70380778243287
42
4.291419380304942
4.134783896870397
25.98700390138491
43
4.283155729285055
4.138051132957646
26.487618895719425
44
4.268554394401992
4.145665261785746
26.48662066956892
45
4.250466404538828
4.152558860284248
27.126180371223356
46
4.241992725620781
4.1613506262472955
27.819614182423138
47
4.227671381128566
4.170946567485908
28.487562622520517
48
4.216533424529531
4.182772375746287
29.242949514376143
49
4.211841215113941
4.196256052835506
29.85001079307517
50
4.202960952259261
4.213969394877975
30.66291943128897
51
4.190548378168513
4.2283808115720065
30.887476811332274
52
4.1663165009178265
4.268940487379581
30.282220659378922
53
4.11609326991769
4.303487996947477
30.31725904326556
54
4.081751985274735
4.346832177727219
30.65781126434762
55
4.052485927641878
4.3673764291010695
30.923559544516813
56
4.027007887153095
4.382272517546014
31.093256108386505
57
4.002907950559306
4.40141777208747
31.144045323111822
58
3.9820397717007463
4.4182191315312735
31.1548039185814
59
3.952831286237508
4.443600337208889
30.884747731470444
60
3.9255529291184112
4.4690808929810695
30.535106509970717
61
3.8988314408213336
4.491853140780168
30.21709913183232
62
3.868317013247041
4.510720177548248
29.908207505220123
63
3.841319401887783
4.527560165173843
29.559071701957592
64
3.810861518910526
4.542328482099752
29.153125811766504
65
3.7742112601424234
4.558151866956072
28.64716034346437
66
3.7315191185055543
4.567070006061012
28.15733851636463
67
3.71005554915118
4.569762461277086
28.9009152260067
68
3.66431852155939
4.589565214891078
29.636139515451987
69
3.5940451680970176
4.60027828063539
29.502196303589642
70
3.5358708436867072
4.621101050496354
30.05752336083568
71
3.4933907513589633
4.648202676730377
30.657817291850275
72
3.4616963828621623
4.674569695338408
31.29968321000351
73
3.436423047099268
4.704781438767364
31.935844166434826
74
3.4209274438368533
4.7280930639553675
32.62867433463845
75
3.4114842067688667
4.740447401030898
32.93693170498289
76
3.4077613095832513
4.746822193829437
33.30073501985531
77
3.4094984242619484
4.754272545397633
33.90514690036904
78
3.4092473241306704
4.762903738860265
34.464012313049885
79
3.410699333291518
4.769594462813289
0.16226627263368942
80
3.4146406765819126
4.7791679238635645
0.5964883179314475
81
3.420342998286208
4.782152497590811
1.2970983261378484
82
3.4285464550504
4.796240019702562
1.676799753377416
83
3.438557182822855
4.814622831292322
1.5655035069671999
84
3.446655968928206
4.835262860181489
1.3386715225903338
85
3.449967130378141
4.850163438603327
1.2189263134345794
86
3.453911152454878
4.870256763300004
1.2368825670736205
87
3.458389330167507
4.88839718755925
1.3502490128955618
88
3.466731273497394
4.918552585604704
1.58551306258195
89
3.4719984325072346
4.93465606040865
1.7863506698661427
90
3.478774304106228
4.9509851086258845
2.1463842128985946
91
3.4866368451230105
4.968069587888141
2.3170655737873362
92
3.4971865670813678
4.990211771118822
2.5284648033195003
93
3.499608775477566
4.994756427525513
2.765326009188407
94
3.502549078293441
4.9991928620125226
2.9909099538762183
8
3.509277095179706
5.00972020473967
3.064023235446636
9
3.5194572106632043
5.025583724731312
3.33252559223712
10
3.527101371598107
5.037126928200918
3.9105729395917104
11
3.533895089387128
5.046405132031997
4.268387322631252
12
3.547088151723437
5.062015580408283
4.528755395208093
13
3.56248927951519
5.084313679018414
5.664516773617822
14
3.9802566174827465
3.94078226779241
19.981270897072633
95
3.910510076683508
3.7906972198020146
18.539726100174704
96
3.8955603423912786
3.7409630857516314
18.614058719589337
97
3.8881498653703144
3.708117890000194
18.66960212793041
98
3.8825730674522614
3.692110765196814
18.786759811511097
99
3.876173820630778
3.6806193547313804
18.89155683294708
100
3.8723369990778655
3.67442122890455
18.99337122308137
101
3.8664121141018493
3.66489514682711
19.105807810797742
102
3.8616495079245468
3.6546092754762105
19.2117684435443
103
3.85733498093553
3.645497730280887
19.32243088143013
104
3.854235747250968
3.6365259616536045
19.387064270076237
105
3.8482699611027575
3.636398330626143
20.16290691935931
106
3.844109423036591
3.6267312030480303
20.690036485026255
107
3.8358591067428787
3.618121182696041
20.798804080875428
108
3.8316339025038406
3.6147540351954826
20.844198552295694
109
3.824800226682436
3.609410142344613
20.944762536705973
110
3.8178894262193896
3.6044328041659632
21.009834838232074
111
3.8108061329242036
3.5985768663254305
21.124634868089473
112
3.807716338015741
3.5954324050829074
21.188341606671102
113
3.804711391014542
3.5910298978391753
21.450611400838067
114
3.802065809001957
3.5888914442178503
21.967384226380183
115
3.782498114675807
3.5744070243797044
22.460221017905024
116
3.7562530781466545
3.556328878294009
22.76319940780609
117
3.7302402193960065
3.5439200226776864
23.09574981376762
118
3.699253702524131
3.525850796503047
23.439890801849664
119
3.6538648569127137
3.507461918319705
23.959791334277895
120
3.6169016515235484
3.4942352867574105
24.31726339009964
121
3.5710126914704974
3.4854182636406614
24.43653038720955
122
-
129
0
